issue_timestamp_utc,target_timestamp_utc,forecast_horizon_minutes,generation_snapshot_published_at_utc,generation_source_available_flag,generation_snapshot_age_hours,transmission_snapshot_published_at_utc,transmission_source_available_flag,transmission_snapshot_age_hours,ecp_snapshot_published_at_utc,ecp_source_available_flag,ecp_snapshot_age_hours,generation_planned_unavailable_mw,generation_forced_unavailable_mw,generation_derated_unavailable_mw,generation_total_unavailable_mw,generation_active_outage_count,generation_active_planned_count,generation_active_forced_count,generation_largest_unavailable_unit_mw,generation_hours_to_next_outage_start,generation_hours_to_first_active_outage_end,transmission_active_outage_count,transmission_active_scheduled_count,transmission_voltage_weighted_pressure,transmission_largest_voltage_kv,transmission_hours_to_next_outage_start,transmission_hours_to_first_active_outage_end,transmission_active_outage_count_area_south_west,transmission_active_outage_count_south_east,transmission_active_outage_count_north_west,transmission_active_outage_count_north_east,transmission_active_outage_count_dublin,transmission_active_outage_count_cork,ecp_constraint_pressure_weighted_ratio,ecp_constraint_peak_group_ratio,ecp_area_a_constraint_pressure_ratio,ecp_area_b_constraint_pressure_ratio,ecp_area_c_constraint_pressure_ratio,ecp_area_d_constraint_pressure_ratio,ecp_area_e_constraint_pressure_ratio,ecp_area_f_constraint_pressure_ratio,ecp_area_g_constraint_pressure_ratio,ecp_area_h1_constraint_pressure_ratio,ecp_area_h2_constraint_pressure_ratio,ecp_area_i_constraint_pressure_ratio,ecp_area_j_constraint_pressure_ratio,ecp_area_k_constraint_pressure_ratio,ecp_area_a_installed_mw,ecp_area_b_installed_mw,ecp_area_c_installed_mw,ecp_area_d_installed_mw,ecp_area_e_installed_mw,ecp_area_f_installed_mw,ecp_area_g_installed_mw,ecp_area_h1_installed_mw,ecp_area_h2_installed_mw,ecp_area_i_installed_mw,ecp_area_j_installed_mw,ecp_area_k_installed_mw,generation_outage_missing_flag,transmission_outage_missing_flag,ecp_constraint_missing_flag
2026-01-02T00:00:00Z,2026-01-02T00:30:00Z,30,2025-12-17T14:07:59Z,1,369.86694444444447,,0,,,0,,23.0,0.0,0.0,23.0,1,1,0,23.0,226.0,6263.0,,,,,,,,,,,,,,,,,,,,,,,,,,,,,,,,,,,,,,,0,1,1
2026-01-02T00:00:00Z,2026-01-02T01:00:00Z,60,2025-12-17T14:07:59Z,1,369.86694444444447,,0,,,0,,23.0,0.0,0.0,23.0,1,1,0,23.0,226.0,6263.0,,,,,,,,,,,,,,,,,,,,,,,,,,,,,,,,,,,,,,,0,1,1
2026-01-02T00:30:00Z,2026-01-02T01:00:00Z,30,2025-12-17T14:07:59Z,1,370.36694444444447,,0,,,0,,23.0,0.0,0.0,23.0,1,1,0,23.0,225.5,6262.5,,,,,,,,,,,,,,,,,,,,,,,,,,,,,,,,,,,,,,,0,1,1
2026-01-02T00:30:00Z,2026-01-02T01:30:00Z,60,2025-12-17T14:07:59Z,1,370.36694444444447,,0,,,0,,23.0,0.0,0.0,23.0,1,1,0,23.0,225.5,6262.5,,,,,,,,,,,,,,,,,,,,,,,,,,,,,,,,,,,,,,,0,1,1
2026-01-02T01:00:00Z,2026-01-02T01:30:00Z,30,2025-12-17T14:07:59Z,1,370.86694444444447,,0,,,0,,23.0,0.0,0.0,23.0,1,1,0,23.0,225.0,6262.0,,,,,,,,,,,,,,,,,,,,,,,,,,,,,,,,,,,,,,,0,1,1
2026-01-02T01:00:00Z,2026-01-02T02:00:00Z,60,2025-12-17T14:07:59Z,1,370.86694444444447,,0,,,0,,23.0,0.0,0.0,23.0,1,1,0,23.0,225.0,6262.0,,,,,,,,,,,,,,,,,,,,,,,,,,,,,,,,,,,,,,,0,1,1
2026-01-02T01:30:00Z,2026-01-02T02:00:00Z,30,2025-12-17T14:07:59Z,1,371.36694444444447,,0,,,0,,23.0,0.0,0.0,23.0,1,1,0,23.0,224.5,6261.5,,,,,,,,,,,,,,,,,,,,,,,,,,,,,,,,,,,,,,,0,1,1
2026-01-02T01:30:00Z,2026-01-02T02:30:00Z,60,2025-12-17T14:07:59Z,1,371.36694444444447,,0,,,0,,23.0,0.0,0.0,23.0,1,1,0,23.0,224.5,6261.5,,,,,,,,,,,,,,,,,,,,,,,,,,,,,,,,,,,,,,,0,1,1
2026-01-02T02:00:00Z,2026-01-02T02:30:00Z,30,2025-12-17T14:07:59Z,1,371.86694444444447,,0,,,0,,23.0,0.0,0.0,23.0,1,1,0,23.0,224.0,6261.0,,,,,,,,,,,,,,,,,,,,,,,,,,,,,,,,,,,,,,,0,1,1
2026-01-02T02:00:00Z,2026-01-02T03:00:00Z,60,2025-12-17T14:07:59Z,1,371.86694444444447,,0,,,0,,23.0,0.0,0.0,23.0,1,1,0,23.0,224.0,6261.0,,,,,,,,,,,,,,,,,,,,,,,,,,,,,,,,,,,,,,,0,1,1
2026-01-02T02:30:00Z,2026-01-02T03:00:00Z,30,2025-12-17T14:07:59Z,1,372.36694444444447,,0,,,0,,23.0,0.0,0.0,23.0,1,1,0,23.0,223.5,6260.5,,,,,,,,,,,,,,,,,,,,,,,,,,,,,,,,,,,,,,,0,1,1
2026-01-02T02:30:00Z,2026-01-02T03:30:00Z,60,2025-12-17T14:07:59Z,1,372.36694444444447,,0,,,0,,23.0,0.0,0.0,23.0,1,1,0,23.0,223.5,6260.5,,,,,,,,,,,,,,,,,,,,,,,,,,,,,,,,,,,,,,,0,1,1
2026-01-02T03:00:00Z,2026-01-02T03:30:00Z,30,2025-12-17T14:07:59Z,1,372.86694444444447,,0,,,0,,23.0,0.0,0.0,23.0,1,1,0,23.0,223.0,6260.0,,,,,,,,,,,,,,,,,,,,,,,,,,,,,,,,,,,,,,,0,1,1
2026-01-02T03:00:00Z,2026-01-02T04:00:00Z,60,2025-12-17T14:07:59Z,1,372.86694444444447,,0,,,0,,23.0,0.0,0.0,23.0,1,1,0,23.0,223.0,6260.0,,,,,,,,,,,,,,,,,,,,,,,,,,,,,,,,,,,,,,,0,1,1
2026-01-02T03:30:00Z,2026-01-02T04:00:00Z,30,2025-12-17T14:07:59Z,1,373.36694444444447,,0,,,0,,23.0,0.0,0.0,23.0,1,1,0,23.0,222.5,6259.5,,,,,,,,,,,,,,,,,,,,,,,,,,,,,,,,,,,,,,,0,1,1
2026-01-02T03:30:00Z,2026-01-02T04:30:00Z,60,2025-12-17T14:07:59Z,1,373.36694444444447,,0,,,0,,23.0,0.0,0.0,23.0,1,1,0,23.0,222.5,6259.5,,,,,,,,,,,,,,,,,,,,,,,,,,,,,,,,,,,,,,,0,1,1
2026-01-02T04:00:00Z,2026-01-02T04:30:00Z,30,2025-12-17T14:07:59Z,1,373.86694444444447,,0,,,0,,23.0,0.0,0.0,23.0,1,1,0,23.0,222.0,6259.0,,,,,,,,,,,,,,,,,,,,,,,,,,,,,,,,,,,,,,,0,1,1
2026-01-02T04:00:00Z,2026-01-02T05:00:00Z,60,2025-12-17T14:07:59Z,1,373.86694444444447,,0,,,0,,23.0,0.0,0.0,23.0,1,1,0,23.0,222.0,6259.0,,,,,,,,,,,,,,,,,,,,,,,,,,,,,,,,,,,,,,,0,1,1
2026-01-02T04:30:00Z,2026-01-02T05:00:00Z,30,2025-12-17T14:07:59Z,1,374.36694444444447,,0,,,0,,23.0,0.0,0.0,23.0,1,1,0,23.0,221.5,6258.5,,,,,,,,,,,,,,,,,,,,,,,,,,,,,,,,,,,,,,,0,1,1
2026-01-02T04:30:00Z,2026-01-02T05:30:00Z,60,2025-12-17T14:07:59Z,1,374.36694444444447,,0,,,0,,23.0,0.0,0.0,23.0,1,1,0,23.0,221.5,6258.5,,,,,,,,,,,,,,,,,,,,,,,,,,,,,,,,,,,,,,,0,1,1
2026-01-02T05:00:00Z,2026-01-02T05:30:00Z,30,2025-12-17T14:07:59Z,1,374.86694444444447,,0,,,0,,23.0,0.0,0.0,23.0,1,1,0,23.0,221.0,6258.0,,,,,,,,,,,,,,,,,,,,,,,,,,,,,,,,,,,,,,,0,1,1
2026-01-02T05:00:00Z,2026-01-02T06:00:00Z,60,2025-12-17T14:07:59Z,1,374.86694444444447,,0,,,0,,23.0,0.0,0.0,23.0,1,1,0,23.0,221.0,6258.0,,,,,,,,,,,,,,,,,,,,,,,,,,,,,,,,,,,,,,,0,1,1
2026-01-02T05:30:00Z,2026-01-02T06:00:00Z,30,2025-12-17T14:07:59Z,1,375.36694444444447,,0,,,0,,23.0,0.0,0.0,23.0,1,1,0,23.0,220.5,6257.5,,,,,,,,,,,,,,,,,,,,,,,,,,,,,,,,,,,,,,,0,1,1
2026-01-02T05:30:00Z,2026-01-02T06:30:00Z,60,2025-12-17T14:07:59Z,1,375.36694444444447,,0,,,0,,23.0,0.0,0.0,23.0,1,1,0,23.0,220.5,6257.5,,,,,,,,,,,,,,,,,,,,,,,,,,,,,,,,,,,,,,,0,1,1
2026-01-02T06:00:00Z,2026-01-02T06:30:00Z,30,2025-12-17T14:07:59Z,1,375.86694444444447,,0,,,0,,23.0,0.0,0.0,23.0,1,1,0,23.0,220.0,6257.0,,,,,,,,,,,,,,,,,,,,,,,,,,,,,,,,,,,,,,,0,1,1
2026-01-02T06:00:00Z,2026-01-02T07:00:00Z,60,2025-12-17T14:07:59Z,1,375.86694444444447,,0,,,0,,23.0,0.0,0.0,23.0,1,1,0,23.0,220.0,6257.0,,,,,,,,,,,,,,,,,,,,,,,,,,,,,,,,,,,,,,,0,1,1
2026-01-02T06:30:00Z,2026-01-02T07:00:00Z,30,2025-12-17T14:07:59Z,1,376.36694444444447,,0,,,0,,23.0,0.0,0.0,23.0,1,1,0,23.0,219.5,6256.5,,,,,,,,,,,,,,,,,,,,,,,,,,,,,,,,,,,,,,,0,1,1
2026-01-02T06:30:00Z,2026-01-02T07:30:00Z,60,2025-12-17T14:07:59Z,1,376.36694444444447,,0,,,0,,23.0,0.0,0.0,23.0,1,1,0,23.0,219.5,6256.5,,,,,,,,,,,,,,,,,,,,,,,,,,,,,,,,,,,,,,,0,1,1
2026-01-02T07:00:00Z,2026-01-02T07:30:00Z,30,2025-12-17T14:07:59Z,1,376.86694444444447,,0,,,0,,23.0,0.0,0.0,23.0,1,1,0,23.0,219.0,6256.0,,,,,,,,,,,,,,,,,,,,,,,,,,,,,,,,,,,,,,,0,1,1
2026-01-02T07:00:00Z,2026-01-02T08:00:00Z,60,2025-12-17T14:07:59Z,1,376.86694444444447,,0,,,0,,23.0,0.0,0.0,23.0,1,1,0,23.0,219.0,6256.0,,,,,,,,,,,,,,,,,,,,,,,,,,,,,,,,,,,,,,,0,1,1
2026-01-02T07:30:00Z,2026-01-02T08:00:00Z,30,2025-12-17T14:07:59Z,1,377.36694444444447,,0,,,0,,23.0,0.0,0.0,23.0,1,1,0,23.0,218.5,6255.5,,,,,,,,,,,,,,,,,,,,,,,,,,,,,,,,,,,,,,,0,1,1
2026-01-02T07:30:00Z,2026-01-02T08:30:00Z,60,2025-12-17T14:07:59Z,1,377.36694444444447,,0,,,0,,23.0,0.0,0.0,23.0,1,1,0,23.0,218.5,6255.5,,,,,,,,,,,,,,,,,,,,,,,,,,,,,,,,,,,,,,,0,1,1
2026-01-02T08:00:00Z,2026-01-02T08:30:00Z,30,2025-12-17T14:07:59Z,1,377.86694444444447,,0,,,0,,23.0,0.0,0.0,23.0,1,1,0,23.0,218.0,6255.0,,,,,,,,,,,,,,,,,,,,,,,,,,,,,,,,,,,,,,,0,1,1
2026-01-02T08:00:00Z,2026-01-02T09:00:00Z,60,2025-12-17T14:07:59Z,1,377.86694444444447,,0,,,0,,23.0,0.0,0.0,23.0,1,1,0,23.0,218.0,6255.0,,,,,,,,,,,,,,,,,,,,,,,,,,,,,,,,,,,,,,,0,1,1
2026-01-02T08:30:00Z,2026-01-02T09:00:00Z,30,2025-12-17T14:07:59Z,1,378.36694444444447,,0,,,0,,23.0,0.0,0.0,23.0,1,1,0,23.0,217.5,6254.5,,,,,,,,,,,,,,,,,,,,,,,,,,,,,,,,,,,,,,,0,1,1
2026-01-02T08:30:00Z,2026-01-02T09:30:00Z,60,2025-12-17T14:07:59Z,1,378.36694444444447,,0,,,0,,23.0,0.0,0.0,23.0,1,1,0,23.0,217.5,6254.5,,,,,,,,,,,,,,,,,,,,,,,,,,,,,,,,,,,,,,,0,1,1
2026-01-02T09:00:00Z,2026-01-02T09:30:00Z,30,2025-12-17T14:07:59Z,1,378.86694444444447,,0,,,0,,23.0,0.0,0.0,23.0,1,1,0,23.0,217.0,6254.0,,,,,,,,,,,,,,,,,,,,,,,,,,,,,,,,,,,,,,,0,1,1
2026-01-02T09:00:00Z,2026-01-02T10:00:00Z,60,2025-12-17T14:07:59Z,1,378.86694444444447,,0,,,0,,23.0,0.0,0.0,23.0,1,1,0,23.0,217.0,6254.0,,,,,,,,,,,,,,,,,,,,,,,,,,,,,,,,,,,,,,,0,1,1
2026-01-02T09:30:00Z,2026-01-02T10:00:00Z,30,2025-12-17T14:07:59Z,1,379.36694444444447,,0,,,0,,23.0,0.0,0.0,23.0,1,1,0,23.0,216.5,6253.5,,,,,,,,,,,,,,,,,,,,,,,,,,,,,,,,,,,,,,,0,1,1
2026-01-02T09:30:00Z,2026-01-02T10:30:00Z,60,2025-12-17T14:07:59Z,1,379.36694444444447,,0,,,0,,23.0,0.0,0.0,23.0,1,1,0,23.0,216.5,6253.5,,,,,,,,,,,,,,,,,,,,,,,,,,,,,,,,,,,,,,,0,1,1
2026-01-02T10:00:00Z,2026-01-02T10:30:00Z,30,2025-12-17T14:07:59Z,1,379.86694444444447,,0,,,0,,23.0,0.0,0.0,23.0,1,1,0,23.0,216.0,6253.0,,,,,,,,,,,,,,,,,,,,,,,,,,,,,,,,,,,,,,,0,1,1
2026-01-02T10:00:00Z,2026-01-02T11:00:00Z,60,2025-12-17T14:07:59Z,1,379.86694444444447,,0,,,0,,23.0,0.0,0.0,23.0,1,1,0,23.0,216.0,6253.0,,,,,,,,,,,,,,,,,,,,,,,,,,,,,,,,,,,,,,,0,1,1
2026-01-02T10:30:00Z,2026-01-02T11:00:00Z,30,2025-12-17T14:07:59Z,1,380.36694444444447,,0,,,0,,23.0,0.0,0.0,23.0,1,1,0,23.0,215.5,6252.5,,,,,,,,,,,,,,,,,,,,,,,,,,,,,,,,,,,,,,,0,1,1
2026-01-02T10:30:00Z,2026-01-02T11:30:00Z,60,2025-12-17T14:07:59Z,1,380.36694444444447,,0,,,0,,23.0,0.0,0.0,23.0,1,1,0,23.0,215.5,6252.5,,,,,,,,,,,,,,,,,,,,,,,,,,,,,,,,,,,,,,,0,1,1
2026-01-02T11:00:00Z,2026-01-02T11:30:00Z,30,2025-12-17T14:07:59Z,1,380.86694444444447,,0,,,0,,23.0,0.0,0.0,23.0,1,1,0,23.0,215.0,6252.0,,,,,,,,,,,,,,,,,,,,,,,,,,,,,,,,,,,,,,,0,1,1
2026-01-02T11:00:00Z,2026-01-02T12:00:00Z,60,2025-12-17T14:07:59Z,1,380.86694444444447,,0,,,0,,23.0,0.0,0.0,23.0,1,1,0,23.0,215.0,6252.0,,,,,,,,,,,,,,,,,,,,,,,,,,,,,,,,,,,,,,,0,1,1
2026-01-02T11:30:00Z,2026-01-02T12:00:00Z,30,2025-12-17T14:07:59Z,1,381.36694444444447,,0,,,0,,23.0,0.0,0.0,23.0,1,1,0,23.0,214.5,6251.5,,,,,,,,,,,,,,,,,,,,,,,,,,,,,,,,,,,,,,,0,1,1
2026-01-02T11:30:00Z,2026-01-02T12:30:00Z,60,2025-12-17T14:07:59Z,1,381.36694444444447,,0,,,0,,23.0,0.0,0.0,23.0,1,1,0,23.0,214.5,6251.5,,,,,,,,,,,,,,,,,,,,,,,,,,,,,,,,,,,,,,,0,1,1
2026-01-02T12:00:00Z,2026-01-02T12:30:00Z,30,2025-12-17T14:07:59Z,1,381.86694444444447,,0,,,0,,23.0,0.0,0.0,23.0,1,1,0,23.0,214.0,6251.0,,,,,,,,,,,,,,,,,,,,,,,,,,,,,,,,,,,,,,,0,1,1
2026-01-02T12:00:00Z,2026-01-02T13:00:00Z,60,2025-12-17T14:07:59Z,1,381.86694444444447,,0,,,0,,23.0,0.0,0.0,23.0,1,1,0,23.0,214.0,6251.0,,,,,,,,,,,,,,,,,,,,,,,,,,,,,,,,,,,,,,,0,1,1
2026-01-02T12:30:00Z,2026-01-02T13:00:00Z,30,2025-12-17T14:07:59Z,1,382.36694444444447,,0,,,0,,23.0,0.0,0.0,23.0,1,1,0,23.0,213.5,6250.5,,,,,,,,,,,,,,,,,,,,,,,,,,,,,,,,,,,,,,,0,1,1
2026-01-02T12:30:00Z,2026-01-02T13:30:00Z,60,2025-12-17T14:07:59Z,1,382.36694444444447,,0,,,0,,23.0,0.0,0.0,23.0,1,1,0,23.0,213.5,6250.5,,,,,,,,,,,,,,,,,,,,,,,,,,,,,,,,,,,,,,,0,1,1
2026-01-02T13:00:00Z,2026-01-02T13:30:00Z,30,2025-12-17T14:07:59Z,1,382.86694444444447,,0,,,0,,23.0,0.0,0.0,23.0,1,1,0,23.0,213.0,6250.0,,,,,,,,,,,,,,,,,,,,,,,,,,,,,,,,,,,,,,,0,1,1
2026-01-02T13:00:00Z,2026-01-02T14:00:00Z,60,2025-12-17T14:07:59Z,1,382.86694444444447,,0,,,0,,23.0,0.0,0.0,23.0,1,1,0,23.0,213.0,6250.0,,,,,,,,,,,,,,,,,,,,,,,,,,,,,,,,,,,,,,,0,1,1
2026-01-02T13:30:00Z,2026-01-02T14:00:00Z,30,2025-12-17T14:07:59Z,1,383.36694444444447,,0,,,0,,23.0,0.0,0.0,23.0,1,1,0,23.0,212.5,6249.5,,,,,,,,,,,,,,,,,,,,,,,,,,,,,,,,,,,,,,,0,1,1
2026-01-02T13:30:00Z,2026-01-02T14:30:00Z,60,2025-12-17T14:07:59Z,1,383.36694444444447,,0,,,0,,23.0,0.0,0.0,23.0,1,1,0,23.0,212.5,6249.5,,,,,,,,,,,,,,,,,,,,,,,,,,,,,,,,,,,,,,,0,1,1
2026-01-02T14:00:00Z,2026-01-02T14:30:00Z,30,2025-12-17T14:07:59Z,1,383.86694444444447,,0,,,0,,23.0,0.0,0.0,23.0,1,1,0,23.0,212.0,6249.0,,,,,,,,,,,,,,,,,,,,,,,,,,,,,,,,,,,,,,,0,1,1
2026-01-02T14:00:00Z,2026-01-02T15:00:00Z,60,2025-12-17T14:07:59Z,1,383.86694444444447,,0,,,0,,23.0,0.0,0.0,23.0,1,1,0,23.0,212.0,6249.0,,,,,,,,,,,,,,,,,,,,,,,,,,,,,,,,,,,,,,,0,1,1
2026-01-02T14:30:00Z,2026-01-02T15:00:00Z,30,2025-12-17T14:07:59Z,1,384.36694444444447,,0,,,0,,23.0,0.0,0.0,23.0,1,1,0,23.0,211.5,6248.5,,,,,,,,,,,,,,,,,,,,,,,,,,,,,,,,,,,,,,,0,1,1
2026-01-02T14:30:00Z,2026-01-02T15:30:00Z,60,2025-12-17T14:07:59Z,1,384.36694444444447,,0,,,0,,23.0,0.0,0.0,23.0,1,1,0,23.0,211.5,6248.5,,,,,,,,,,,,,,,,,,,,,,,,,,,,,,,,,,,,,,,0,1,1
2026-01-02T15:00:00Z,2026-01-02T15:30:00Z,30,2025-12-17T14:07:59Z,1,384.86694444444447,,0,,,0,,23.0,0.0,0.0,23.0,1,1,0,23.0,211.0,6248.0,,,,,,,,,,,,,,,,,,,,,,,,,,,,,,,,,,,,,,,0,1,1
2026-01-02T15:00:00Z,2026-01-02T16:00:00Z,60,2025-12-17T14:07:59Z,1,384.86694444444447,,0,,,0,,23.0,0.0,0.0,23.0,1,1,0,23.0,211.0,6248.0,,,,,,,,,,,,,,,,,,,,,,,,,,,,,,,,,,,,,,,0,1,1
2026-01-02T15:30:00Z,2026-01-02T16:00:00Z,30,2025-12-17T14:07:59Z,1,385.36694444444447,,0,,,0,,23.0,0.0,0.0,23.0,1,1,0,23.0,210.5,6247.5,,,,,,,,,,,,,,,,,,,,,,,,,,,,,,,,,,,,,,,0,1,1
2026-01-02T15:30:00Z,2026-01-02T16:30:00Z,60,2025-12-17T14:07:59Z,1,385.36694444444447,,0,,,0,,23.0,0.0,0.0,23.0,1,1,0,23.0,210.5,6247.5,,,,,,,,,,,,,,,,,,,,,,,,,,,,,,,,,,,,,,,0,1,1
2026-01-02T16:00:00Z,2026-01-02T16:30:00Z,30,2025-12-17T14:07:59Z,1,385.86694444444447,,0,,,0,,23.0,0.0,0.0,23.0,1,1,0,23.0,210.0,6247.0,,,,,,,,,,,,,,,,,,,,,,,,,,,,,,,,,,,,,,,0,1,1
2026-01-02T16:00:00Z,2026-01-02T17:00:00Z,60,2025-12-17T14:07:59Z,1,385.86694444444447,,0,,,0,,23.0,0.0,0.0,23.0,1,1,0,23.0,210.0,6247.0,,,,,,,,,,,,,,,,,,,,,,,,,,,,,,,,,,,,,,,0,1,1
2026-01-02T16:30:00Z,2026-01-02T17:00:00Z,30,2025-12-17T14:07:59Z,1,386.36694444444447,,0,,,0,,23.0,0.0,0.0,23.0,1,1,0,23.0,209.5,6246.5,,,,,,,,,,,,,,,,,,,,,,,,,,,,,,,,,,,,,,,0,1,1
2026-01-02T16:30:00Z,2026-01-02T17:30:00Z,60,2025-12-17T14:07:59Z,1,386.36694444444447,,0,,,0,,23.0,0.0,0.0,23.0,1,1,0,23.0,209.5,6246.5,,,,,,,,,,,,,,,,,,,,,,,,,,,,,,,,,,,,,,,0,1,1
2026-01-02T17:00:00Z,2026-01-02T17:30:00Z,30,2025-12-17T14:07:59Z,1,386.86694444444447,,0,,,0,,23.0,0.0,0.0,23.0,1,1,0,23.0,209.0,6246.0,,,,,,,,,,,,,,,,,,,,,,,,,,,,,,,,,,,,,,,0,1,1
2026-01-02T17:00:00Z,2026-01-02T18:00:00Z,60,2025-12-17T14:07:59Z,1,386.86694444444447,,0,,,0,,23.0,0.0,0.0,23.0,1,1,0,23.0,209.0,6246.0,,,,,,,,,,,,,,,,,,,,,,,,,,,,,,,,,,,,,,,0,1,1
2026-01-02T17:30:00Z,2026-01-02T18:00:00Z,30,2025-12-17T14:07:59Z,1,387.36694444444447,,0,,,0,,23.0,0.0,0.0,23.0,1,1,0,23.0,208.5,6245.5,,,,,,,,,,,,,,,,,,,,,,,,,,,,,,,,,,,,,,,0,1,1
2026-01-02T17:30:00Z,2026-01-02T18:30:00Z,60,2025-12-17T14:07:59Z,1,387.36694444444447,,0,,,0,,23.0,0.0,0.0,23.0,1,1,0,23.0,208.5,6245.5,,,,,,,,,,,,,,,,,,,,,,,,,,,,,,,,,,,,,,,0,1,1
2026-01-02T18:00:00Z,2026-01-02T18:30:00Z,30,2025-12-17T14:07:59Z,1,387.86694444444447,,0,,,0,,23.0,0.0,0.0,23.0,1,1,0,23.0,208.0,6245.0,,,,,,,,,,,,,,,,,,,,,,,,,,,,,,,,,,,,,,,0,1,1
2026-01-02T18:00:00Z,2026-01-02T19:00:00Z,60,2025-12-17T14:07:59Z,1,387.86694444444447,,0,,,0,,23.0,0.0,0.0,23.0,1,1,0,23.0,208.0,6245.0,,,,,,,,,,,,,,,,,,,,,,,,,,,,,,,,,,,,,,,0,1,1
2026-01-02T18:30:00Z,2026-01-02T19:00:00Z,30,2025-12-17T14:07:59Z,1,388.36694444444447,,0,,,0,,23.0,0.0,0.0,23.0,1,1,0,23.0,207.5,6244.5,,,,,,,,,,,,,,,,,,,,,,,,,,,,,,,,,,,,,,,0,1,1
2026-01-02T18:30:00Z,2026-01-02T19:30:00Z,60,2025-12-17T14:07:59Z,1,388.36694444444447,,0,,,0,,23.0,0.0,0.0,23.0,1,1,0,23.0,207.5,6244.5,,,,,,,,,,,,,,,,,,,,,,,,,,,,,,,,,,,,,,,0,1,1
2026-01-02T19:00:00Z,2026-01-02T19:30:00Z,30,2025-12-17T14:07:59Z,1,388.86694444444447,,0,,,0,,23.0,0.0,0.0,23.0,1,1,0,23.0,207.0,6244.0,,,,,,,,,,,,,,,,,,,,,,,,,,,,,,,,,,,,,,,0,1,1
2026-01-02T19:00:00Z,2026-01-02T20:00:00Z,60,2025-12-17T14:07:59Z,1,388.86694444444447,,0,,,0,,23.0,0.0,0.0,23.0,1,1,0,23.0,207.0,6244.0,,,,,,,,,,,,,,,,,,,,,,,,,,,,,,,,,,,,,,,0,1,1
2026-01-02T19:30:00Z,2026-01-02T20:00:00Z,30,2025-12-17T14:07:59Z,1,389.36694444444447,,0,,,0,,23.0,0.0,0.0,23.0,1,1,0,23.0,206.5,6243.5,,,,,,,,,,,,,,,,,,,,,,,,,,,,,,,,,,,,,,,0,1,1
2026-01-02T19:30:00Z,2026-01-02T20:30:00Z,60,2025-12-17T14:07:59Z,1,389.36694444444447,,0,,,0,,23.0,0.0,0.0,23.0,1,1,0,23.0,206.5,6243.5,,,,,,,,,,,,,,,,,,,,,,,,,,,,,,,,,,,,,,,0,1,1
2026-01-02T20:00:00Z,2026-01-02T20:30:00Z,30,2025-12-17T14:07:59Z,1,389.86694444444447,,0,,,0,,23.0,0.0,0.0,23.0,1,1,0,23.0,206.0,6243.0,,,,,,,,,,,,,,,,,,,,,,,,,,,,,,,,,,,,,,,0,1,1
2026-01-02T20:00:00Z,2026-01-02T21:00:00Z,60,2025-12-17T14:07:59Z,1,389.86694444444447,,0,,,0,,23.0,0.0,0.0,23.0,1,1,0,23.0,206.0,6243.0,,,,,,,,,,,,,,,,,,,,,,,,,,,,,,,,,,,,,,,0,1,1
2026-01-02T20:30:00Z,2026-01-02T21:00:00Z,30,2025-12-17T14:07:59Z,1,390.36694444444447,,0,,,0,,23.0,0.0,0.0,23.0,1,1,0,23.0,205.5,6242.5,,,,,,,,,,,,,,,,,,,,,,,,,,,,,,,,,,,,,,,0,1,1
2026-01-02T20:30:00Z,2026-01-02T21:30:00Z,60,2025-12-17T14:07:59Z,1,390.36694444444447,,0,,,0,,23.0,0.0,0.0,23.0,1,1,0,23.0,205.5,6242.5,,,,,,,,,,,,,,,,,,,,,,,,,,,,,,,,,,,,,,,0,1,1
2026-01-02T21:00:00Z,2026-01-02T21:30:00Z,30,2025-12-17T14:07:59Z,1,390.86694444444447,,0,,,0,,23.0,0.0,0.0,23.0,1,1,0,23.0,205.0,6242.0,,,,,,,,,,,,,,,,,,,,,,,,,,,,,,,,,,,,,,,0,1,1
2026-01-02T21:00:00Z,2026-01-02T22:00:00Z,60,2025-12-17T14:07:59Z,1,390.86694444444447,,0,,,0,,23.0,0.0,0.0,23.0,1,1,0,23.0,205.0,6242.0,,,,,,,,,,,,,,,,,,,,,,,,,,,,,,,,,,,,,,,0,1,1
2026-01-02T21:30:00Z,2026-01-02T22:00:00Z,30,2025-12-17T14:07:59Z,1,391.36694444444447,,0,,,0,,23.0,0.0,0.0,23.0,1,1,0,23.0,204.5,6241.5,,,,,,,,,,,,,,,,,,,,,,,,,,,,,,,,,,,,,,,0,1,1
2026-01-02T21:30:00Z,2026-01-02T22:30:00Z,60,2025-12-17T14:07:59Z,1,391.36694444444447,,0,,,0,,23.0,0.0,0.0,23.0,1,1,0,23.0,204.5,6241.5,,,,,,,,,,,,,,,,,,,,,,,,,,,,,,,,,,,,,,,0,1,1
2026-01-02T22:00:00Z,2026-01-02T22:30:00Z,30,2025-12-17T14:07:59Z,1,391.86694444444447,,0,,,0,,23.0,0.0,0.0,23.0,1,1,0,23.0,204.0,6241.0,,,,,,,,,,,,,,,,,,,,,,,,,,,,,,,,,,,,,,,0,1,1
2026-01-02T22:00:00Z,2026-01-02T23:00:00Z,60,2025-12-17T14:07:59Z,1,391.86694444444447,,0,,,0,,23.0,0.0,0.0,23.0,1,1,0,23.0,204.0,6241.0,,,,,,,,,,,,,,,,,,,,,,,,,,,,,,,,,,,,,,,0,1,1
2026-01-02T22:30:00Z,2026-01-02T23:00:00Z,30,2025-12-17T14:07:59Z,1,392.36694444444447,,0,,,0,,23.0,0.0,0.0,23.0,1,1,0,23.0,203.5,6240.5,,,,,,,,,,,,,,,,,,,,,,,,,,,,,,,,,,,,,,,0,1,1
2026-01-02T22:30:00Z,2026-01-02T23:30:00Z,60,2025-12-17T14:07:59Z,1,392.36694444444447,,0,,,0,,23.0,0.0,0.0,23.0,1,1,0,23.0,203.5,6240.5,,,,,,,,,,,,,,,,,,,,,,,,,,,,,,,,,,,,,,,0,1,1
2026-01-02T23:00:00Z,2026-01-02T23:30:00Z,30,2025-12-17T14:07:59Z,1,392.86694444444447,,0,,,0,,23.0,0.0,0.0,23.0,1,1,0,23.0,203.0,6240.0,,,,,,,,,,,,,,,,,,,,,,,,,,,,,,,,,,,,,,,0,1,1
2026-01-02T23:00:00Z,2026-01-03T00:00:00Z,60,2025-12-17T14:07:59Z,1,392.86694444444447,,0,,,0,,23.0,0.0,0.0,23.0,1,1,0,23.0,203.0,6240.0,,,,,,,,,,,,,,,,,,,,,,,,,,,,,,,,,,,,,,,0,1,1
2026-01-02T23:30:00Z,2026-01-03T00:00:00Z,30,2025-12-17T14:07:59Z,1,393.36694444444447,,0,,,0,,23.0,0.0,0.0,23.0,1,1,0,23.0,202.5,6239.5,,,,,,,,,,,,,,,,,,,,,,,,,,,,,,,,,,,,,,,0,1,1
2026-01-02T23:30:00Z,2026-01-03T00:30:00Z,60,2025-12-17T14:07:59Z,1,393.36694444444447,,0,,,0,,23.0,0.0,0.0,23.0,1,1,0,23.0,202.5,6239.5,,,,,,,,,,,,,,,,,,,,,,,,,,,,,,,,,,,,,,,0,1,1
2026-01-03T00:00:00Z,2026-01-03T00:30:00Z,30,2025-12-17T14:07:59Z,1,393.86694444444447,,0,,,0,,23.0,0.0,0.0,23.0,1,1,0,23.0,202.0,6239.0,,,,,,,,,,,,,,,,,,,,,,,,,,,,,,,,,,,,,,,0,1,1
2026-01-03T00:00:00Z,2026-01-03T01:00:00Z,60,2025-12-17T14:07:59Z,1,393.86694444444447,,0,,,0,,23.0,0.0,0.0,23.0,1,1,0,23.0,202.0,6239.0,,,,,,,,,,,,,,,,,,,,,,,,,,,,,,,,,,,,,,,0,1,1
2026-01-03T00:30:00Z,2026-01-03T01:00:00Z,30,2025-12-17T14:07:59Z,1,394.36694444444447,,0,,,0,,23.0,0.0,0.0,23.0,1,1,0,23.0,201.5,6238.5,,,,,,,,,,,,,,,,,,,,,,,,,,,,,,,,,,,,,,,0,1,1
2026-01-03T00:30:00Z,2026-01-03T01:30:00Z,60,2025-12-17T14:07:59Z,1,394.36694444444447,,0,,,0,,23.0,0.0,0.0,23.0,1,1,0,23.0,201.5,6238.5,,,,,,,,,,,,,,,,,,,,,,,,,,,,,,,,,,,,,,,0,1,1
2026-01-03T01:00:00Z,2026-01-03T01:30:00Z,30,2025-12-17T14:07:59Z,1,394.86694444444447,,0,,,0,,23.0,0.0,0.0,23.0,1,1,0,23.0,201.0,6238.0,,,,,,,,,,,,,,,,,,,,,,,,,,,,,,,,,,,,,,,0,1,1
2026-01-03T01:00:00Z,2026-01-03T02:00:00Z,60,2025-12-17T14:07:59Z,1,394.86694444444447,,0,,,0,,23.0,0.0,0.0,23.0,1,1,0,23.0,201.0,6238.0,,,,,,,,,,,,,,,,,,,,,,,,,,,,,,,,,,,,,,,0,1,1
2026-01-03T01:30:00Z,2026-01-03T02:00:00Z,30,2025-12-17T14:07:59Z,1,395.36694444444447,,0,,,0,,23.0,0.0,0.0,23.0,1,1,0,23.0,200.5,6237.5,,,,,,,,,,,,,,,,,,,,,,,,,,,,,,,,,,,,,,,0,1,1
2026-01-03T01:30:00Z,2026-01-03T02:30:00Z,60,2025-12-17T14:07:59Z,1,395.36694444444447,,0,,,0,,23.0,0.0,0.0,23.0,1,1,0,23.0,200.5,6237.5,,,,,,,,,,,,,,,,,,,,,,,,,,,,,,,,,,,,,,,0,1,1
2026-01-03T02:00:00Z,2026-01-03T02:30:00Z,30,2025-12-17T14:07:59Z,1,395.86694444444447,,0,,,0,,23.0,0.0,0.0,23.0,1,1,0,23.0,200.0,6237.0,,,,,,,,,,,,,,,,,,,,,,,,,,,,,,,,,,,,,,,0,1,1
2026-01-03T02:00:00Z,2026-01-03T03:00:00Z,60,2025-12-17T14:07:59Z,1,395.86694444444447,,0,,,0,,23.0,0.0,0.0,23.0,1,1,0,23.0,200.0,6237.0,,,,,,,,,,,,,,,,,,,,,,,,,,,,,,,,,,,,,,,0,1,1
2026-01-03T02:30:00Z,2026-01-03T03:00:00Z,30,2025-12-17T14:07:59Z,1,396.36694444444447,,0,,,0,,23.0,0.0,0.0,23.0,1,1,0,23.0,199.5,6236.5,,,,,,,,,,,,,,,,,,,,,,,,,,,,,,,,,,,,,,,0,1,1
2026-01-03T02:30:00Z,2026-01-03T03:30:00Z,60,2025-12-17T14:07:59Z,1,396.36694444444447,,0,,,0,,23.0,0.0,0.0,23.0,1,1,0,23.0,199.5,6236.5,,,,,,,,,,,,,,,,,,,,,,,,,,,,,,,,,,,,,,,0,1,1
2026-01-03T03:00:00Z,2026-01-03T03:30:00Z,30,2025-12-17T14:07:59Z,1,396.86694444444447,,0,,,0,,23.0,0.0,0.0,23.0,1,1,0,23.0,199.0,6236.0,,,,,,,,,,,,,,,,,,,,,,,,,,,,,,,,,,,,,,,0,1,1
2026-01-03T03:00:00Z,2026-01-03T04:00:00Z,60,2025-12-17T14:07:59Z,1,396.86694444444447,,0,,,0,,23.0,0.0,0.0,23.0,1,1,0,23.0,199.0,6236.0,,,,,,,,,,,,,,,,,,,,,,,,,,,,,,,,,,,,,,,0,1,1
2026-01-03T03:30:00Z,2026-01-03T04:00:00Z,30,2025-12-17T14:07:59Z,1,397.36694444444447,,0,,,0,,23.0,0.0,0.0,23.0,1,1,0,23.0,198.5,6235.5,,,,,,,,,,,,,,,,,,,,,,,,,,,,,,,,,,,,,,,0,1,1
2026-01-03T03:30:00Z,2026-01-03T04:30:00Z,60,2025-12-17T14:07:59Z,1,397.36694444444447,,0,,,0,,23.0,0.0,0.0,23.0,1,1,0,23.0,198.5,6235.5,,,,,,,,,,,,,,,,,,,,,,,,,,,,,,,,,,,,,,,0,1,1
2026-01-03T04:00:00Z,2026-01-03T04:30:00Z,30,2025-12-17T14:07:59Z,1,397.86694444444447,,0,,,0,,23.0,0.0,0.0,23.0,1,1,0,23.0,198.0,6235.0,,,,,,,,,,,,,,,,,,,,,,,,,,,,,,,,,,,,,,,0,1,1
2026-01-03T04:00:00Z,2026-01-03T05:00:00Z,60,2025-12-17T14:07:59Z,1,397.86694444444447,,0,,,0,,23.0,0.0,0.0,23.0,1,1,0,23.0,198.0,6235.0,,,,,,,,,,,,,,,,,,,,,,,,,,,,,,,,,,,,,,,0,1,1
2026-01-03T04:30:00Z,2026-01-03T05:00:00Z,30,2025-12-17T14:07:59Z,1,398.36694444444447,,0,,,0,,23.0,0.0,0.0,23.0,1,1,0,23.0,197.5,6234.5,,,,,,,,,,,,,,,,,,,,,,,,,,,,,,,,,,,,,,,0,1,1
2026-01-03T04:30:00Z,2026-01-03T05:30:00Z,60,2025-12-17T14:07:59Z,1,398.36694444444447,,0,,,0,,23.0,0.0,0.0,23.0,1,1,0,23.0,197.5,6234.5,,,,,,,,,,,,,,,,,,,,,,,,,,,,,,,,,,,,,,,0,1,1
2026-01-03T05:00:00Z,2026-01-03T05:30:00Z,30,2025-12-17T14:07:59Z,1,398.86694444444447,,0,,,0,,23.0,0.0,0.0,23.0,1,1,0,23.0,197.0,6234.0,,,,,,,,,,,,,,,,,,,,,,,,,,,,,,,,,,,,,,,0,1,1
2026-01-03T05:00:00Z,2026-01-03T06:00:00Z,60,2025-12-17T14:07:59Z,1,398.86694444444447,,0,,,0,,23.0,0.0,0.0,23.0,1,1,0,23.0,197.0,6234.0,,,,,,,,,,,,,,,,,,,,,,,,,,,,,,,,,,,,,,,0,1,1
2026-01-03T05:30:00Z,2026-01-03T06:00:00Z,30,2025-12-17T14:07:59Z,1,399.36694444444447,,0,,,0,,23.0,0.0,0.0,23.0,1,1,0,23.0,196.5,6233.5,,,,,,,,,,,,,,,,,,,,,,,,,,,,,,,,,,,,,,,0,1,1
2026-01-03T05:30:00Z,2026-01-03T06:30:00Z,60,2025-12-17T14:07:59Z,1,399.36694444444447,,0,,,0,,23.0,0.0,0.0,23.0,1,1,0,23.0,196.5,6233.5,,,,,,,,,,,,,,,,,,,,,,,,,,,,,,,,,,,,,,,0,1,1
2026-01-03T06:00:00Z,2026-01-03T06:30:00Z,30,2025-12-17T14:07:59Z,1,399.86694444444447,,0,,,0,,23.0,0.0,0.0,23.0,1,1,0,23.0,196.0,6233.0,,,,,,,,,,,,,,,,,,,,,,,,,,,,,,,,,,,,,,,0,1,1
2026-01-03T06:00:00Z,2026-01-03T07:00:00Z,60,2025-12-17T14:07:59Z,1,399.86694444444447,,0,,,0,,23.0,0.0,0.0,23.0,1,1,0,23.0,196.0,6233.0,,,,,,,,,,,,,,,,,,,,,,,,,,,,,,,,,,,,,,,0,1,1
2026-01-03T06:30:00Z,2026-01-03T07:00:00Z,30,2025-12-17T14:07:59Z,1,400.36694444444447,,0,,,0,,23.0,0.0,0.0,23.0,1,1,0,23.0,195.5,6232.5,,,,,,,,,,,,,,,,,,,,,,,,,,,,,,,,,,,,,,,0,1,1
2026-01-03T06:30:00Z,2026-01-03T07:30:00Z,60,2025-12-17T14:07:59Z,1,400.36694444444447,,0,,,0,,23.0,0.0,0.0,23.0,1,1,0,23.0,195.5,6232.5,,,,,,,,,,,,,,,,,,,,,,,,,,,,,,,,,,,,,,,0,1,1
2026-01-03T07:00:00Z,2026-01-03T07:30:00Z,30,2025-12-17T14:07:59Z,1,400.86694444444447,,0,,,0,,23.0,0.0,0.0,23.0,1,1,0,23.0,195.0,6232.0,,,,,,,,,,,,,,,,,,,,,,,,,,,,,,,,,,,,,,,0,1,1
2026-01-03T07:00:00Z,2026-01-03T08:00:00Z,60,2025-12-17T14:07:59Z,1,400.86694444444447,,0,,,0,,23.0,0.0,0.0,23.0,1,1,0,23.0,195.0,6232.0,,,,,,,,,,,,,,,,,,,,,,,,,,,,,,,,,,,,,,,0,1,1
2026-01-03T07:30:00Z,2026-01-03T08:00:00Z,30,2025-12-17T14:07:59Z,1,401.36694444444447,,0,,,0,,23.0,0.0,0.0,23.0,1,1,0,23.0,194.5,6231.5,,,,,,,,,,,,,,,,,,,,,,,,,,,,,,,,,,,,,,,0,1,1
2026-01-03T07:30:00Z,2026-01-03T08:30:00Z,60,2025-12-17T14:07:59Z,1,401.36694444444447,,0,,,0,,23.0,0.0,0.0,23.0,1,1,0,23.0,194.5,6231.5,,,,,,,,,,,,,,,,,,,,,,,,,,,,,,,,,,,,,,,0,1,1
2026-01-03T08:00:00Z,2026-01-03T08:30:00Z,30,2025-12-17T14:07:59Z,1,401.86694444444447,,0,,,0,,23.0,0.0,0.0,23.0,1,1,0,23.0,194.0,6231.0,,,,,,,,,,,,,,,,,,,,,,,,,,,,,,,,,,,,,,,0,1,1
2026-01-03T08:00:00Z,2026-01-03T09:00:00Z,60,2025-12-17T14:07:59Z,1,401.86694444444447,,0,,,0,,23.0,0.0,0.0,23.0,1,1,0,23.0,194.0,6231.0,,,,,,,,,,,,,,,,,,,,,,,,,,,,,,,,,,,,,,,0,1,1
2026-01-03T08:30:00Z,2026-01-03T09:00:00Z,30,2025-12-17T14:07:59Z,1,402.36694444444447,,0,,,0,,23.0,0.0,0.0,23.0,1,1,0,23.0,193.5,6230.5,,,,,,,,,,,,,,,,,,,,,,,,,,,,,,,,,,,,,,,0,1,1
2026-01-03T08:30:00Z,2026-01-03T09:30:00Z,60,2025-12-17T14:07:59Z,1,402.36694444444447,,0,,,0,,23.0,0.0,0.0,23.0,1,1,0,23.0,193.5,6230.5,,,,,,,,,,,,,,,,,,,,,,,,,,,,,,,,,,,,,,,0,1,1
2026-01-03T09:00:00Z,2026-01-03T09:30:00Z,30,2025-12-17T14:07:59Z,1,402.86694444444447,,0,,,0,,23.0,0.0,0.0,23.0,1,1,0,23.0,193.0,6230.0,,,,,,,,,,,,,,,,,,,,,,,,,,,,,,,,,,,,,,,0,1,1
2026-01-03T09:00:00Z,2026-01-03T10:00:00Z,60,2025-12-17T14:07:59Z,1,402.86694444444447,,0,,,0,,23.0,0.0,0.0,23.0,1,1,0,23.0,193.0,6230.0,,,,,,,,,,,,,,,,,,,,,,,,,,,,,,,,,,,,,,,0,1,1
2026-01-03T09:30:00Z,2026-01-03T10:00:00Z,30,2025-12-17T14:07:59Z,1,403.36694444444447,,0,,,0,,23.0,0.0,0.0,23.0,1,1,0,23.0,192.5,6229.5,,,,,,,,,,,,,,,,,,,,,,,,,,,,,,,,,,,,,,,0,1,1
2026-01-03T09:30:00Z,2026-01-03T10:30:00Z,60,2025-12-17T14:07:59Z,1,403.36694444444447,,0,,,0,,23.0,0.0,0.0,23.0,1,1,0,23.0,192.5,6229.5,,,,,,,,,,,,,,,,,,,,,,,,,,,,,,,,,,,,,,,0,1,1
2026-01-03T10:00:00Z,2026-01-03T10:30:00Z,30,2025-12-17T14:07:59Z,1,403.86694444444447,,0,,,0,,23.0,0.0,0.0,23.0,1,1,0,23.0,192.0,6229.0,,,,,,,,,,,,,,,,,,,,,,,,,,,,,,,,,,,,,,,0,1,1
2026-01-03T10:00:00Z,2026-01-03T11:00:00Z,60,2025-12-17T14:07:59Z,1,403.86694444444447,,0,,,0,,23.0,0.0,0.0,23.0,1,1,0,23.0,192.0,6229.0,,,,,,,,,,,,,,,,,,,,,,,,,,,,,,,,,,,,,,,0,1,1
2026-01-03T10:30:00Z,2026-01-03T11:00:00Z,30,2025-12-17T14:07:59Z,1,404.36694444444447,,0,,,0,,23.0,0.0,0.0,23.0,1,1,0,23.0,191.5,6228.5,,,,,,,,,,,,,,,,,,,,,,,,,,,,,,,,,,,,,,,0,1,1
2026-01-03T10:30:00Z,2026-01-03T11:30:00Z,60,2025-12-17T14:07:59Z,1,404.36694444444447,,0,,,0,,23.0,0.0,0.0,23.0,1,1,0,23.0,191.5,6228.5,,,,,,,,,,,,,,,,,,,,,,,,,,,,,,,,,,,,,,,0,1,1
2026-01-03T11:00:00Z,2026-01-03T11:30:00Z,30,2025-12-17T14:07:59Z,1,404.86694444444447,,0,,,0,,23.0,0.0,0.0,23.0,1,1,0,23.0,191.0,6228.0,,,,,,,,,,,,,,,,,,,,,,,,,,,,,,,,,,,,,,,0,1,1
2026-01-03T11:00:00Z,2026-01-03T12:00:00Z,60,2025-12-17T14:07:59Z,1,404.86694444444447,,0,,,0,,23.0,0.0,0.0,23.0,1,1,0,23.0,191.0,6228.0,,,,,,,,,,,,,,,,,,,,,,,,,,,,,,,,,,,,,,,0,1,1
2026-01-03T11:30:00Z,2026-01-03T12:00:00Z,30,2025-12-17T14:07:59Z,1,405.36694444444447,,0,,,0,,23.0,0.0,0.0,23.0,1,1,0,23.0,190.5,6227.5,,,,,,,,,,,,,,,,,,,,,,,,,,,,,,,,,,,,,,,0,1,1
2026-01-03T11:30:00Z,2026-01-03T12:30:00Z,60,2025-12-17T14:07:59Z,1,405.36694444444447,,0,,,0,,23.0,0.0,0.0,23.0,1,1,0,23.0,190.5,6227.5,,,,,,,,,,,,,,,,,,,,,,,,,,,,,,,,,,,,,,,0,1,1
2026-01-03T12:00:00Z,2026-01-03T12:30:00Z,30,2025-12-17T14:07:59Z,1,405.86694444444447,,0,,,0,,23.0,0.0,0.0,23.0,1,1,0,23.0,190.0,6227.0,,,,,,,,,,,,,,,,,,,,,,,,,,,,,,,,,,,,,,,0,1,1
2026-01-03T12:00:00Z,2026-01-03T13:00:00Z,60,2025-12-17T14:07:59Z,1,405.86694444444447,,0,,,0,,23.0,0.0,0.0,23.0,1,1,0,23.0,190.0,6227.0,,,,,,,,,,,,,,,,,,,,,,,,,,,,,,,,,,,,,,,0,1,1
2026-01-03T12:30:00Z,2026-01-03T13:00:00Z,30,2025-12-17T14:07:59Z,1,406.36694444444447,,0,,,0,,23.0,0.0,0.0,23.0,1,1,0,23.0,189.5,6226.5,,,,,,,,,,,,,,,,,,,,,,,,,,,,,,,,,,,,,,,0,1,1
2026-01-03T12:30:00Z,2026-01-03T13:30:00Z,60,2025-12-17T14:07:59Z,1,406.36694444444447,,0,,,0,,23.0,0.0,0.0,23.0,1,1,0,23.0,189.5,6226.5,,,,,,,,,,,,,,,,,,,,,,,,,,,,,,,,,,,,,,,0,1,1
2026-01-03T13:00:00Z,2026-01-03T13:30:00Z,30,2025-12-17T14:07:59Z,1,406.86694444444447,,0,,,0,,23.0,0.0,0.0,23.0,1,1,0,23.0,189.0,6226.0,,,,,,,,,,,,,,,,,,,,,,,,,,,,,,,,,,,,,,,0,1,1
2026-01-03T13:00:00Z,2026-01-03T14:00:00Z,60,2025-12-17T14:07:59Z,1,406.86694444444447,,0,,,0,,23.0,0.0,0.0,23.0,1,1,0,23.0,189.0,6226.0,,,,,,,,,,,,,,,,,,,,,,,,,,,,,,,,,,,,,,,0,1,1
2026-01-03T13:30:00Z,2026-01-03T14:00:00Z,30,2025-12-17T14:07:59Z,1,407.36694444444447,,0,,,0,,23.0,0.0,0.0,23.0,1,1,0,23.0,188.5,6225.5,,,,,,,,,,,,,,,,,,,,,,,,,,,,,,,,,,,,,,,0,1,1
2026-01-03T13:30:00Z,2026-01-03T14:30:00Z,60,2025-12-17T14:07:59Z,1,407.36694444444447,,0,,,0,,23.0,0.0,0.0,23.0,1,1,0,23.0,188.5,6225.5,,,,,,,,,,,,,,,,,,,,,,,,,,,,,,,,,,,,,,,0,1,1
2026-01-03T14:00:00Z,2026-01-03T14:30:00Z,30,2025-12-17T14:07:59Z,1,407.86694444444447,,0,,,0,,23.0,0.0,0.0,23.0,1,1,0,23.0,188.0,6225.0,,,,,,,,,,,,,,,,,,,,,,,,,,,,,,,,,,,,,,,0,1,1
2026-01-03T14:00:00Z,2026-01-03T15:00:00Z,60,2025-12-17T14:07:59Z,1,407.86694444444447,,0,,,0,,23.0,0.0,0.0,23.0,1,1,0,23.0,188.0,6225.0,,,,,,,,,,,,,,,,,,,,,,,,,,,,,,,,,,,,,,,0,1,1
2026-01-03T14:30:00Z,2026-01-03T15:00:00Z,30,2025-12-17T14:07:59Z,1,408.36694444444447,,0,,,0,,23.0,0.0,0.0,23.0,1,1,0,23.0,187.5,6224.5,,,,,,,,,,,,,,,,,,,,,,,,,,,,,,,,,,,,,,,0,1,1
2026-01-03T14:30:00Z,2026-01-03T15:30:00Z,60,2025-12-17T14:07:59Z,1,408.36694444444447,,0,,,0,,23.0,0.0,0.0,23.0,1,1,0,23.0,187.5,6224.5,,,,,,,,,,,,,,,,,,,,,,,,,,,,,,,,,,,,,,,0,1,1
2026-01-03T15:00:00Z,2026-01-03T15:30:00Z,30,2025-12-17T14:07:59Z,1,408.86694444444447,,0,,,0,,23.0,0.0,0.0,23.0,1,1,0,23.0,187.0,6224.0,,,,,,,,,,,,,,,,,,,,,,,,,,,,,,,,,,,,,,,0,1,1
2026-01-03T15:00:00Z,2026-01-03T16:00:00Z,60,2025-12-17T14:07:59Z,1,408.86694444444447,,0,,,0,,23.0,0.0,0.0,23.0,1,1,0,23.0,187.0,6224.0,,,,,,,,,,,,,,,,,,,,,,,,,,,,,,,,,,,,,,,0,1,1
2026-01-03T15:30:00Z,2026-01-03T16:00:00Z,30,2025-12-17T14:07:59Z,1,409.36694444444447,,0,,,0,,23.0,0.0,0.0,23.0,1,1,0,23.0,186.5,6223.5,,,,,,,,,,,,,,,,,,,,,,,,,,,,,,,,,,,,,,,0,1,1
2026-01-03T15:30:00Z,2026-01-03T16:30:00Z,60,2025-12-17T14:07:59Z,1,409.36694444444447,,0,,,0,,23.0,0.0,0.0,23.0,1,1,0,23.0,186.5,6223.5,,,,,,,,,,,,,,,,,,,,,,,,,,,,,,,,,,,,,,,0,1,1
2026-01-03T16:00:00Z,2026-01-03T16:30:00Z,30,2025-12-17T14:07:59Z,1,409.86694444444447,,0,,,0,,23.0,0.0,0.0,23.0,1,1,0,23.0,186.0,6223.0,,,,,,,,,,,,,,,,,,,,,,,,,,,,,,,,,,,,,,,0,1,1
2026-01-03T16:00:00Z,2026-01-03T17:00:00Z,60,2025-12-17T14:07:59Z,1,409.86694444444447,,0,,,0,,23.0,0.0,0.0,23.0,1,1,0,23.0,186.0,6223.0,,,,,,,,,,,,,,,,,,,,,,,,,,,,,,,,,,,,,,,0,1,1
2026-01-03T16:30:00Z,2026-01-03T17:00:00Z,30,2025-12-17T14:07:59Z,1,410.36694444444447,,0,,,0,,23.0,0.0,0.0,23.0,1,1,0,23.0,185.5,6222.5,,,,,,,,,,,,,,,,,,,,,,,,,,,,,,,,,,,,,,,0,1,1
2026-01-03T16:30:00Z,2026-01-03T17:30:00Z,60,2025-12-17T14:07:59Z,1,410.36694444444447,,0,,,0,,23.0,0.0,0.0,23.0,1,1,0,23.0,185.5,6222.5,,,,,,,,,,,,,,,,,,,,,,,,,,,,,,,,,,,,,,,0,1,1
2026-01-03T17:00:00Z,2026-01-03T17:30:00Z,30,2025-12-17T14:07:59Z,1,410.86694444444447,,0,,,0,,23.0,0.0,0.0,23.0,1,1,0,23.0,185.0,6222.0,,,,,,,,,,,,,,,,,,,,,,,,,,,,,,,,,,,,,,,0,1,1
2026-01-03T17:00:00Z,2026-01-03T18:00:00Z,60,2025-12-17T14:07:59Z,1,410.86694444444447,,0,,,0,,23.0,0.0,0.0,23.0,1,1,0,23.0,185.0,6222.0,,,,,,,,,,,,,,,,,,,,,,,,,,,,,,,,,,,,,,,0,1,1
2026-01-03T17:30:00Z,2026-01-03T18:00:00Z,30,2025-12-17T14:07:59Z,1,411.36694444444447,,0,,,0,,23.0,0.0,0.0,23.0,1,1,0,23.0,184.5,6221.5,,,,,,,,,,,,,,,,,,,,,,,,,,,,,,,,,,,,,,,0,1,1
2026-01-03T17:30:00Z,2026-01-03T18:30:00Z,60,2025-12-17T14:07:59Z,1,411.36694444444447,,0,,,0,,23.0,0.0,0.0,23.0,1,1,0,23.0,184.5,6221.5,,,,,,,,,,,,,,,,,,,,,,,,,,,,,,,,,,,,,,,0,1,1
2026-01-03T18:00:00Z,2026-01-03T18:30:00Z,30,2025-12-17T14:07:59Z,1,411.86694444444447,,0,,,0,,23.0,0.0,0.0,23.0,1,1,0,23.0,184.0,6221.0,,,,,,,,,,,,,,,,,,,,,,,,,,,,,,,,,,,,,,,0,1,1
2026-01-03T18:00:00Z,2026-01-03T19:00:00Z,60,2025-12-17T14:07:59Z,1,411.86694444444447,,0,,,0,,23.0,0.0,0.0,23.0,1,1,0,23.0,184.0,6221.0,,,,,,,,,,,,,,,,,,,,,,,,,,,,,,,,,,,,,,,0,1,1
2026-01-03T18:30:00Z,2026-01-03T19:00:00Z,30,2025-12-17T14:07:59Z,1,412.36694444444447,,0,,,0,,23.0,0.0,0.0,23.0,1,1,0,23.0,183.5,6220.5,,,,,,,,,,,,,,,,,,,,,,,,,,,,,,,,,,,,,,,0,1,1
2026-01-03T18:30:00Z,2026-01-03T19:30:00Z,60,2025-12-17T14:07:59Z,1,412.36694444444447,,0,,,0,,23.0,0.0,0.0,23.0,1,1,0,23.0,183.5,6220.5,,,,,,,,,,,,,,,,,,,,,,,,,,,,,,,,,,,,,,,0,1,1
2026-01-03T19:00:00Z,2026-01-03T19:30:00Z,30,2025-12-17T14:07:59Z,1,412.86694444444447,,0,,,0,,23.0,0.0,0.0,23.0,1,1,0,23.0,183.0,6220.0,,,,,,,,,,,,,,,,,,,,,,,,,,,,,,,,,,,,,,,0,1,1
2026-01-03T19:00:00Z,2026-01-03T20:00:00Z,60,2025-12-17T14:07:59Z,1,412.86694444444447,,0,,,0,,23.0,0.0,0.0,23.0,1,1,0,23.0,183.0,6220.0,,,,,,,,,,,,,,,,,,,,,,,,,,,,,,,,,,,,,,,0,1,1
2026-01-03T19:30:00Z,2026-01-03T20:00:00Z,30,2025-12-17T14:07:59Z,1,413.36694444444447,,0,,,0,,23.0,0.0,0.0,23.0,1,1,0,23.0,182.5,6219.5,,,,,,,,,,,,,,,,,,,,,,,,,,,,,,,,,,,,,,,0,1,1
2026-01-03T19:30:00Z,2026-01-03T20:30:00Z,60,2025-12-17T14:07:59Z,1,413.36694444444447,,0,,,0,,23.0,0.0,0.0,23.0,1,1,0,23.0,182.5,6219.5,,,,,,,,,,,,,,,,,,,,,,,,,,,,,,,,,,,,,,,0,1,1
2026-01-03T20:00:00Z,2026-01-03T20:30:00Z,30,2025-12-17T14:07:59Z,1,413.86694444444447,,0,,,0,,23.0,0.0,0.0,23.0,1,1,0,23.0,182.0,6219.0,,,,,,,,,,,,,,,,,,,,,,,,,,,,,,,,,,,,,,,0,1,1
2026-01-03T20:00:00Z,2026-01-03T21:00:00Z,60,2025-12-17T14:07:59Z,1,413.86694444444447,,0,,,0,,23.0,0.0,0.0,23.0,1,1,0,23.0,182.0,6219.0,,,,,,,,,,,,,,,,,,,,,,,,,,,,,,,,,,,,,,,0,1,1
2026-01-03T20:30:00Z,2026-01-03T21:00:00Z,30,2025-12-17T14:07:59Z,1,414.36694444444447,,0,,,0,,23.0,0.0,0.0,23.0,1,1,0,23.0,181.5,6218.5,,,,,,,,,,,,,,,,,,,,,,,,,,,,,,,,,,,,,,,0,1,1
2026-01-03T20:30:00Z,2026-01-03T21:30:00Z,60,2025-12-17T14:07:59Z,1,414.36694444444447,,0,,,0,,23.0,0.0,0.0,23.0,1,1,0,23.0,181.5,6218.5,,,,,,,,,,,,,,,,,,,,,,,,,,,,,,,,,,,,,,,0,1,1
2026-01-03T21:00:00Z,2026-01-03T21:30:00Z,30,2025-12-17T14:07:59Z,1,414.86694444444447,,0,,,0,,23.0,0.0,0.0,23.0,1,1,0,23.0,181.0,6218.0,,,,,,,,,,,,,,,,,,,,,,,,,,,,,,,,,,,,,,,0,1,1
2026-01-03T21:00:00Z,2026-01-03T22:00:00Z,60,2025-12-17T14:07:59Z,1,414.86694444444447,,0,,,0,,23.0,0.0,0.0,23.0,1,1,0,23.0,181.0,6218.0,,,,,,,,,,,,,,,,,,,,,,,,,,,,,,,,,,,,,,,0,1,1
2026-01-03T21:30:00Z,2026-01-03T22:00:00Z,30,2025-12-17T14:07:59Z,1,415.36694444444447,,0,,,0,,23.0,0.0,0.0,23.0,1,1,0,23.0,180.5,6217.5,,,,,,,,,,,,,,,,,,,,,,,,,,,,,,,,,,,,,,,0,1,1
2026-01-03T21:30:00Z,2026-01-03T22:30:00Z,60,2025-12-17T14:07:59Z,1,415.36694444444447,,0,,,0,,23.0,0.0,0.0,23.0,1,1,0,23.0,180.5,6217.5,,,,,,,,,,,,,,,,,,,,,,,,,,,,,,,,,,,,,,,0,1,1
2026-01-03T22:00:00Z,2026-01-03T22:30:00Z,30,2025-12-17T14:07:59Z,1,415.86694444444447,,0,,,0,,23.0,0.0,0.0,23.0,1,1,0,23.0,180.0,6217.0,,,,,,,,,,,,,,,,,,,,,,,,,,,,,,,,,,,,,,,0,1,1
2026-01-03T22:00:00Z,2026-01-03T23:00:00Z,60,2025-12-17T14:07:59Z,1,415.86694444444447,,0,,,0,,23.0,0.0,0.0,23.0,1,1,0,23.0,180.0,6217.0,,,,,,,,,,,,,,,,,,,,,,,,,,,,,,,,,,,,,,,0,1,1
2026-01-03T22:30:00Z,2026-01-03T23:00:00Z,30,2025-12-17T14:07:59Z,1,416.36694444444447,,0,,,0,,23.0,0.0,0.0,23.0,1,1,0,23.0,179.5,6216.5,,,,,,,,,,,,,,,,,,,,,,,,,,,,,,,,,,,,,,,0,1,1
2026-01-03T22:30:00Z,2026-01-03T23:30:00Z,60,2025-12-17T14:07:59Z,1,416.36694444444447,,0,,,0,,23.0,0.0,0.0,23.0,1,1,0,23.0,179.5,6216.5,,,,,,,,,,,,,,,,,,,,,,,,,,,,,,,,,,,,,,,0,1,1
2026-01-03T23:00:00Z,2026-01-03T23:30:00Z,30,2025-12-17T14:07:59Z,1,416.86694444444447,,0,,,0,,23.0,0.0,0.0,23.0,1,1,0,23.0,179.0,6216.0,,,,,,,,,,,,,,,,,,,,,,,,,,,,,,,,,,,,,,,0,1,1
2026-01-03T23:00:00Z,2026-01-04T00:00:00Z,60,2025-12-17T14:07:59Z,1,416.86694444444447,,0,,,0,,23.0,0.0,0.0,23.0,1,1,0,23.0,179.0,6216.0,,,,,,,,,,,,,,,,,,,,,,,,,,,,,,,,,,,,,,,0,1,1
2026-01-03T23:30:00Z,2026-01-04T00:00:00Z,30,2025-12-17T14:07:59Z,1,417.36694444444447,,0,,,0,,23.0,0.0,0.0,23.0,1,1,0,23.0,178.5,6215.5,,,,,,,,,,,,,,,,,,,,,,,,,,,,,,,,,,,,,,,0,1,1
2026-01-03T23:30:00Z,2026-01-04T00:30:00Z,60,2025-12-17T14:07:59Z,1,417.36694444444447,,0,,,0,,23.0,0.0,0.0,23.0,1,1,0,23.0,178.5,6215.5,,,,,,,,,,,,,,,,,,,,,,,,,,,,,,,,,,,,,,,0,1,1
2026-01-04T00:00:00Z,2026-01-04T00:30:00Z,30,2025-12-17T14:07:59Z,1,417.86694444444447,,0,,,0,,23.0,0.0,0.0,23.0,1,1,0,23.0,178.0,6215.0,,,,,,,,,,,,,,,,,,,,,,,,,,,,,,,,,,,,,,,0,1,1
2026-01-04T00:00:00Z,2026-01-04T01:00:00Z,60,2025-12-17T14:07:59Z,1,417.86694444444447,,0,,,0,,23.0,0.0,0.0,23.0,1,1,0,23.0,178.0,6215.0,,,,,,,,,,,,,,,,,,,,,,,,,,,,,,,,,,,,,,,0,1,1
2026-01-04T00:30:00Z,2026-01-04T01:00:00Z,30,2025-12-17T14:07:59Z,1,418.36694444444447,,0,,,0,,23.0,0.0,0.0,23.0,1,1,0,23.0,177.5,6214.5,,,,,,,,,,,,,,,,,,,,,,,,,,,,,,,,,,,,,,,0,1,1
2026-01-04T00:30:00Z,2026-01-04T01:30:00Z,60,2025-12-17T14:07:59Z,1,418.36694444444447,,0,,,0,,23.0,0.0,0.0,23.0,1,1,0,23.0,177.5,6214.5,,,,,,,,,,,,,,,,,,,,,,,,,,,,,,,,,,,,,,,0,1,1
2026-01-04T01:00:00Z,2026-01-04T01:30:00Z,30,2025-12-17T14:07:59Z,1,418.86694444444447,,0,,,0,,23.0,0.0,0.0,23.0,1,1,0,23.0,177.0,6214.0,,,,,,,,,,,,,,,,,,,,,,,,,,,,,,,,,,,,,,,0,1,1
2026-01-04T01:00:00Z,2026-01-04T02:00:00Z,60,2025-12-17T14:07:59Z,1,418.86694444444447,,0,,,0,,23.0,0.0,0.0,23.0,1,1,0,23.0,177.0,6214.0,,,,,,,,,,,,,,,,,,,,,,,,,,,,,,,,,,,,,,,0,1,1
2026-01-04T01:30:00Z,2026-01-04T02:00:00Z,30,2025-12-17T14:07:59Z,1,419.36694444444447,,0,,,0,,23.0,0.0,0.0,23.0,1,1,0,23.0,176.5,6213.5,,,,,,,,,,,,,,,,,,,,,,,,,,,,,,,,,,,,,,,0,1,1
2026-01-04T01:30:00Z,2026-01-04T02:30:00Z,60,2025-12-17T14:07:59Z,1,419.36694444444447,,0,,,0,,23.0,0.0,0.0,23.0,1,1,0,23.0,176.5,6213.5,,,,,,,,,,,,,,,,,,,,,,,,,,,,,,,,,,,,,,,0,1,1
2026-01-04T02:00:00Z,2026-01-04T02:30:00Z,30,2025-12-17T14:07:59Z,1,419.86694444444447,,0,,,0,,23.0,0.0,0.0,23.0,1,1,0,23.0,176.0,6213.0,,,,,,,,,,,,,,,,,,,,,,,,,,,,,,,,,,,,,,,0,1,1
2026-01-04T02:00:00Z,2026-01-04T03:00:00Z,60,2025-12-17T14:07:59Z,1,419.86694444444447,,0,,,0,,23.0,0.0,0.0,23.0,1,1,0,23.0,176.0,6213.0,,,,,,,,,,,,,,,,,,,,,,,,,,,,,,,,,,,,,,,0,1,1
2026-01-04T02:30:00Z,2026-01-04T03:00:00Z,30,2025-12-17T14:07:59Z,1,420.36694444444447,,0,,,0,,23.0,0.0,0.0,23.0,1,1,0,23.0,175.5,6212.5,,,,,,,,,,,,,,,,,,,,,,,,,,,,,,,,,,,,,,,0,1,1
2026-01-04T02:30:00Z,2026-01-04T03:30:00Z,60,2025-12-17T14:07:59Z,1,420.36694444444447,,0,,,0,,23.0,0.0,0.0,23.0,1,1,0,23.0,175.5,6212.5,,,,,,,,,,,,,,,,,,,,,,,,,,,,,,,,,,,,,,,0,1,1
2026-01-04T03:00:00Z,2026-01-04T03:30:00Z,30,2025-12-17T14:07:59Z,1,420.86694444444447,,0,,,0,,23.0,0.0,0.0,23.0,1,1,0,23.0,175.0,6212.0,,,,,,,,,,,,,,,,,,,,,,,,,,,,,,,,,,,,,,,0,1,1
2026-01-04T03:00:00Z,2026-01-04T04:00:00Z,60,2025-12-17T14:07:59Z,1,420.86694444444447,,0,,,0,,23.0,0.0,0.0,23.0,1,1,0,23.0,175.0,6212.0,,,,,,,,,,,,,,,,,,,,,,,,,,,,,,,,,,,,,,,0,1,1
2026-01-04T03:30:00Z,2026-01-04T04:00:00Z,30,2025-12-17T14:07:59Z,1,421.36694444444447,,0,,,0,,23.0,0.0,0.0,23.0,1,1,0,23.0,174.5,6211.5,,,,,,,,,,,,,,,,,,,,,,,,,,,,,,,,,,,,,,,0,1,1
2026-01-04T03:30:00Z,2026-01-04T04:30:00Z,60,2025-12-17T14:07:59Z,1,421.36694444444447,,0,,,0,,23.0,0.0,0.0,23.0,1,1,0,23.0,174.5,6211.5,,,,,,,,,,,,,,,,,,,,,,,,,,,,,,,,,,,,,,,0,1,1
2026-01-04T04:00:00Z,2026-01-04T04:30:00Z,30,2025-12-17T14:07:59Z,1,421.86694444444447,,0,,,0,,23.0,0.0,0.0,23.0,1,1,0,23.0,174.0,6211.0,,,,,,,,,,,,,,,,,,,,,,,,,,,,,,,,,,,,,,,0,1,1
2026-01-04T04:00:00Z,2026-01-04T05:00:00Z,60,2025-12-17T14:07:59Z,1,421.86694444444447,,0,,,0,,23.0,0.0,0.0,23.0,1,1,0,23.0,174.0,6211.0,,,,,,,,,,,,,,,,,,,,,,,,,,,,,,,,,,,,,,,0,1,1
2026-01-04T04:30:00Z,2026-01-04T05:00:00Z,30,2025-12-17T14:07:59Z,1,422.36694444444447,,0,,,0,,23.0,0.0,0.0,23.0,1,1,0,23.0,173.5,6210.5,,,,,,,,,,,,,,,,,,,,,,,,,,,,,,,,,,,,,,,0,1,1
2026-01-04T04:30:00Z,2026-01-04T05:30:00Z,60,2025-12-17T14:07:59Z,1,422.36694444444447,,0,,,0,,23.0,0.0,0.0,23.0,1,1,0,23.0,173.5,6210.5,,,,,,,,,,,,,,,,,,,,,,,,,,,,,,,,,,,,,,,0,1,1
2026-01-04T05:00:00Z,2026-01-04T05:30:00Z,30,2025-12-17T14:07:59Z,1,422.86694444444447,,0,,,0,,23.0,0.0,0.0,23.0,1,1,0,23.0,173.0,6210.0,,,,,,,,,,,,,,,,,,,,,,,,,,,,,,,,,,,,,,,0,1,1
2026-01-04T05:00:00Z,2026-01-04T06:00:00Z,60,2025-12-17T14:07:59Z,1,422.86694444444447,,0,,,0,,23.0,0.0,0.0,23.0,1,1,0,23.0,173.0,6210.0,,,,,,,,,,,,,,,,,,,,,,,,,,,,,,,,,,,,,,,0,1,1
2026-01-04T05:30:00Z,2026-01-04T06:00:00Z,30,2025-12-17T14:07:59Z,1,423.36694444444447,,0,,,0,,23.0,0.0,0.0,23.0,1,1,0,23.0,172.5,6209.5,,,,,,,,,,,,,,,,,,,,,,,,,,,,,,,,,,,,,,,0,1,1
2026-01-04T05:30:00Z,2026-01-04T06:30:00Z,60,2025-12-17T14:07:59Z,1,423.36694444444447,,0,,,0,,23.0,0.0,0.0,23.0,1,1,0,23.0,172.5,6209.5,,,,,,,,,,,,,,,,,,,,,,,,,,,,,,,,,,,,,,,0,1,1
2026-01-04T06:00:00Z,2026-01-04T06:30:00Z,30,2025-12-17T14:07:59Z,1,423.86694444444447,,0,,,0,,23.0,0.0,0.0,23.0,1,1,0,23.0,172.0,6209.0,,,,,,,,,,,,,,,,,,,,,,,,,,,,,,,,,,,,,,,0,1,1
2026-01-04T06:00:00Z,2026-01-04T07:00:00Z,60,2025-12-17T14:07:59Z,1,423.86694444444447,,0,,,0,,23.0,0.0,0.0,23.0,1,1,0,23.0,172.0,6209.0,,,,,,,,,,,,,,,,,,,,,,,,,,,,,,,,,,,,,,,0,1,1
2026-01-04T06:30:00Z,2026-01-04T07:00:00Z,30,2025-12-17T14:07:59Z,1,424.36694444444447,,0,,,0,,23.0,0.0,0.0,23.0,1,1,0,23.0,171.5,6208.5,,,,,,,,,,,,,,,,,,,,,,,,,,,,,,,,,,,,,,,0,1,1
2026-01-04T06:30:00Z,2026-01-04T07:30:00Z,60,2025-12-17T14:07:59Z,1,424.36694444444447,,0,,,0,,23.0,0.0,0.0,23.0,1,1,0,23.0,171.5,6208.5,,,,,,,,,,,,,,,,,,,,,,,,,,,,,,,,,,,,,,,0,1,1
2026-01-04T07:00:00Z,2026-01-04T07:30:00Z,30,2025-12-17T14:07:59Z,1,424.86694444444447,,0,,,0,,23.0,0.0,0.0,23.0,1,1,0,23.0,171.0,6208.0,,,,,,,,,,,,,,,,,,,,,,,,,,,,,,,,,,,,,,,0,1,1
2026-01-04T07:00:00Z,2026-01-04T08:00:00Z,60,2025-12-17T14:07:59Z,1,424.86694444444447,,0,,,0,,23.0,0.0,0.0,23.0,1,1,0,23.0,171.0,6208.0,,,,,,,,,,,,,,,,,,,,,,,,,,,,,,,,,,,,,,,0,1,1
2026-01-04T07:30:00Z,2026-01-04T08:00:00Z,30,2025-12-17T14:07:59Z,1,425.36694444444447,,0,,,0,,23.0,0.0,0.0,23.0,1,1,0,23.0,170.5,6207.5,,,,,,,,,,,,,,,,,,,,,,,,,,,,,,,,,,,,,,,0,1,1
2026-01-04T07:30:00Z,2026-01-04T08:30:00Z,60,2025-12-17T14:07:59Z,1,425.36694444444447,,0,,,0,,23.0,0.0,0.0,23.0,1,1,0,23.0,170.5,6207.5,,,,,,,,,,,,,,,,,,,,,,,,,,,,,,,,,,,,,,,0,1,1
2026-01-04T08:00:00Z,2026-01-04T08:30:00Z,30,2025-12-17T14:07:59Z,1,425.86694444444447,,0,,,0,,23.0,0.0,0.0,23.0,1,1,0,23.0,170.0,6207.0,,,,,,,,,,,,,,,,,,,,,,,,,,,,,,,,,,,,,,,0,1,1
2026-01-04T08:00:00Z,2026-01-04T09:00:00Z,60,2025-12-17T14:07:59Z,1,425.86694444444447,,0,,,0,,23.0,0.0,0.0,23.0,1,1,0,23.0,170.0,6207.0,,,,,,,,,,,,,,,,,,,,,,,,,,,,,,,,,,,,,,,0,1,1
2026-01-04T08:30:00Z,2026-01-04T09:00:00Z,30,2025-12-17T14:07:59Z,1,426.36694444444447,,0,,,0,,23.0,0.0,0.0,23.0,1,1,0,23.0,169.5,6206.5,,,,,,,,,,,,,,,,,,,,,,,,,,,,,,,,,,,,,,,0,1,1
2026-01-04T08:30:00Z,2026-01-04T09:30:00Z,60,2025-12-17T14:07:59Z,1,426.36694444444447,,0,,,0,,23.0,0.0,0.0,23.0,1,1,0,23.0,169.5,6206.5,,,,,,,,,,,,,,,,,,,,,,,,,,,,,,,,,,,,,,,0,1,1
2026-01-04T09:00:00Z,2026-01-04T09:30:00Z,30,2025-12-17T14:07:59Z,1,426.86694444444447,,0,,,0,,23.0,0.0,0.0,23.0,1,1,0,23.0,169.0,6206.0,,,,,,,,,,,,,,,,,,,,,,,,,,,,,,,,,,,,,,,0,1,1
2026-01-04T09:00:00Z,2026-01-04T10:00:00Z,60,2025-12-17T14:07:59Z,1,426.86694444444447,,0,,,0,,23.0,0.0,0.0,23.0,1,1,0,23.0,169.0,6206.0,,,,,,,,,,,,,,,,,,,,,,,,,,,,,,,,,,,,,,,0,1,1
2026-01-04T09:30:00Z,2026-01-04T10:00:00Z,30,2025-12-17T14:07:59Z,1,427.36694444444447,,0,,,0,,23.0,0.0,0.0,23.0,1,1,0,23.0,168.5,6205.5,,,,,,,,,,,,,,,,,,,,,,,,,,,,,,,,,,,,,,,0,1,1
2026-01-04T09:30:00Z,2026-01-04T10:30:00Z,60,2025-12-17T14:07:59Z,1,427.36694444444447,,0,,,0,,23.0,0.0,0.0,23.0,1,1,0,23.0,168.5,6205.5,,,,,,,,,,,,,,,,,,,,,,,,,,,,,,,,,,,,,,,0,1,1
2026-01-04T10:00:00Z,2026-01-04T10:30:00Z,30,2025-12-17T14:07:59Z,1,427.86694444444447,,0,,,0,,23.0,0.0,0.0,23.0,1,1,0,23.0,168.0,6205.0,,,,,,,,,,,,,,,,,,,,,,,,,,,,,,,,,,,,,,,0,1,1
2026-01-04T10:00:00Z,2026-01-04T11:00:00Z,60,2025-12-17T14:07:59Z,1,427.86694444444447,,0,,,0,,23.0,0.0,0.0,23.0,1,1,0,23.0,168.0,6205.0,,,,,,,,,,,,,,,,,,,,,,,,,,,,,,,,,,,,,,,0,1,1
2026-01-04T10:30:00Z,2026-01-04T11:00:00Z,30,2025-12-17T14:07:59Z,1,428.36694444444447,,0,,,0,,23.0,0.0,0.0,23.0,1,1,0,23.0,167.5,6204.5,,,,,,,,,,,,,,,,,,,,,,,,,,,,,,,,,,,,,,,0,1,1
2026-01-04T10:30:00Z,2026-01-04T11:30:00Z,60,2025-12-17T14:07:59Z,1,428.36694444444447,,0,,,0,,23.0,0.0,0.0,23.0,1,1,0,23.0,167.5,6204.5,,,,,,,,,,,,,,,,,,,,,,,,,,,,,,,,,,,,,,,0,1,1
2026-01-04T11:00:00Z,2026-01-04T11:30:00Z,30,2025-12-17T14:07:59Z,1,428.86694444444447,,0,,,0,,23.0,0.0,0.0,23.0,1,1,0,23.0,167.0,6204.0,,,,,,,,,,,,,,,,,,,,,,,,,,,,,,,,,,,,,,,0,1,1
2026-01-04T11:00:00Z,2026-01-04T12:00:00Z,60,2025-12-17T14:07:59Z,1,428.86694444444447,,0,,,0,,23.0,0.0,0.0,23.0,1,1,0,23.0,167.0,6204.0,,,,,,,,,,,,,,,,,,,,,,,,,,,,,,,,,,,,,,,0,1,1
2026-01-04T11:30:00Z,2026-01-04T12:00:00Z,30,2025-12-17T14:07:59Z,1,429.36694444444447,,0,,,0,,23.0,0.0,0.0,23.0,1,1,0,23.0,166.5,6203.5,,,,,,,,,,,,,,,,,,,,,,,,,,,,,,,,,,,,,,,0,1,1
2026-01-04T11:30:00Z,2026-01-04T12:30:00Z,60,2025-12-17T14:07:59Z,1,429.36694444444447,,0,,,0,,23.0,0.0,0.0,23.0,1,1,0,23.0,166.5,6203.5,,,,,,,,,,,,,,,,,,,,,,,,,,,,,,,,,,,,,,,0,1,1
2026-01-04T12:00:00Z,2026-01-04T12:30:00Z,30,2025-12-17T14:07:59Z,1,429.86694444444447,,0,,,0,,23.0,0.0,0.0,23.0,1,1,0,23.0,166.0,6203.0,,,,,,,,,,,,,,,,,,,,,,,,,,,,,,,,,,,,,,,0,1,1
2026-01-04T12:00:00Z,2026-01-04T13:00:00Z,60,2025-12-17T14:07:59Z,1,429.86694444444447,,0,,,0,,23.0,0.0,0.0,23.0,1,1,0,23.0,166.0,6203.0,,,,,,,,,,,,,,,,,,,,,,,,,,,,,,,,,,,,,,,0,1,1
2026-01-04T12:30:00Z,2026-01-04T13:00:00Z,30,2025-12-17T14:07:59Z,1,430.36694444444447,,0,,,0,,23.0,0.0,0.0,23.0,1,1,0,23.0,165.5,6202.5,,,,,,,,,,,,,,,,,,,,,,,,,,,,,,,,,,,,,,,0,1,1
2026-01-04T12:30:00Z,2026-01-04T13:30:00Z,60,2025-12-17T14:07:59Z,1,430.36694444444447,,0,,,0,,23.0,0.0,0.0,23.0,1,1,0,23.0,165.5,6202.5,,,,,,,,,,,,,,,,,,,,,,,,,,,,,,,,,,,,,,,0,1,1
2026-01-04T13:00:00Z,2026-01-04T13:30:00Z,30,2025-12-17T14:07:59Z,1,430.86694444444447,,0,,,0,,23.0,0.0,0.0,23.0,1,1,0,23.0,165.0,6202.0,,,,,,,,,,,,,,,,,,,,,,,,,,,,,,,,,,,,,,,0,1,1
2026-01-04T13:00:00Z,2026-01-04T14:00:00Z,60,2025-12-17T14:07:59Z,1,430.86694444444447,,0,,,0,,23.0,0.0,0.0,23.0,1,1,0,23.0,165.0,6202.0,,,,,,,,,,,,,,,,,,,,,,,,,,,,,,,,,,,,,,,0,1,1
2026-01-04T13:30:00Z,2026-01-04T14:00:00Z,30,2025-12-17T14:07:59Z,1,431.36694444444447,,0,,,0,,23.0,0.0,0.0,23.0,1,1,0,23.0,164.5,6201.5,,,,,,,,,,,,,,,,,,,,,,,,,,,,,,,,,,,,,,,0,1,1
2026-01-04T13:30:00Z,2026-01-04T14:30:00Z,60,2025-12-17T14:07:59Z,1,431.36694444444447,,0,,,0,,23.0,0.0,0.0,23.0,1,1,0,23.0,164.5,6201.5,,,,,,,,,,,,,,,,,,,,,,,,,,,,,,,,,,,,,,,0,1,1
2026-01-04T14:00:00Z,2026-01-04T14:30:00Z,30,2025-12-17T14:07:59Z,1,431.86694444444447,,0,,,0,,23.0,0.0,0.0,23.0,1,1,0,23.0,164.0,6201.0,,,,,,,,,,,,,,,,,,,,,,,,,,,,,,,,,,,,,,,0,1,1
2026-01-04T14:00:00Z,2026-01-04T15:00:00Z,60,2025-12-17T14:07:59Z,1,431.86694444444447,,0,,,0,,23.0,0.0,0.0,23.0,1,1,0,23.0,164.0,6201.0,,,,,,,,,,,,,,,,,,,,,,,,,,,,,,,,,,,,,,,0,1,1
2026-01-04T14:30:00Z,2026-01-04T15:00:00Z,30,2025-12-17T14:07:59Z,1,432.36694444444447,,0,,,0,,23.0,0.0,0.0,23.0,1,1,0,23.0,163.5,6200.5,,,,,,,,,,,,,,,,,,,,,,,,,,,,,,,,,,,,,,,0,1,1
2026-01-04T14:30:00Z,2026-01-04T15:30:00Z,60,2025-12-17T14:07:59Z,1,432.36694444444447,,0,,,0,,23.0,0.0,0.0,23.0,1,1,0,23.0,163.5,6200.5,,,,,,,,,,,,,,,,,,,,,,,,,,,,,,,,,,,,,,,0,1,1
2026-01-04T15:00:00Z,2026-01-04T15:30:00Z,30,2025-12-17T14:07:59Z,1,432.86694444444447,,0,,,0,,23.0,0.0,0.0,23.0,1,1,0,23.0,163.0,6200.0,,,,,,,,,,,,,,,,,,,,,,,,,,,,,,,,,,,,,,,0,1,1
2026-01-04T15:00:00Z,2026-01-04T16:00:00Z,60,2025-12-17T14:07:59Z,1,432.86694444444447,,0,,,0,,23.0,0.0,0.0,23.0,1,1,0,23.0,163.0,6200.0,,,,,,,,,,,,,,,,,,,,,,,,,,,,,,,,,,,,,,,0,1,1
2026-01-04T15:30:00Z,2026-01-04T16:00:00Z,30,2025-12-17T14:07:59Z,1,433.36694444444447,,0,,,0,,23.0,0.0,0.0,23.0,1,1,0,23.0,162.5,6199.5,,,,,,,,,,,,,,,,,,,,,,,,,,,,,,,,,,,,,,,0,1,1
2026-01-04T15:30:00Z,2026-01-04T16:30:00Z,60,2025-12-17T14:07:59Z,1,433.36694444444447,,0,,,0,,23.0,0.0,0.0,23.0,1,1,0,23.0,162.5,6199.5,,,,,,,,,,,,,,,,,,,,,,,,,,,,,,,,,,,,,,,0,1,1
2026-01-04T16:00:00Z,2026-01-04T16:30:00Z,30,2025-12-17T14:07:59Z,1,433.86694444444447,,0,,,0,,23.0,0.0,0.0,23.0,1,1,0,23.0,162.0,6199.0,,,,,,,,,,,,,,,,,,,,,,,,,,,,,,,,,,,,,,,0,1,1
2026-01-04T16:00:00Z,2026-01-04T17:00:00Z,60,2025-12-17T14:07:59Z,1,433.86694444444447,,0,,,0,,23.0,0.0,0.0,23.0,1,1,0,23.0,162.0,6199.0,,,,,,,,,,,,,,,,,,,,,,,,,,,,,,,,,,,,,,,0,1,1
2026-01-04T16:30:00Z,2026-01-04T17:00:00Z,30,2025-12-17T14:07:59Z,1,434.36694444444447,,0,,,0,,23.0,0.0,0.0,23.0,1,1,0,23.0,161.5,6198.5,,,,,,,,,,,,,,,,,,,,,,,,,,,,,,,,,,,,,,,0,1,1
2026-01-04T16:30:00Z,2026-01-04T17:30:00Z,60,2025-12-17T14:07:59Z,1,434.36694444444447,,0,,,0,,23.0,0.0,0.0,23.0,1,1,0,23.0,161.5,6198.5,,,,,,,,,,,,,,,,,,,,,,,,,,,,,,,,,,,,,,,0,1,1
2026-01-04T17:00:00Z,2026-01-04T17:30:00Z,30,2025-12-17T14:07:59Z,1,434.86694444444447,,0,,,0,,23.0,0.0,0.0,23.0,1,1,0,23.0,161.0,6198.0,,,,,,,,,,,,,,,,,,,,,,,,,,,,,,,,,,,,,,,0,1,1
2026-01-04T17:00:00Z,2026-01-04T18:00:00Z,60,2025-12-17T14:07:59Z,1,434.86694444444447,,0,,,0,,23.0,0.0,0.0,23.0,1,1,0,23.0,161.0,6198.0,,,,,,,,,,,,,,,,,,,,,,,,,,,,,,,,,,,,,,,0,1,1
2026-01-04T17:30:00Z,2026-01-04T18:00:00Z,30,2025-12-17T14:07:59Z,1,435.36694444444447,,0,,,0,,23.0,0.0,0.0,23.0,1,1,0,23.0,160.5,6197.5,,,,,,,,,,,,,,,,,,,,,,,,,,,,,,,,,,,,,,,0,1,1
2026-01-04T17:30:00Z,2026-01-04T18:30:00Z,60,2025-12-17T14:07:59Z,1,435.36694444444447,,0,,,0,,23.0,0.0,0.0,23.0,1,1,0,23.0,160.5,6197.5,,,,,,,,,,,,,,,,,,,,,,,,,,,,,,,,,,,,,,,0,1,1
2026-01-04T18:00:00Z,2026-01-04T18:30:00Z,30,2025-12-17T14:07:59Z,1,435.86694444444447,,0,,,0,,23.0,0.0,0.0,23.0,1,1,0,23.0,160.0,6197.0,,,,,,,,,,,,,,,,,,,,,,,,,,,,,,,,,,,,,,,0,1,1
2026-01-04T18:00:00Z,2026-01-04T19:00:00Z,60,2025-12-17T14:07:59Z,1,435.86694444444447,,0,,,0,,23.0,0.0,0.0,23.0,1,1,0,23.0,160.0,6197.0,,,,,,,,,,,,,,,,,,,,,,,,,,,,,,,,,,,,,,,0,1,1
2026-01-04T18:30:00Z,2026-01-04T19:00:00Z,30,2025-12-17T14:07:59Z,1,436.36694444444447,,0,,,0,,23.0,0.0,0.0,23.0,1,1,0,23.0,159.5,6196.5,,,,,,,,,,,,,,,,,,,,,,,,,,,,,,,,,,,,,,,0,1,1
2026-01-04T18:30:00Z,2026-01-04T19:30:00Z,60,2025-12-17T14:07:59Z,1,436.36694444444447,,0,,,0,,23.0,0.0,0.0,23.0,1,1,0,23.0,159.5,6196.5,,,,,,,,,,,,,,,,,,,,,,,,,,,,,,,,,,,,,,,0,1,1
2026-01-04T19:00:00Z,2026-01-04T19:30:00Z,30,2025-12-17T14:07:59Z,1,436.86694444444447,,0,,,0,,23.0,0.0,0.0,23.0,1,1,0,23.0,159.0,6196.0,,,,,,,,,,,,,,,,,,,,,,,,,,,,,,,,,,,,,,,0,1,1
2026-01-04T19:00:00Z,2026-01-04T20:00:00Z,60,2025-12-17T14:07:59Z,1,436.86694444444447,,0,,,0,,23.0,0.0,0.0,23.0,1,1,0,23.0,159.0,6196.0,,,,,,,,,,,,,,,,,,,,,,,,,,,,,,,,,,,,,,,0,1,1
2026-01-04T19:30:00Z,2026-01-04T20:00:00Z,30,2025-12-17T14:07:59Z,1,437.36694444444447,,0,,,0,,23.0,0.0,0.0,23.0,1,1,0,23.0,158.5,6195.5,,,,,,,,,,,,,,,,,,,,,,,,,,,,,,,,,,,,,,,0,1,1
2026-01-04T19:30:00Z,2026-01-04T20:30:00Z,60,2025-12-17T14:07:59Z,1,437.36694444444447,,0,,,0,,23.0,0.0,0.0,23.0,1,1,0,23.0,158.5,6195.5,,,,,,,,,,,,,,,,,,,,,,,,,,,,,,,,,,,,,,,0,1,1
2026-01-04T20:00:00Z,2026-01-04T20:30:00Z,30,2025-12-17T14:07:59Z,1,437.86694444444447,,0,,,0,,23.0,0.0,0.0,23.0,1,1,0,23.0,158.0,6195.0,,,,,,,,,,,,,,,,,,,,,,,,,,,,,,,,,,,,,,,0,1,1
2026-01-04T20:00:00Z,2026-01-04T21:00:00Z,60,2025-12-17T14:07:59Z,1,437.86694444444447,,0,,,0,,23.0,0.0,0.0,23.0,1,1,0,23.0,158.0,6195.0,,,,,,,,,,,,,,,,,,,,,,,,,,,,,,,,,,,,,,,0,1,1
2026-01-04T20:30:00Z,2026-01-04T21:00:00Z,30,2025-12-17T14:07:59Z,1,438.36694444444447,,0,,,0,,23.0,0.0,0.0,23.0,1,1,0,23.0,157.5,6194.5,,,,,,,,,,,,,,,,,,,,,,,,,,,,,,,,,,,,,,,0,1,1
2026-01-04T20:30:00Z,2026-01-04T21:30:00Z,60,2025-12-17T14:07:59Z,1,438.36694444444447,,0,,,0,,23.0,0.0,0.0,23.0,1,1,0,23.0,157.5,6194.5,,,,,,,,,,,,,,,,,,,,,,,,,,,,,,,,,,,,,,,0,1,1
2026-01-04T21:00:00Z,2026-01-04T21:30:00Z,30,2025-12-17T14:07:59Z,1,438.86694444444447,,0,,,0,,23.0,0.0,0.0,23.0,1,1,0,23.0,157.0,6194.0,,,,,,,,,,,,,,,,,,,,,,,,,,,,,,,,,,,,,,,0,1,1
2026-01-04T21:00:00Z,2026-01-04T22:00:00Z,60,2025-12-17T14:07:59Z,1,438.86694444444447,,0,,,0,,23.0,0.0,0.0,23.0,1,1,0,23.0,157.0,6194.0,,,,,,,,,,,,,,,,,,,,,,,,,,,,,,,,,,,,,,,0,1,1
2026-01-04T21:30:00Z,2026-01-04T22:00:00Z,30,2025-12-17T14:07:59Z,1,439.36694444444447,,0,,,0,,23.0,0.0,0.0,23.0,1,1,0,23.0,156.5,6193.5,,,,,,,,,,,,,,,,,,,,,,,,,,,,,,,,,,,,,,,0,1,1
2026-01-04T21:30:00Z,2026-01-04T22:30:00Z,60,2025-12-17T14:07:59Z,1,439.36694444444447,,0,,,0,,23.0,0.0,0.0,23.0,1,1,0,23.0,156.5,6193.5,,,,,,,,,,,,,,,,,,,,,,,,,,,,,,,,,,,,,,,0,1,1
2026-01-04T22:00:00Z,2026-01-04T22:30:00Z,30,2025-12-17T14:07:59Z,1,439.86694444444447,,0,,,0,,23.0,0.0,0.0,23.0,1,1,0,23.0,156.0,6193.0,,,,,,,,,,,,,,,,,,,,,,,,,,,,,,,,,,,,,,,0,1,1
2026-01-04T22:00:00Z,2026-01-04T23:00:00Z,60,2025-12-17T14:07:59Z,1,439.86694444444447,,0,,,0,,23.0,0.0,0.0,23.0,1,1,0,23.0,156.0,6193.0,,,,,,,,,,,,,,,,,,,,,,,,,,,,,,,,,,,,,,,0,1,1
2026-01-04T22:30:00Z,2026-01-04T23:00:00Z,30,2025-12-17T14:07:59Z,1,440.36694444444447,,0,,,0,,23.0,0.0,0.0,23.0,1,1,0,23.0,155.5,6192.5,,,,,,,,,,,,,,,,,,,,,,,,,,,,,,,,,,,,,,,0,1,1
2026-01-04T22:30:00Z,2026-01-04T23:30:00Z,60,2025-12-17T14:07:59Z,1,440.36694444444447,,0,,,0,,23.0,0.0,0.0,23.0,1,1,0,23.0,155.5,6192.5,,,,,,,,,,,,,,,,,,,,,,,,,,,,,,,,,,,,,,,0,1,1
2026-01-04T23:00:00Z,2026-01-04T23:30:00Z,30,2025-12-17T14:07:59Z,1,440.86694444444447,,0,,,0,,23.0,0.0,0.0,23.0,1,1,0,23.0,155.0,6192.0,,,,,,,,,,,,,,,,,,,,,,,,,,,,,,,,,,,,,,,0,1,1
2026-01-04T23:00:00Z,2026-01-05T00:00:00Z,60,2025-12-17T14:07:59Z,1,440.86694444444447,,0,,,0,,23.0,0.0,0.0,23.0,1,1,0,23.0,155.0,6192.0,,,,,,,,,,,,,,,,,,,,,,,,,,,,,,,,,,,,,,,0,1,1
2026-01-04T23:30:00Z,2026-01-05T00:00:00Z,30,2025-12-17T14:07:59Z,1,441.36694444444447,,0,,,0,,23.0,0.0,0.0,23.0,1,1,0,23.0,154.5,6191.5,,,,,,,,,,,,,,,,,,,,,,,,,,,,,,,,,,,,,,,0,1,1
2026-01-04T23:30:00Z,2026-01-05T00:30:00Z,60,2025-12-17T14:07:59Z,1,441.36694444444447,,0,,,0,,23.0,0.0,0.0,23.0,1,1,0,23.0,154.5,6191.5,,,,,,,,,,,,,,,,,,,,,,,,,,,,,,,,,,,,,,,0,1,1
2026-01-05T00:00:00Z,2026-01-05T00:30:00Z,30,2025-12-17T14:07:59Z,1,441.86694444444447,,0,,,0,,23.0,0.0,0.0,23.0,1,1,0,23.0,154.0,6191.0,,,,,,,,,,,,,,,,,,,,,,,,,,,,,,,,,,,,,,,0,1,1
2026-01-05T00:00:00Z,2026-01-05T01:00:00Z,60,2025-12-17T14:07:59Z,1,441.86694444444447,,0,,,0,,23.0,0.0,0.0,23.0,1,1,0,23.0,154.0,6191.0,,,,,,,,,,,,,,,,,,,,,,,,,,,,,,,,,,,,,,,0,1,1
2026-01-05T00:30:00Z,2026-01-05T01:00:00Z,30,2025-12-17T14:07:59Z,1,442.36694444444447,,0,,,0,,23.0,0.0,0.0,23.0,1,1,0,23.0,153.5,6190.5,,,,,,,,,,,,,,,,,,,,,,,,,,,,,,,,,,,,,,,0,1,1
2026-01-05T00:30:00Z,2026-01-05T01:30:00Z,60,2025-12-17T14:07:59Z,1,442.36694444444447,,0,,,0,,23.0,0.0,0.0,23.0,1,1,0,23.0,153.5,6190.5,,,,,,,,,,,,,,,,,,,,,,,,,,,,,,,,,,,,,,,0,1,1
2026-01-05T01:00:00Z,2026-01-05T01:30:00Z,30,2025-12-17T14:07:59Z,1,442.86694444444447,,0,,,0,,23.0,0.0,0.0,23.0,1,1,0,23.0,153.0,6190.0,,,,,,,,,,,,,,,,,,,,,,,,,,,,,,,,,,,,,,,0,1,1
2026-01-05T01:00:00Z,2026-01-05T02:00:00Z,60,2025-12-17T14:07:59Z,1,442.86694444444447,,0,,,0,,23.0,0.0,0.0,23.0,1,1,0,23.0,153.0,6190.0,,,,,,,,,,,,,,,,,,,,,,,,,,,,,,,,,,,,,,,0,1,1
2026-01-05T01:30:00Z,2026-01-05T02:00:00Z,30,2025-12-17T14:07:59Z,1,443.36694444444447,,0,,,0,,23.0,0.0,0.0,23.0,1,1,0,23.0,152.5,6189.5,,,,,,,,,,,,,,,,,,,,,,,,,,,,,,,,,,,,,,,0,1,1
2026-01-05T01:30:00Z,2026-01-05T02:30:00Z,60,2025-12-17T14:07:59Z,1,443.36694444444447,,0,,,0,,23.0,0.0,0.0,23.0,1,1,0,23.0,152.5,6189.5,,,,,,,,,,,,,,,,,,,,,,,,,,,,,,,,,,,,,,,0,1,1
2026-01-05T02:00:00Z,2026-01-05T02:30:00Z,30,2025-12-17T14:07:59Z,1,443.86694444444447,,0,,,0,,23.0,0.0,0.0,23.0,1,1,0,23.0,152.0,6189.0,,,,,,,,,,,,,,,,,,,,,,,,,,,,,,,,,,,,,,,0,1,1
2026-01-05T02:00:00Z,2026-01-05T03:00:00Z,60,2025-12-17T14:07:59Z,1,443.86694444444447,,0,,,0,,23.0,0.0,0.0,23.0,1,1,0,23.0,152.0,6189.0,,,,,,,,,,,,,,,,,,,,,,,,,,,,,,,,,,,,,,,0,1,1
2026-01-05T02:30:00Z,2026-01-05T03:00:00Z,30,2025-12-17T14:07:59Z,1,444.36694444444447,,0,,,0,,23.0,0.0,0.0,23.0,1,1,0,23.0,151.5,6188.5,,,,,,,,,,,,,,,,,,,,,,,,,,,,,,,,,,,,,,,0,1,1
2026-01-05T02:30:00Z,2026-01-05T03:30:00Z,60,2025-12-17T14:07:59Z,1,444.36694444444447,,0,,,0,,23.0,0.0,0.0,23.0,1,1,0,23.0,151.5,6188.5,,,,,,,,,,,,,,,,,,,,,,,,,,,,,,,,,,,,,,,0,1,1
2026-01-05T03:00:00Z,2026-01-05T03:30:00Z,30,2025-12-17T14:07:59Z,1,444.86694444444447,,0,,,0,,23.0,0.0,0.0,23.0,1,1,0,23.0,151.0,6188.0,,,,,,,,,,,,,,,,,,,,,,,,,,,,,,,,,,,,,,,0,1,1
2026-01-05T03:00:00Z,2026-01-05T04:00:00Z,60,2025-12-17T14:07:59Z,1,444.86694444444447,,0,,,0,,23.0,0.0,0.0,23.0,1,1,0,23.0,151.0,6188.0,,,,,,,,,,,,,,,,,,,,,,,,,,,,,,,,,,,,,,,0,1,1
2026-01-05T03:30:00Z,2026-01-05T04:00:00Z,30,2025-12-17T14:07:59Z,1,445.36694444444447,,0,,,0,,23.0,0.0,0.0,23.0,1,1,0,23.0,150.5,6187.5,,,,,,,,,,,,,,,,,,,,,,,,,,,,,,,,,,,,,,,0,1,1
2026-01-05T03:30:00Z,2026-01-05T04:30:00Z,60,2025-12-17T14:07:59Z,1,445.36694444444447,,0,,,0,,23.0,0.0,0.0,23.0,1,1,0,23.0,150.5,6187.5,,,,,,,,,,,,,,,,,,,,,,,,,,,,,,,,,,,,,,,0,1,1
2026-01-05T04:00:00Z,2026-01-05T04:30:00Z,30,2025-12-17T14:07:59Z,1,445.86694444444447,,0,,,0,,23.0,0.0,0.0,23.0,1,1,0,23.0,150.0,6187.0,,,,,,,,,,,,,,,,,,,,,,,,,,,,,,,,,,,,,,,0,1,1
2026-01-05T04:00:00Z,2026-01-05T05:00:00Z,60,2025-12-17T14:07:59Z,1,445.86694444444447,,0,,,0,,23.0,0.0,0.0,23.0,1,1,0,23.0,150.0,6187.0,,,,,,,,,,,,,,,,,,,,,,,,,,,,,,,,,,,,,,,0,1,1
2026-01-05T04:30:00Z,2026-01-05T05:00:00Z,30,2025-12-17T14:07:59Z,1,446.36694444444447,,0,,,0,,23.0,0.0,0.0,23.0,1,1,0,23.0,149.5,6186.5,,,,,,,,,,,,,,,,,,,,,,,,,,,,,,,,,,,,,,,0,1,1
2026-01-05T04:30:00Z,2026-01-05T05:30:00Z,60,2025-12-17T14:07:59Z,1,446.36694444444447,,0,,,0,,23.0,0.0,0.0,23.0,1,1,0,23.0,149.5,6186.5,,,,,,,,,,,,,,,,,,,,,,,,,,,,,,,,,,,,,,,0,1,1
2026-01-05T05:00:00Z,2026-01-05T05:30:00Z,30,2025-12-17T14:07:59Z,1,446.86694444444447,,0,,,0,,23.0,0.0,0.0,23.0,1,1,0,23.0,149.0,6186.0,,,,,,,,,,,,,,,,,,,,,,,,,,,,,,,,,,,,,,,0,1,1
2026-01-05T05:00:00Z,2026-01-05T06:00:00Z,60,2025-12-17T14:07:59Z,1,446.86694444444447,,0,,,0,,23.0,0.0,0.0,23.0,1,1,0,23.0,149.0,6186.0,,,,,,,,,,,,,,,,,,,,,,,,,,,,,,,,,,,,,,,0,1,1
2026-01-05T05:30:00Z,2026-01-05T06:00:00Z,30,2025-12-17T14:07:59Z,1,447.36694444444447,,0,,,0,,23.0,0.0,0.0,23.0,1,1,0,23.0,148.5,6185.5,,,,,,,,,,,,,,,,,,,,,,,,,,,,,,,,,,,,,,,0,1,1
2026-01-05T05:30:00Z,2026-01-05T06:30:00Z,60,2025-12-17T14:07:59Z,1,447.36694444444447,,0,,,0,,23.0,0.0,0.0,23.0,1,1,0,23.0,148.5,6185.5,,,,,,,,,,,,,,,,,,,,,,,,,,,,,,,,,,,,,,,0,1,1
2026-01-05T06:00:00Z,2026-01-05T06:30:00Z,30,2025-12-17T14:07:59Z,1,447.86694444444447,,0,,,0,,23.0,0.0,0.0,23.0,1,1,0,23.0,148.0,6185.0,,,,,,,,,,,,,,,,,,,,,,,,,,,,,,,,,,,,,,,0,1,1
2026-01-05T06:00:00Z,2026-01-05T07:00:00Z,60,2025-12-17T14:07:59Z,1,447.86694444444447,,0,,,0,,23.0,0.0,0.0,23.0,1,1,0,23.0,148.0,6185.0,,,,,,,,,,,,,,,,,,,,,,,,,,,,,,,,,,,,,,,0,1,1
2026-01-05T06:30:00Z,2026-01-05T07:00:00Z,30,2025-12-17T14:07:59Z,1,448.36694444444447,,0,,,0,,23.0,0.0,0.0,23.0,1,1,0,23.0,147.5,6184.5,,,,,,,,,,,,,,,,,,,,,,,,,,,,,,,,,,,,,,,0,1,1
2026-01-05T06:30:00Z,2026-01-05T07:30:00Z,60,2025-12-17T14:07:59Z,1,448.36694444444447,,0,,,0,,23.0,0.0,0.0,23.0,1,1,0,23.0,147.5,6184.5,,,,,,,,,,,,,,,,,,,,,,,,,,,,,,,,,,,,,,,0,1,1
2026-01-05T07:00:00Z,2026-01-05T07:30:00Z,30,2025-12-17T14:07:59Z,1,448.86694444444447,,0,,,0,,23.0,0.0,0.0,23.0,1,1,0,23.0,147.0,6184.0,,,,,,,,,,,,,,,,,,,,,,,,,,,,,,,,,,,,,,,0,1,1
2026-01-05T07:00:00Z,2026-01-05T08:00:00Z,60,2025-12-17T14:07:59Z,1,448.86694444444447,,0,,,0,,23.0,0.0,0.0,23.0,1,1,0,23.0,147.0,6184.0,,,,,,,,,,,,,,,,,,,,,,,,,,,,,,,,,,,,,,,0,1,1
2026-01-05T07:30:00Z,2026-01-05T08:00:00Z,30,2025-12-17T14:07:59Z,1,449.36694444444447,,0,,,0,,23.0,0.0,0.0,23.0,1,1,0,23.0,146.5,6183.5,,,,,,,,,,,,,,,,,,,,,,,,,,,,,,,,,,,,,,,0,1,1
2026-01-05T07:30:00Z,2026-01-05T08:30:00Z,60,2025-12-17T14:07:59Z,1,449.36694444444447,,0,,,0,,23.0,0.0,0.0,23.0,1,1,0,23.0,146.5,6183.5,,,,,,,,,,,,,,,,,,,,,,,,,,,,,,,,,,,,,,,0,1,1
2026-01-05T08:00:00Z,2026-01-05T08:30:00Z,30,2025-12-17T14:07:59Z,1,449.86694444444447,,0,,,0,,23.0,0.0,0.0,23.0,1,1,0,23.0,146.0,6183.0,,,,,,,,,,,,,,,,,,,,,,,,,,,,,,,,,,,,,,,0,1,1
2026-01-05T08:00:00Z,2026-01-05T09:00:00Z,60,2025-12-17T14:07:59Z,1,449.86694444444447,,0,,,0,,23.0,0.0,0.0,23.0,1,1,0,23.0,146.0,6183.0,,,,,,,,,,,,,,,,,,,,,,,,,,,,,,,,,,,,,,,0,1,1
2026-01-05T08:30:00Z,2026-01-05T09:00:00Z,30,2025-12-17T14:07:59Z,1,450.36694444444447,,0,,,0,,23.0,0.0,0.0,23.0,1,1,0,23.0,145.5,6182.5,,,,,,,,,,,,,,,,,,,,,,,,,,,,,,,,,,,,,,,0,1,1
2026-01-05T08:30:00Z,2026-01-05T09:30:00Z,60,2025-12-17T14:07:59Z,1,450.36694444444447,,0,,,0,,23.0,0.0,0.0,23.0,1,1,0,23.0,145.5,6182.5,,,,,,,,,,,,,,,,,,,,,,,,,,,,,,,,,,,,,,,0,1,1
2026-01-05T09:00:00Z,2026-01-05T09:30:00Z,30,2025-12-17T14:07:59Z,1,450.86694444444447,,0,,,0,,23.0,0.0,0.0,23.0,1,1,0,23.0,145.0,6182.0,,,,,,,,,,,,,,,,,,,,,,,,,,,,,,,,,,,,,,,0,1,1
2026-01-05T09:00:00Z,2026-01-05T10:00:00Z,60,2025-12-17T14:07:59Z,1,450.86694444444447,,0,,,0,,23.0,0.0,0.0,23.0,1,1,0,23.0,145.0,6182.0,,,,,,,,,,,,,,,,,,,,,,,,,,,,,,,,,,,,,,,0,1,1
2026-01-05T09:30:00Z,2026-01-05T10:00:00Z,30,2025-12-17T14:07:59Z,1,451.36694444444447,,0,,,0,,23.0,0.0,0.0,23.0,1,1,0,23.0,144.5,6181.5,,,,,,,,,,,,,,,,,,,,,,,,,,,,,,,,,,,,,,,0,1,1
2026-01-05T09:30:00Z,2026-01-05T10:30:00Z,60,2025-12-17T14:07:59Z,1,451.36694444444447,,0,,,0,,23.0,0.0,0.0,23.0,1,1,0,23.0,144.5,6181.5,,,,,,,,,,,,,,,,,,,,,,,,,,,,,,,,,,,,,,,0,1,1
2026-01-05T10:00:00Z,2026-01-05T10:30:00Z,30,2025-12-17T14:07:59Z,1,451.86694444444447,,0,,,0,,23.0,0.0,0.0,23.0,1,1,0,23.0,144.0,6181.0,,,,,,,,,,,,,,,,,,,,,,,,,,,,,,,,,,,,,,,0,1,1
2026-01-05T10:00:00Z,2026-01-05T11:00:00Z,60,2025-12-17T14:07:59Z,1,451.86694444444447,,0,,,0,,23.0,0.0,0.0,23.0,1,1,0,23.0,144.0,6181.0,,,,,,,,,,,,,,,,,,,,,,,,,,,,,,,,,,,,,,,0,1,1
2026-01-05T10:30:00Z,2026-01-05T11:00:00Z,30,2025-12-17T14:07:59Z,1,452.36694444444447,,0,,,0,,23.0,0.0,0.0,23.0,1,1,0,23.0,143.5,6180.5,,,,,,,,,,,,,,,,,,,,,,,,,,,,,,,,,,,,,,,0,1,1
2026-01-05T10:30:00Z,2026-01-05T11:30:00Z,60,2025-12-17T14:07:59Z,1,452.36694444444447,,0,,,0,,23.0,0.0,0.0,23.0,1,1,0,23.0,143.5,6180.5,,,,,,,,,,,,,,,,,,,,,,,,,,,,,,,,,,,,,,,0,1,1
2026-01-05T11:00:00Z,2026-01-05T11:30:00Z,30,2025-12-17T14:07:59Z,1,452.86694444444447,,0,,,0,,23.0,0.0,0.0,23.0,1,1,0,23.0,143.0,6180.0,,,,,,,,,,,,,,,,,,,,,,,,,,,,,,,,,,,,,,,0,1,1
2026-01-05T11:00:00Z,2026-01-05T12:00:00Z,60,2025-12-17T14:07:59Z,1,452.86694444444447,,0,,,0,,23.0,0.0,0.0,23.0,1,1,0,23.0,143.0,6180.0,,,,,,,,,,,,,,,,,,,,,,,,,,,,,,,,,,,,,,,0,1,1
2026-01-05T11:30:00Z,2026-01-05T12:00:00Z,30,2025-12-17T14:07:59Z,1,453.36694444444447,,0,,,0,,23.0,0.0,0.0,23.0,1,1,0,23.0,142.5,6179.5,,,,,,,,,,,,,,,,,,,,,,,,,,,,,,,,,,,,,,,0,1,1
2026-01-05T11:30:00Z,2026-01-05T12:30:00Z,60,2025-12-17T14:07:59Z,1,453.36694444444447,,0,,,0,,23.0,0.0,0.0,23.0,1,1,0,23.0,142.5,6179.5,,,,,,,,,,,,,,,,,,,,,,,,,,,,,,,,,,,,,,,0,1,1
2026-01-05T12:00:00Z,2026-01-05T12:30:00Z,30,2025-12-17T14:07:59Z,1,453.86694444444447,,0,,,0,,23.0,0.0,0.0,23.0,1,1,0,23.0,142.0,6179.0,,,,,,,,,,,,,,,,,,,,,,,,,,,,,,,,,,,,,,,0,1,1
2026-01-05T12:00:00Z,2026-01-05T13:00:00Z,60,2025-12-17T14:07:59Z,1,453.86694444444447,,0,,,0,,23.0,0.0,0.0,23.0,1,1,0,23.0,142.0,6179.0,,,,,,,,,,,,,,,,,,,,,,,,,,,,,,,,,,,,,,,0,1,1
2026-01-05T12:30:00Z,2026-01-05T13:00:00Z,30,2025-12-17T14:07:59Z,1,454.36694444444447,,0,,,0,,23.0,0.0,0.0,23.0,1,1,0,23.0,141.5,6178.5,,,,,,,,,,,,,,,,,,,,,,,,,,,,,,,,,,,,,,,0,1,1
2026-01-05T12:30:00Z,2026-01-05T13:30:00Z,60,2025-12-17T14:07:59Z,1,454.36694444444447,,0,,,0,,23.0,0.0,0.0,23.0,1,1,0,23.0,141.5,6178.5,,,,,,,,,,,,,,,,,,,,,,,,,,,,,,,,,,,,,,,0,1,1
2026-01-05T13:00:00Z,2026-01-05T13:30:00Z,30,2025-12-17T14:07:59Z,1,454.86694444444447,,0,,,0,,23.0,0.0,0.0,23.0,1,1,0,23.0,141.0,6178.0,,,,,,,,,,,,,,,,,,,,,,,,,,,,,,,,,,,,,,,0,1,1
2026-01-05T13:00:00Z,2026-01-05T14:00:00Z,60,2025-12-17T14:07:59Z,1,454.86694444444447,,0,,,0,,23.0,0.0,0.0,23.0,1,1,0,23.0,141.0,6178.0,,,,,,,,,,,,,,,,,,,,,,,,,,,,,,,,,,,,,,,0,1,1
2026-01-05T13:30:00Z,2026-01-05T14:00:00Z,30,2025-12-17T14:07:59Z,1,455.36694444444447,,0,,,0,,23.0,0.0,0.0,23.0,1,1,0,23.0,140.5,6177.5,,,,,,,,,,,,,,,,,,,,,,,,,,,,,,,,,,,,,,,0,1,1
2026-01-05T13:30:00Z,2026-01-05T14:30:00Z,60,2025-12-17T14:07:59Z,1,455.36694444444447,,0,,,0,,23.0,0.0,0.0,23.0,1,1,0,23.0,140.5,6177.5,,,,,,,,,,,,,,,,,,,,,,,,,,,,,,,,,,,,,,,0,1,1
2026-01-05T14:00:00Z,2026-01-05T14:30:00Z,30,2025-12-17T14:07:59Z,1,455.86694444444447,,0,,,0,,23.0,0.0,0.0,23.0,1,1,0,23.0,140.0,6177.0,,,,,,,,,,,,,,,,,,,,,,,,,,,,,,,,,,,,,,,0,1,1
2026-01-05T14:00:00Z,2026-01-05T15:00:00Z,60,2025-12-17T14:07:59Z,1,455.86694444444447,,0,,,0,,23.0,0.0,0.0,23.0,1,1,0,23.0,140.0,6177.0,,,,,,,,,,,,,,,,,,,,,,,,,,,,,,,,,,,,,,,0,1,1
2026-01-05T14:30:00Z,2026-01-05T15:00:00Z,30,2025-12-17T14:07:59Z,1,456.36694444444447,,0,,,0,,23.0,0.0,0.0,23.0,1,1,0,23.0,139.5,6176.5,,,,,,,,,,,,,,,,,,,,,,,,,,,,,,,,,,,,,,,0,1,1
2026-01-05T14:30:00Z,2026-01-05T15:30:00Z,60,2025-12-17T14:07:59Z,1,456.36694444444447,,0,,,0,,23.0,0.0,0.0,23.0,1,1,0,23.0,139.5,6176.5,,,,,,,,,,,,,,,,,,,,,,,,,,,,,,,,,,,,,,,0,1,1
2026-01-05T15:00:00Z,2026-01-05T15:30:00Z,30,2025-12-17T14:07:59Z,1,456.86694444444447,,0,,,0,,23.0,0.0,0.0,23.0,1,1,0,23.0,139.0,6176.0,,,,,,,,,,,,,,,,,,,,,,,,,,,,,,,,,,,,,,,0,1,1
2026-01-05T15:00:00Z,2026-01-05T16:00:00Z,60,2025-12-17T14:07:59Z,1,456.86694444444447,,0,,,0,,23.0,0.0,0.0,23.0,1,1,0,23.0,139.0,6176.0,,,,,,,,,,,,,,,,,,,,,,,,,,,,,,,,,,,,,,,0,1,1
2026-01-05T15:30:00Z,2026-01-05T16:00:00Z,30,2025-12-17T14:07:59Z,1,457.36694444444447,,0,,,0,,23.0,0.0,0.0,23.0,1,1,0,23.0,138.5,6175.5,,,,,,,,,,,,,,,,,,,,,,,,,,,,,,,,,,,,,,,0,1,1
2026-01-05T15:30:00Z,2026-01-05T16:30:00Z,60,2025-12-17T14:07:59Z,1,457.36694444444447,,0,,,0,,23.0,0.0,0.0,23.0,1,1,0,23.0,138.5,6175.5,,,,,,,,,,,,,,,,,,,,,,,,,,,,,,,,,,,,,,,0,1,1
2026-01-05T16:00:00Z,2026-01-05T16:30:00Z,30,2025-12-17T14:07:59Z,1,457.86694444444447,,0,,,0,,23.0,0.0,0.0,23.0,1,1,0,23.0,138.0,6175.0,,,,,,,,,,,,,,,,,,,,,,,,,,,,,,,,,,,,,,,0,1,1
2026-01-05T16:00:00Z,2026-01-05T17:00:00Z,60,2025-12-17T14:07:59Z,1,457.86694444444447,,0,,,0,,23.0,0.0,0.0,23.0,1,1,0,23.0,138.0,6175.0,,,,,,,,,,,,,,,,,,,,,,,,,,,,,,,,,,,,,,,0,1,1
2026-01-05T16:30:00Z,2026-01-05T17:00:00Z,30,2025-12-17T14:07:59Z,1,458.36694444444447,,0,,,0,,23.0,0.0,0.0,23.0,1,1,0,23.0,137.5,6174.5,,,,,,,,,,,,,,,,,,,,,,,,,,,,,,,,,,,,,,,0,1,1
2026-01-05T16:30:00Z,2026-01-05T17:30:00Z,60,2025-12-17T14:07:59Z,1,458.36694444444447,,0,,,0,,23.0,0.0,0.0,23.0,1,1,0,23.0,137.5,6174.5,,,,,,,,,,,,,,,,,,,,,,,,,,,,,,,,,,,,,,,0,1,1
2026-01-05T17:00:00Z,2026-01-05T17:30:00Z,30,2025-12-17T14:07:59Z,1,458.86694444444447,,0,,,0,,23.0,0.0,0.0,23.0,1,1,0,23.0,137.0,6174.0,,,,,,,,,,,,,,,,,,,,,,,,,,,,,,,,,,,,,,,0,1,1
2026-01-05T17:00:00Z,2026-01-05T18:00:00Z,60,2025-12-17T14:07:59Z,1,458.86694444444447,,0,,,0,,23.0,0.0,0.0,23.0,1,1,0,23.0,137.0,6174.0,,,,,,,,,,,,,,,,,,,,,,,,,,,,,,,,,,,,,,,0,1,1
2026-01-05T17:30:00Z,2026-01-05T18:00:00Z,30,2025-12-17T14:07:59Z,1,459.36694444444447,,0,,,0,,23.0,0.0,0.0,23.0,1,1,0,23.0,136.5,6173.5,,,,,,,,,,,,,,,,,,,,,,,,,,,,,,,,,,,,,,,0,1,1
2026-01-05T17:30:00Z,2026-01-05T18:30:00Z,60,2025-12-17T14:07:59Z,1,459.36694444444447,,0,,,0,,23.0,0.0,0.0,23.0,1,1,0,23.0,136.5,6173.5,,,,,,,,,,,,,,,,,,,,,,,,,,,,,,,,,,,,,,,0,1,1
2026-01-05T18:00:00Z,2026-01-05T18:30:00Z,30,2025-12-17T14:07:59Z,1,459.86694444444447,,0,,,0,,23.0,0.0,0.0,23.0,1,1,0,23.0,136.0,6173.0,,,,,,,,,,,,,,,,,,,,,,,,,,,,,,,,,,,,,,,0,1,1
2026-01-05T18:00:00Z,2026-01-05T19:00:00Z,60,2025-12-17T14:07:59Z,1,459.86694444444447,,0,,,0,,23.0,0.0,0.0,23.0,1,1,0,23.0,136.0,6173.0,,,,,,,,,,,,,,,,,,,,,,,,,,,,,,,,,,,,,,,0,1,1
2026-01-05T18:30:00Z,2026-01-05T19:00:00Z,30,2025-12-17T14:07:59Z,1,460.36694444444447,,0,,,0,,23.0,0.0,0.0,23.0,1,1,0,23.0,135.5,6172.5,,,,,,,,,,,,,,,,,,,,,,,,,,,,,,,,,,,,,,,0,1,1
2026-01-05T18:30:00Z,2026-01-05T19:30:00Z,60,2025-12-17T14:07:59Z,1,460.36694444444447,,0,,,0,,23.0,0.0,0.0,23.0,1,1,0,23.0,135.5,6172.5,,,,,,,,,,,,,,,,,,,,,,,,,,,,,,,,,,,,,,,0,1,1
2026-01-05T19:00:00Z,2026-01-05T19:30:00Z,30,2025-12-17T14:07:59Z,1,460.86694444444447,,0,,,0,,23.0,0.0,0.0,23.0,1,1,0,23.0,135.0,6172.0,,,,,,,,,,,,,,,,,,,,,,,,,,,,,,,,,,,,,,,0,1,1
2026-01-05T19:00:00Z,2026-01-05T20:00:00Z,60,2025-12-17T14:07:59Z,1,460.86694444444447,,0,,,0,,23.0,0.0,0.0,23.0,1,1,0,23.0,135.0,6172.0,,,,,,,,,,,,,,,,,,,,,,,,,,,,,,,,,,,,,,,0,1,1
2026-01-05T19:30:00Z,2026-01-05T20:00:00Z,30,2025-12-17T14:07:59Z,1,461.36694444444447,,0,,,0,,23.0,0.0,0.0,23.0,1,1,0,23.0,134.5,6171.5,,,,,,,,,,,,,,,,,,,,,,,,,,,,,,,,,,,,,,,0,1,1
2026-01-05T19:30:00Z,2026-01-05T20:30:00Z,60,2025-12-17T14:07:59Z,1,461.36694444444447,,0,,,0,,23.0,0.0,0.0,23.0,1,1,0,23.0,134.5,6171.5,,,,,,,,,,,,,,,,,,,,,,,,,,,,,,,,,,,,,,,0,1,1
2026-01-05T20:00:00Z,2026-01-05T20:30:00Z,30,2025-12-17T14:07:59Z,1,461.86694444444447,,0,,,0,,23.0,0.0,0.0,23.0,1,1,0,23.0,134.0,6171.0,,,,,,,,,,,,,,,,,,,,,,,,,,,,,,,,,,,,,,,0,1,1
2026-01-05T20:00:00Z,2026-01-05T21:00:00Z,60,2025-12-17T14:07:59Z,1,461.86694444444447,,0,,,0,,23.0,0.0,0.0,23.0,1,1,0,23.0,134.0,6171.0,,,,,,,,,,,,,,,,,,,,,,,,,,,,,,,,,,,,,,,0,1,1
2026-01-05T20:30:00Z,2026-01-05T21:00:00Z,30,2025-12-17T14:07:59Z,1,462.36694444444447,,0,,,0,,23.0,0.0,0.0,23.0,1,1,0,23.0,133.5,6170.5,,,,,,,,,,,,,,,,,,,,,,,,,,,,,,,,,,,,,,,0,1,1
2026-01-05T20:30:00Z,2026-01-05T21:30:00Z,60,2025-12-17T14:07:59Z,1,462.36694444444447,,0,,,0,,23.0,0.0,0.0,23.0,1,1,0,23.0,133.5,6170.5,,,,,,,,,,,,,,,,,,,,,,,,,,,,,,,,,,,,,,,0,1,1
2026-01-05T21:00:00Z,2026-01-05T21:30:00Z,30,2025-12-17T14:07:59Z,1,462.86694444444447,,0,,,0,,23.0,0.0,0.0,23.0,1,1,0,23.0,133.0,6170.0,,,,,,,,,,,,,,,,,,,,,,,,,,,,,,,,,,,,,,,0,1,1
2026-01-05T21:00:00Z,2026-01-05T22:00:00Z,60,2025-12-17T14:07:59Z,1,462.86694444444447,,0,,,0,,23.0,0.0,0.0,23.0,1,1,0,23.0,133.0,6170.0,,,,,,,,,,,,,,,,,,,,,,,,,,,,,,,,,,,,,,,0,1,1
2026-01-05T21:30:00Z,2026-01-05T22:00:00Z,30,2025-12-17T14:07:59Z,1,463.36694444444447,,0,,,0,,23.0,0.0,0.0,23.0,1,1,0,23.0,132.5,6169.5,,,,,,,,,,,,,,,,,,,,,,,,,,,,,,,,,,,,,,,0,1,1
2026-01-05T21:30:00Z,2026-01-05T22:30:00Z,60,2025-12-17T14:07:59Z,1,463.36694444444447,,0,,,0,,23.0,0.0,0.0,23.0,1,1,0,23.0,132.5,6169.5,,,,,,,,,,,,,,,,,,,,,,,,,,,,,,,,,,,,,,,0,1,1
2026-01-05T22:00:00Z,2026-01-05T22:30:00Z,30,2025-12-17T14:07:59Z,1,463.86694444444447,,0,,,0,,23.0,0.0,0.0,23.0,1,1,0,23.0,132.0,6169.0,,,,,,,,,,,,,,,,,,,,,,,,,,,,,,,,,,,,,,,0,1,1
2026-01-05T22:00:00Z,2026-01-05T23:00:00Z,60,2025-12-17T14:07:59Z,1,463.86694444444447,,0,,,0,,23.0,0.0,0.0,23.0,1,1,0,23.0,132.0,6169.0,,,,,,,,,,,,,,,,,,,,,,,,,,,,,,,,,,,,,,,0,1,1
2026-01-05T22:30:00Z,2026-01-05T23:00:00Z,30,2025-12-17T14:07:59Z,1,464.36694444444447,,0,,,0,,23.0,0.0,0.0,23.0,1,1,0,23.0,131.5,6168.5,,,,,,,,,,,,,,,,,,,,,,,,,,,,,,,,,,,,,,,0,1,1
2026-01-05T22:30:00Z,2026-01-05T23:30:00Z,60,2025-12-17T14:07:59Z,1,464.36694444444447,,0,,,0,,23.0,0.0,0.0,23.0,1,1,0,23.0,131.5,6168.5,,,,,,,,,,,,,,,,,,,,,,,,,,,,,,,,,,,,,,,0,1,1
2026-01-05T23:00:00Z,2026-01-05T23:30:00Z,30,2025-12-17T14:07:59Z,1,464.86694444444447,,0,,,0,,23.0,0.0,0.0,23.0,1,1,0,23.0,131.0,6168.0,,,,,,,,,,,,,,,,,,,,,,,,,,,,,,,,,,,,,,,0,1,1
2026-01-05T23:00:00Z,2026-01-06T00:00:00Z,60,2025-12-17T14:07:59Z,1,464.86694444444447,,0,,,0,,23.0,0.0,0.0,23.0,1,1,0,23.0,131.0,6168.0,,,,,,,,,,,,,,,,,,,,,,,,,,,,,,,,,,,,,,,0,1,1
2026-01-05T23:30:00Z,2026-01-06T00:00:00Z,30,2025-12-17T14:07:59Z,1,465.36694444444447,,0,,,0,,23.0,0.0,0.0,23.0,1,1,0,23.0,130.5,6167.5,,,,,,,,,,,,,,,,,,,,,,,,,,,,,,,,,,,,,,,0,1,1
2026-01-05T23:30:00Z,2026-01-06T00:30:00Z,60,2025-12-17T14:07:59Z,1,465.36694444444447,,0,,,0,,23.0,0.0,0.0,23.0,1,1,0,23.0,130.5,6167.5,,,,,,,,,,,,,,,,,,,,,,,,,,,,,,,,,,,,,,,0,1,1
2026-01-06T00:00:00Z,2026-01-06T00:30:00Z,30,2025-12-17T14:07:59Z,1,465.86694444444447,,0,,,0,,23.0,0.0,0.0,23.0,1,1,0,23.0,130.0,6167.0,,,,,,,,,,,,,,,,,,,,,,,,,,,,,,,,,,,,,,,0,1,1
2026-01-06T00:00:00Z,2026-01-06T01:00:00Z,60,2025-12-17T14:07:59Z,1,465.86694444444447,,0,,,0,,23.0,0.0,0.0,23.0,1,1,0,23.0,130.0,6167.0,,,,,,,,,,,,,,,,,,,,,,,,,,,,,,,,,,,,,,,0,1,1
2026-01-06T00:30:00Z,2026-01-06T01:00:00Z,30,2025-12-17T14:07:59Z,1,466.36694444444447,,0,,,0,,23.0,0.0,0.0,23.0,1,1,0,23.0,129.5,6166.5,,,,,,,,,,,,,,,,,,,,,,,,,,,,,,,,,,,,,,,0,1,1
2026-01-06T00:30:00Z,2026-01-06T01:30:00Z,60,2025-12-17T14:07:59Z,1,466.36694444444447,,0,,,0,,23.0,0.0,0.0,23.0,1,1,0,23.0,129.5,6166.5,,,,,,,,,,,,,,,,,,,,,,,,,,,,,,,,,,,,,,,0,1,1
2026-01-06T01:00:00Z,2026-01-06T01:30:00Z,30,2025-12-17T14:07:59Z,1,466.86694444444447,,0,,,0,,23.0,0.0,0.0,23.0,1,1,0,23.0,129.0,6166.0,,,,,,,,,,,,,,,,,,,,,,,,,,,,,,,,,,,,,,,0,1,1
2026-01-06T01:00:00Z,2026-01-06T02:00:00Z,60,2025-12-17T14:07:59Z,1,466.86694444444447,,0,,,0,,23.0,0.0,0.0,23.0,1,1,0,23.0,129.0,6166.0,,,,,,,,,,,,,,,,,,,,,,,,,,,,,,,,,,,,,,,0,1,1
2026-01-06T01:30:00Z,2026-01-06T02:00:00Z,30,2025-12-17T14:07:59Z,1,467.36694444444447,,0,,,0,,23.0,0.0,0.0,23.0,1,1,0,23.0,128.5,6165.5,,,,,,,,,,,,,,,,,,,,,,,,,,,,,,,,,,,,,,,0,1,1
2026-01-06T01:30:00Z,2026-01-06T02:30:00Z,60,2025-12-17T14:07:59Z,1,467.36694444444447,,0,,,0,,23.0,0.0,0.0,23.0,1,1,0,23.0,128.5,6165.5,,,,,,,,,,,,,,,,,,,,,,,,,,,,,,,,,,,,,,,0,1,1
2026-01-06T02:00:00Z,2026-01-06T02:30:00Z,30,2025-12-17T14:07:59Z,1,467.86694444444447,,0,,,0,,23.0,0.0,0.0,23.0,1,1,0,23.0,128.0,6165.0,,,,,,,,,,,,,,,,,,,,,,,,,,,,,,,,,,,,,,,0,1,1
2026-01-06T02:00:00Z,2026-01-06T03:00:00Z,60,2025-12-17T14:07:59Z,1,467.86694444444447,,0,,,0,,23.0,0.0,0.0,23.0,1,1,0,23.0,128.0,6165.0,,,,,,,,,,,,,,,,,,,,,,,,,,,,,,,,,,,,,,,0,1,1
2026-01-06T02:30:00Z,2026-01-06T03:00:00Z,30,2025-12-17T14:07:59Z,1,468.36694444444447,,0,,,0,,23.0,0.0,0.0,23.0,1,1,0,23.0,127.5,6164.5,,,,,,,,,,,,,,,,,,,,,,,,,,,,,,,,,,,,,,,0,1,1
2026-01-06T02:30:00Z,2026-01-06T03:30:00Z,60,2025-12-17T14:07:59Z,1,468.36694444444447,,0,,,0,,23.0,0.0,0.0,23.0,1,1,0,23.0,127.5,6164.5,,,,,,,,,,,,,,,,,,,,,,,,,,,,,,,,,,,,,,,0,1,1
2026-01-06T03:00:00Z,2026-01-06T03:30:00Z,30,2025-12-17T14:07:59Z,1,468.86694444444447,,0,,,0,,23.0,0.0,0.0,23.0,1,1,0,23.0,127.0,6164.0,,,,,,,,,,,,,,,,,,,,,,,,,,,,,,,,,,,,,,,0,1,1
2026-01-06T03:00:00Z,2026-01-06T04:00:00Z,60,2025-12-17T14:07:59Z,1,468.86694444444447,,0,,,0,,23.0,0.0,0.0,23.0,1,1,0,23.0,127.0,6164.0,,,,,,,,,,,,,,,,,,,,,,,,,,,,,,,,,,,,,,,0,1,1
2026-01-06T03:30:00Z,2026-01-06T04:00:00Z,30,2025-12-17T14:07:59Z,1,469.36694444444447,,0,,,0,,23.0,0.0,0.0,23.0,1,1,0,23.0,126.5,6163.5,,,,,,,,,,,,,,,,,,,,,,,,,,,,,,,,,,,,,,,0,1,1
2026-01-06T03:30:00Z,2026-01-06T04:30:00Z,60,2025-12-17T14:07:59Z,1,469.36694444444447,,0,,,0,,23.0,0.0,0.0,23.0,1,1,0,23.0,126.5,6163.5,,,,,,,,,,,,,,,,,,,,,,,,,,,,,,,,,,,,,,,0,1,1
2026-01-06T04:00:00Z,2026-01-06T04:30:00Z,30,2025-12-17T14:07:59Z,1,469.86694444444447,,0,,,0,,23.0,0.0,0.0,23.0,1,1,0,23.0,126.0,6163.0,,,,,,,,,,,,,,,,,,,,,,,,,,,,,,,,,,,,,,,0,1,1
2026-01-06T04:00:00Z,2026-01-06T05:00:00Z,60,2025-12-17T14:07:59Z,1,469.86694444444447,,0,,,0,,23.0,0.0,0.0,23.0,1,1,0,23.0,126.0,6163.0,,,,,,,,,,,,,,,,,,,,,,,,,,,,,,,,,,,,,,,0,1,1
2026-01-06T04:30:00Z,2026-01-06T05:00:00Z,30,2025-12-17T14:07:59Z,1,470.36694444444447,,0,,,0,,23.0,0.0,0.0,23.0,1,1,0,23.0,125.5,6162.5,,,,,,,,,,,,,,,,,,,,,,,,,,,,,,,,,,,,,,,0,1,1
2026-01-06T04:30:00Z,2026-01-06T05:30:00Z,60,2025-12-17T14:07:59Z,1,470.36694444444447,,0,,,0,,23.0,0.0,0.0,23.0,1,1,0,23.0,125.5,6162.5,,,,,,,,,,,,,,,,,,,,,,,,,,,,,,,,,,,,,,,0,1,1
2026-01-06T05:00:00Z,2026-01-06T05:30:00Z,30,2025-12-17T14:07:59Z,1,470.86694444444447,,0,,,0,,23.0,0.0,0.0,23.0,1,1,0,23.0,125.0,6162.0,,,,,,,,,,,,,,,,,,,,,,,,,,,,,,,,,,,,,,,0,1,1
2026-01-06T05:00:00Z,2026-01-06T06:00:00Z,60,2025-12-17T14:07:59Z,1,470.86694444444447,,0,,,0,,23.0,0.0,0.0,23.0,1,1,0,23.0,125.0,6162.0,,,,,,,,,,,,,,,,,,,,,,,,,,,,,,,,,,,,,,,0,1,1
2026-01-06T05:30:00Z,2026-01-06T06:00:00Z,30,2025-12-17T14:07:59Z,1,471.36694444444447,,0,,,0,,23.0,0.0,0.0,23.0,1,1,0,23.0,124.5,6161.5,,,,,,,,,,,,,,,,,,,,,,,,,,,,,,,,,,,,,,,0,1,1
2026-01-06T05:30:00Z,2026-01-06T06:30:00Z,60,2025-12-17T14:07:59Z,1,471.36694444444447,,0,,,0,,23.0,0.0,0.0,23.0,1,1,0,23.0,124.5,6161.5,,,,,,,,,,,,,,,,,,,,,,,,,,,,,,,,,,,,,,,0,1,1
2026-01-06T06:00:00Z,2026-01-06T06:30:00Z,30,2025-12-17T14:07:59Z,1,471.86694444444447,,0,,,0,,23.0,0.0,0.0,23.0,1,1,0,23.0,124.0,6161.0,,,,,,,,,,,,,,,,,,,,,,,,,,,,,,,,,,,,,,,0,1,1
2026-01-06T06:00:00Z,2026-01-06T07:00:00Z,60,2025-12-17T14:07:59Z,1,471.86694444444447,,0,,,0,,23.0,0.0,0.0,23.0,1,1,0,23.0,124.0,6161.0,,,,,,,,,,,,,,,,,,,,,,,,,,,,,,,,,,,,,,,0,1,1
2026-01-06T06:30:00Z,2026-01-06T07:00:00Z,30,2025-12-17T14:07:59Z,1,472.36694444444447,,0,,,0,,23.0,0.0,0.0,23.0,1,1,0,23.0,123.5,6160.5,,,,,,,,,,,,,,,,,,,,,,,,,,,,,,,,,,,,,,,0,1,1
2026-01-06T06:30:00Z,2026-01-06T07:30:00Z,60,2025-12-17T14:07:59Z,1,472.36694444444447,,0,,,0,,23.0,0.0,0.0,23.0,1,1,0,23.0,123.5,6160.5,,,,,,,,,,,,,,,,,,,,,,,,,,,,,,,,,,,,,,,0,1,1
2026-01-06T07:00:00Z,2026-01-06T07:30:00Z,30,2025-12-17T14:07:59Z,1,472.86694444444447,,0,,,0,,23.0,0.0,0.0,23.0,1,1,0,23.0,123.0,6160.0,,,,,,,,,,,,,,,,,,,,,,,,,,,,,,,,,,,,,,,0,1,1
2026-01-06T07:00:00Z,2026-01-06T08:00:00Z,60,2025-12-17T14:07:59Z,1,472.86694444444447,,0,,,0,,23.0,0.0,0.0,23.0,1,1,0,23.0,123.0,6160.0,,,,,,,,,,,,,,,,,,,,,,,,,,,,,,,,,,,,,,,0,1,1
2026-01-06T07:30:00Z,2026-01-06T08:00:00Z,30,2025-12-17T14:07:59Z,1,473.36694444444447,,0,,,0,,23.0,0.0,0.0,23.0,1,1,0,23.0,122.5,6159.5,,,,,,,,,,,,,,,,,,,,,,,,,,,,,,,,,,,,,,,0,1,1
2026-01-06T07:30:00Z,2026-01-06T08:30:00Z,60,2025-12-17T14:07:59Z,1,473.36694444444447,,0,,,0,,23.0,0.0,0.0,23.0,1,1,0,23.0,122.5,6159.5,,,,,,,,,,,,,,,,,,,,,,,,,,,,,,,,,,,,,,,0,1,1
2026-01-06T08:00:00Z,2026-01-06T08:30:00Z,30,2025-12-17T14:07:59Z,1,473.86694444444447,,0,,,0,,23.0,0.0,0.0,23.0,1,1,0,23.0,122.0,6159.0,,,,,,,,,,,,,,,,,,,,,,,,,,,,,,,,,,,,,,,0,1,1
2026-01-06T08:00:00Z,2026-01-06T09:00:00Z,60,2025-12-17T14:07:59Z,1,473.86694444444447,,0,,,0,,23.0,0.0,0.0,23.0,1,1,0,23.0,122.0,6159.0,,,,,,,,,,,,,,,,,,,,,,,,,,,,,,,,,,,,,,,0,1,1
2026-01-06T08:30:00Z,2026-01-06T09:00:00Z,30,2025-12-17T14:07:59Z,1,474.36694444444447,,0,,,0,,23.0,0.0,0.0,23.0,1,1,0,23.0,121.5,6158.5,,,,,,,,,,,,,,,,,,,,,,,,,,,,,,,,,,,,,,,0,1,1
2026-01-06T08:30:00Z,2026-01-06T09:30:00Z,60,2025-12-17T14:07:59Z,1,474.36694444444447,,0,,,0,,23.0,0.0,0.0,23.0,1,1,0,23.0,121.5,6158.5,,,,,,,,,,,,,,,,,,,,,,,,,,,,,,,,,,,,,,,0,1,1
2026-01-06T09:00:00Z,2026-01-06T09:30:00Z,30,2025-12-17T14:07:59Z,1,474.86694444444447,,0,,,0,,23.0,0.0,0.0,23.0,1,1,0,23.0,121.0,6158.0,,,,,,,,,,,,,,,,,,,,,,,,,,,,,,,,,,,,,,,0,1,1
2026-01-06T09:00:00Z,2026-01-06T10:00:00Z,60,2025-12-17T14:07:59Z,1,474.86694444444447,,0,,,0,,23.0,0.0,0.0,23.0,1,1,0,23.0,121.0,6158.0,,,,,,,,,,,,,,,,,,,,,,,,,,,,,,,,,,,,,,,0,1,1
2026-01-06T09:30:00Z,2026-01-06T10:00:00Z,30,2025-12-17T14:07:59Z,1,475.36694444444447,,0,,,0,,23.0,0.0,0.0,23.0,1,1,0,23.0,120.5,6157.5,,,,,,,,,,,,,,,,,,,,,,,,,,,,,,,,,,,,,,,0,1,1
2026-01-06T09:30:00Z,2026-01-06T10:30:00Z,60,2025-12-17T14:07:59Z,1,475.36694444444447,,0,,,0,,23.0,0.0,0.0,23.0,1,1,0,23.0,120.5,6157.5,,,,,,,,,,,,,,,,,,,,,,,,,,,,,,,,,,,,,,,0,1,1
2026-01-06T10:00:00Z,2026-01-06T10:30:00Z,30,2025-12-17T14:07:59Z,1,475.86694444444447,,0,,,0,,23.0,0.0,0.0,23.0,1,1,0,23.0,120.0,6157.0,,,,,,,,,,,,,,,,,,,,,,,,,,,,,,,,,,,,,,,0,1,1
2026-01-06T10:00:00Z,2026-01-06T11:00:00Z,60,2025-12-17T14:07:59Z,1,475.86694444444447,,0,,,0,,23.0,0.0,0.0,23.0,1,1,0,23.0,120.0,6157.0,,,,,,,,,,,,,,,,,,,,,,,,,,,,,,,,,,,,,,,0,1,1
2026-01-06T10:30:00Z,2026-01-06T11:00:00Z,30,2025-12-17T14:07:59Z,1,476.36694444444447,,0,,,0,,23.0,0.0,0.0,23.0,1,1,0,23.0,119.5,6156.5,,,,,,,,,,,,,,,,,,,,,,,,,,,,,,,,,,,,,,,0,1,1
2026-01-06T10:30:00Z,2026-01-06T11:30:00Z,60,2025-12-17T14:07:59Z,1,476.36694444444447,,0,,,0,,23.0,0.0,0.0,23.0,1,1,0,23.0,119.5,6156.5,,,,,,,,,,,,,,,,,,,,,,,,,,,,,,,,,,,,,,,0,1,1
2026-01-06T11:00:00Z,2026-01-06T11:30:00Z,30,2025-12-17T14:07:59Z,1,476.86694444444447,,0,,,0,,23.0,0.0,0.0,23.0,1,1,0,23.0,119.0,6156.0,,,,,,,,,,,,,,,,,,,,,,,,,,,,,,,,,,,,,,,0,1,1
2026-01-06T11:00:00Z,2026-01-06T12:00:00Z,60,2025-12-17T14:07:59Z,1,476.86694444444447,,0,,,0,,23.0,0.0,0.0,23.0,1,1,0,23.0,119.0,6156.0,,,,,,,,,,,,,,,,,,,,,,,,,,,,,,,,,,,,,,,0,1,1
2026-01-06T11:30:00Z,2026-01-06T12:00:00Z,30,2025-12-17T14:07:59Z,1,477.36694444444447,,0,,,0,,23.0,0.0,0.0,23.0,1,1,0,23.0,118.5,6155.5,,,,,,,,,,,,,,,,,,,,,,,,,,,,,,,,,,,,,,,0,1,1
2026-01-06T11:30:00Z,2026-01-06T12:30:00Z,60,2025-12-17T14:07:59Z,1,477.36694444444447,,0,,,0,,23.0,0.0,0.0,23.0,1,1,0,23.0,118.5,6155.5,,,,,,,,,,,,,,,,,,,,,,,,,,,,,,,,,,,,,,,0,1,1
2026-01-06T12:00:00Z,2026-01-06T12:30:00Z,30,2025-12-17T14:07:59Z,1,477.86694444444447,,0,,,0,,23.0,0.0,0.0,23.0,1,1,0,23.0,118.0,6155.0,,,,,,,,,,,,,,,,,,,,,,,,,,,,,,,,,,,,,,,0,1,1
2026-01-06T12:00:00Z,2026-01-06T13:00:00Z,60,2025-12-17T14:07:59Z,1,477.86694444444447,,0,,,0,,23.0,0.0,0.0,23.0,1,1,0,23.0,118.0,6155.0,,,,,,,,,,,,,,,,,,,,,,,,,,,,,,,,,,,,,,,0,1,1
2026-01-06T12:30:00Z,2026-01-06T13:00:00Z,30,2025-12-17T14:07:59Z,1,478.36694444444447,,0,,,0,,23.0,0.0,0.0,23.0,1,1,0,23.0,117.5,6154.5,,,,,,,,,,,,,,,,,,,,,,,,,,,,,,,,,,,,,,,0,1,1
2026-01-06T12:30:00Z,2026-01-06T13:30:00Z,60,2025-12-17T14:07:59Z,1,478.36694444444447,,0,,,0,,23.0,0.0,0.0,23.0,1,1,0,23.0,117.5,6154.5,,,,,,,,,,,,,,,,,,,,,,,,,,,,,,,,,,,,,,,0,1,1
2026-01-06T13:00:00Z,2026-01-06T13:30:00Z,30,2025-12-17T14:07:59Z,1,478.86694444444447,,0,,,0,,23.0,0.0,0.0,23.0,1,1,0,23.0,117.0,6154.0,,,,,,,,,,,,,,,,,,,,,,,,,,,,,,,,,,,,,,,0,1,1
2026-01-06T13:00:00Z,2026-01-06T14:00:00Z,60,2025-12-17T14:07:59Z,1,478.86694444444447,,0,,,0,,23.0,0.0,0.0,23.0,1,1,0,23.0,117.0,6154.0,,,,,,,,,,,,,,,,,,,,,,,,,,,,,,,,,,,,,,,0,1,1
2026-01-06T13:30:00Z,2026-01-06T14:00:00Z,30,2025-12-17T14:07:59Z,1,479.36694444444447,,0,,,0,,23.0,0.0,0.0,23.0,1,1,0,23.0,116.5,6153.5,,,,,,,,,,,,,,,,,,,,,,,,,,,,,,,,,,,,,,,0,1,1
2026-01-06T13:30:00Z,2026-01-06T14:30:00Z,60,2025-12-17T14:07:59Z,1,479.36694444444447,,0,,,0,,23.0,0.0,0.0,23.0,1,1,0,23.0,116.5,6153.5,,,,,,,,,,,,,,,,,,,,,,,,,,,,,,,,,,,,,,,0,1,1
2026-01-06T14:00:00Z,2026-01-06T14:30:00Z,30,2025-12-17T14:07:59Z,1,479.86694444444447,,0,,,0,,23.0,0.0,0.0,23.0,1,1,0,23.0,116.0,6153.0,,,,,,,,,,,,,,,,,,,,,,,,,,,,,,,,,,,,,,,0,1,1
2026-01-06T14:00:00Z,2026-01-06T15:00:00Z,60,2025-12-17T14:07:59Z,1,479.86694444444447,,0,,,0,,23.0,0.0,0.0,23.0,1,1,0,23.0,116.0,6153.0,,,,,,,,,,,,,,,,,,,,,,,,,,,,,,,,,,,,,,,0,1,1
2026-01-06T14:30:00Z,2026-01-06T15:00:00Z,30,2025-12-17T14:07:59Z,1,480.36694444444447,,0,,,0,,23.0,0.0,0.0,23.0,1,1,0,23.0,115.5,6152.5,,,,,,,,,,,,,,,,,,,,,,,,,,,,,,,,,,,,,,,0,1,1
2026-01-06T14:30:00Z,2026-01-06T15:30:00Z,60,2025-12-17T14:07:59Z,1,480.36694444444447,,0,,,0,,23.0,0.0,0.0,23.0,1,1,0,23.0,115.5,6152.5,,,,,,,,,,,,,,,,,,,,,,,,,,,,,,,,,,,,,,,0,1,1
2026-01-06T15:00:00Z,2026-01-06T15:30:00Z,30,2025-12-17T14:07:59Z,1,480.86694444444447,,0,,,0,,23.0,0.0,0.0,23.0,1,1,0,23.0,115.0,6152.0,,,,,,,,,,,,,,,,,,,,,,,,,,,,,,,,,,,,,,,0,1,1
2026-01-06T15:00:00Z,2026-01-06T16:00:00Z,60,2025-12-17T14:07:59Z,1,480.86694444444447,,0,,,0,,23.0,0.0,0.0,23.0,1,1,0,23.0,115.0,6152.0,,,,,,,,,,,,,,,,,,,,,,,,,,,,,,,,,,,,,,,0,1,1
2026-01-06T15:30:00Z,2026-01-06T16:00:00Z,30,2025-12-17T14:07:59Z,1,481.36694444444447,,0,,,0,,23.0,0.0,0.0,23.0,1,1,0,23.0,114.5,6151.5,,,,,,,,,,,,,,,,,,,,,,,,,,,,,,,,,,,,,,,0,1,1
2026-01-06T15:30:00Z,2026-01-06T16:30:00Z,60,2025-12-17T14:07:59Z,1,481.36694444444447,,0,,,0,,23.0,0.0,0.0,23.0,1,1,0,23.0,114.5,6151.5,,,,,,,,,,,,,,,,,,,,,,,,,,,,,,,,,,,,,,,0,1,1
2026-01-06T16:00:00Z,2026-01-06T16:30:00Z,30,2025-12-17T14:07:59Z,1,481.86694444444447,,0,,,0,,23.0,0.0,0.0,23.0,1,1,0,23.0,114.0,6151.0,,,,,,,,,,,,,,,,,,,,,,,,,,,,,,,,,,,,,,,0,1,1
2026-01-06T16:00:00Z,2026-01-06T17:00:00Z,60,2025-12-17T14:07:59Z,1,481.86694444444447,,0,,,0,,23.0,0.0,0.0,23.0,1,1,0,23.0,114.0,6151.0,,,,,,,,,,,,,,,,,,,,,,,,,,,,,,,,,,,,,,,0,1,1
2026-01-06T16:30:00Z,2026-01-06T17:00:00Z,30,2025-12-17T14:07:59Z,1,482.36694444444447,,0,,,0,,23.0,0.0,0.0,23.0,1,1,0,23.0,113.5,6150.5,,,,,,,,,,,,,,,,,,,,,,,,,,,,,,,,,,,,,,,0,1,1
2026-01-06T16:30:00Z,2026-01-06T17:30:00Z,60,2025-12-17T14:07:59Z,1,482.36694444444447,,0,,,0,,23.0,0.0,0.0,23.0,1,1,0,23.0,113.5,6150.5,,,,,,,,,,,,,,,,,,,,,,,,,,,,,,,,,,,,,,,0,1,1
2026-01-06T17:00:00Z,2026-01-06T17:30:00Z,30,2025-12-17T14:07:59Z,1,482.86694444444447,,0,,,0,,23.0,0.0,0.0,23.0,1,1,0,23.0,113.0,6150.0,,,,,,,,,,,,,,,,,,,,,,,,,,,,,,,,,,,,,,,0,1,1
2026-01-06T17:00:00Z,2026-01-06T18:00:00Z,60,2025-12-17T14:07:59Z,1,482.86694444444447,,0,,,0,,23.0,0.0,0.0,23.0,1,1,0,23.0,113.0,6150.0,,,,,,,,,,,,,,,,,,,,,,,,,,,,,,,,,,,,,,,0,1,1
2026-01-06T17:30:00Z,2026-01-06T18:00:00Z,30,2025-12-17T14:07:59Z,1,483.36694444444447,,0,,,0,,23.0,0.0,0.0,23.0,1,1,0,23.0,112.5,6149.5,,,,,,,,,,,,,,,,,,,,,,,,,,,,,,,,,,,,,,,0,1,1
2026-01-06T17:30:00Z,2026-01-06T18:30:00Z,60,2025-12-17T14:07:59Z,1,483.36694444444447,,0,,,0,,23.0,0.0,0.0,23.0,1,1,0,23.0,112.5,6149.5,,,,,,,,,,,,,,,,,,,,,,,,,,,,,,,,,,,,,,,0,1,1
2026-01-06T18:00:00Z,2026-01-06T18:30:00Z,30,2025-12-17T14:07:59Z,1,483.86694444444447,,0,,,0,,23.0,0.0,0.0,23.0,1,1,0,23.0,112.0,6149.0,,,,,,,,,,,,,,,,,,,,,,,,,,,,,,,,,,,,,,,0,1,1
2026-01-06T18:00:00Z,2026-01-06T19:00:00Z,60,2025-12-17T14:07:59Z,1,483.86694444444447,,0,,,0,,23.0,0.0,0.0,23.0,1,1,0,23.0,112.0,6149.0,,,,,,,,,,,,,,,,,,,,,,,,,,,,,,,,,,,,,,,0,1,1
2026-01-06T18:30:00Z,2026-01-06T19:00:00Z,30,2025-12-17T14:07:59Z,1,484.36694444444447,,0,,,0,,23.0,0.0,0.0,23.0,1,1,0,23.0,111.5,6148.5,,,,,,,,,,,,,,,,,,,,,,,,,,,,,,,,,,,,,,,0,1,1
2026-01-06T18:30:00Z,2026-01-06T19:30:00Z,60,2025-12-17T14:07:59Z,1,484.36694444444447,,0,,,0,,23.0,0.0,0.0,23.0,1,1,0,23.0,111.5,6148.5,,,,,,,,,,,,,,,,,,,,,,,,,,,,,,,,,,,,,,,0,1,1
2026-01-06T19:00:00Z,2026-01-06T19:30:00Z,30,2025-12-17T14:07:59Z,1,484.86694444444447,,0,,,0,,23.0,0.0,0.0,23.0,1,1,0,23.0,111.0,6148.0,,,,,,,,,,,,,,,,,,,,,,,,,,,,,,,,,,,,,,,0,1,1
2026-01-06T19:00:00Z,2026-01-06T20:00:00Z,60,2025-12-17T14:07:59Z,1,484.86694444444447,,0,,,0,,23.0,0.0,0.0,23.0,1,1,0,23.0,111.0,6148.0,,,,,,,,,,,,,,,,,,,,,,,,,,,,,,,,,,,,,,,0,1,1
2026-01-06T19:30:00Z,2026-01-06T20:00:00Z,30,2025-12-17T14:07:59Z,1,485.36694444444447,,0,,,0,,23.0,0.0,0.0,23.0,1,1,0,23.0,110.5,6147.5,,,,,,,,,,,,,,,,,,,,,,,,,,,,,,,,,,,,,,,0,1,1
2026-01-06T19:30:00Z,2026-01-06T20:30:00Z,60,2025-12-17T14:07:59Z,1,485.36694444444447,,0,,,0,,23.0,0.0,0.0,23.0,1,1,0,23.0,110.5,6147.5,,,,,,,,,,,,,,,,,,,,,,,,,,,,,,,,,,,,,,,0,1,1
2026-01-06T20:00:00Z,2026-01-06T20:30:00Z,30,2025-12-17T14:07:59Z,1,485.86694444444447,,0,,,0,,23.0,0.0,0.0,23.0,1,1,0,23.0,110.0,6147.0,,,,,,,,,,,,,,,,,,,,,,,,,,,,,,,,,,,,,,,0,1,1
2026-01-06T20:00:00Z,2026-01-06T21:00:00Z,60,2025-12-17T14:07:59Z,1,485.86694444444447,,0,,,0,,23.0,0.0,0.0,23.0,1,1,0,23.0,110.0,6147.0,,,,,,,,,,,,,,,,,,,,,,,,,,,,,,,,,,,,,,,0,1,1
2026-01-06T20:30:00Z,2026-01-06T21:00:00Z,30,2025-12-17T14:07:59Z,1,486.36694444444447,,0,,,0,,23.0,0.0,0.0,23.0,1,1,0,23.0,109.5,6146.5,,,,,,,,,,,,,,,,,,,,,,,,,,,,,,,,,,,,,,,0,1,1
2026-01-06T20:30:00Z,2026-01-06T21:30:00Z,60,2025-12-17T14:07:59Z,1,486.36694444444447,,0,,,0,,23.0,0.0,0.0,23.0,1,1,0,23.0,109.5,6146.5,,,,,,,,,,,,,,,,,,,,,,,,,,,,,,,,,,,,,,,0,1,1
2026-01-06T21:00:00Z,2026-01-06T21:30:00Z,30,2025-12-17T14:07:59Z,1,486.86694444444447,,0,,,0,,23.0,0.0,0.0,23.0,1,1,0,23.0,109.0,6146.0,,,,,,,,,,,,,,,,,,,,,,,,,,,,,,,,,,,,,,,0,1,1
2026-01-06T21:00:00Z,2026-01-06T22:00:00Z,60,2025-12-17T14:07:59Z,1,486.86694444444447,,0,,,0,,23.0,0.0,0.0,23.0,1,1,0,23.0,109.0,6146.0,,,,,,,,,,,,,,,,,,,,,,,,,,,,,,,,,,,,,,,0,1,1
2026-01-06T21:30:00Z,2026-01-06T22:00:00Z,30,2025-12-17T14:07:59Z,1,487.36694444444447,,0,,,0,,23.0,0.0,0.0,23.0,1,1,0,23.0,108.5,6145.5,,,,,,,,,,,,,,,,,,,,,,,,,,,,,,,,,,,,,,,0,1,1
2026-01-06T21:30:00Z,2026-01-06T22:30:00Z,60,2025-12-17T14:07:59Z,1,487.36694444444447,,0,,,0,,23.0,0.0,0.0,23.0,1,1,0,23.0,108.5,6145.5,,,,,,,,,,,,,,,,,,,,,,,,,,,,,,,,,,,,,,,0,1,1
2026-01-06T22:00:00Z,2026-01-06T22:30:00Z,30,2025-12-17T14:07:59Z,1,487.86694444444447,,0,,,0,,23.0,0.0,0.0,23.0,1,1,0,23.0,108.0,6145.0,,,,,,,,,,,,,,,,,,,,,,,,,,,,,,,,,,,,,,,0,1,1
2026-01-06T22:00:00Z,2026-01-06T23:00:00Z,60,2025-12-17T14:07:59Z,1,487.86694444444447,,0,,,0,,23.0,0.0,0.0,23.0,1,1,0,23.0,108.0,6145.0,,,,,,,,,,,,,,,,,,,,,,,,,,,,,,,,,,,,,,,0,1,1
2026-01-06T22:30:00Z,2026-01-06T23:00:00Z,30,2025-12-17T14:07:59Z,1,488.36694444444447,,0,,,0,,23.0,0.0,0.0,23.0,1,1,0,23.0,107.5,6144.5,,,,,,,,,,,,,,,,,,,,,,,,,,,,,,,,,,,,,,,0,1,1
2026-01-06T22:30:00Z,2026-01-06T23:30:00Z,60,2025-12-17T14:07:59Z,1,488.36694444444447,,0,,,0,,23.0,0.0,0.0,23.0,1,1,0,23.0,107.5,6144.5,,,,,,,,,,,,,,,,,,,,,,,,,,,,,,,,,,,,,,,0,1,1
2026-01-06T23:00:00Z,2026-01-06T23:30:00Z,30,2025-12-17T14:07:59Z,1,488.86694444444447,,0,,,0,,23.0,0.0,0.0,23.0,1,1,0,23.0,107.0,6144.0,,,,,,,,,,,,,,,,,,,,,,,,,,,,,,,,,,,,,,,0,1,1
2026-01-06T23:00:00Z,2026-01-07T00:00:00Z,60,2025-12-17T14:07:59Z,1,488.86694444444447,,0,,,0,,23.0,0.0,0.0,23.0,1,1,0,23.0,107.0,6144.0,,,,,,,,,,,,,,,,,,,,,,,,,,,,,,,,,,,,,,,0,1,1
2026-01-06T23:30:00Z,2026-01-07T00:00:00Z,30,2025-12-17T14:07:59Z,1,489.36694444444447,,0,,,0,,23.0,0.0,0.0,23.0,1,1,0,23.0,106.5,6143.5,,,,,,,,,,,,,,,,,,,,,,,,,,,,,,,,,,,,,,,0,1,1
2026-01-06T23:30:00Z,2026-01-07T00:30:00Z,60,2025-12-17T14:07:59Z,1,489.36694444444447,,0,,,0,,23.0,0.0,0.0,23.0,1,1,0,23.0,106.5,6143.5,,,,,,,,,,,,,,,,,,,,,,,,,,,,,,,,,,,,,,,0,1,1
2026-01-07T00:00:00Z,2026-01-07T00:30:00Z,30,2025-12-17T14:07:59Z,1,489.86694444444447,,0,,,0,,23.0,0.0,0.0,23.0,1,1,0,23.0,106.0,6143.0,,,,,,,,,,,,,,,,,,,,,,,,,,,,,,,,,,,,,,,0,1,1
2026-01-07T00:00:00Z,2026-01-07T01:00:00Z,60,2025-12-17T14:07:59Z,1,489.86694444444447,,0,,,0,,23.0,0.0,0.0,23.0,1,1,0,23.0,106.0,6143.0,,,,,,,,,,,,,,,,,,,,,,,,,,,,,,,,,,,,,,,0,1,1
2026-01-07T00:30:00Z,2026-01-07T01:00:00Z,30,2025-12-17T14:07:59Z,1,490.36694444444447,,0,,,0,,23.0,0.0,0.0,23.0,1,1,0,23.0,105.5,6142.5,,,,,,,,,,,,,,,,,,,,,,,,,,,,,,,,,,,,,,,0,1,1
2026-01-07T00:30:00Z,2026-01-07T01:30:00Z,60,2025-12-17T14:07:59Z,1,490.36694444444447,,0,,,0,,23.0,0.0,0.0,23.0,1,1,0,23.0,105.5,6142.5,,,,,,,,,,,,,,,,,,,,,,,,,,,,,,,,,,,,,,,0,1,1
2026-01-07T01:00:00Z,2026-01-07T01:30:00Z,30,2025-12-17T14:07:59Z,1,490.86694444444447,,0,,,0,,23.0,0.0,0.0,23.0,1,1,0,23.0,105.0,6142.0,,,,,,,,,,,,,,,,,,,,,,,,,,,,,,,,,,,,,,,0,1,1
2026-01-07T01:00:00Z,2026-01-07T02:00:00Z,60,2025-12-17T14:07:59Z,1,490.86694444444447,,0,,,0,,23.0,0.0,0.0,23.0,1,1,0,23.0,105.0,6142.0,,,,,,,,,,,,,,,,,,,,,,,,,,,,,,,,,,,,,,,0,1,1
2026-01-07T01:30:00Z,2026-01-07T02:00:00Z,30,2025-12-17T14:07:59Z,1,491.36694444444447,,0,,,0,,23.0,0.0,0.0,23.0,1,1,0,23.0,104.5,6141.5,,,,,,,,,,,,,,,,,,,,,,,,,,,,,,,,,,,,,,,0,1,1
2026-01-07T01:30:00Z,2026-01-07T02:30:00Z,60,2025-12-17T14:07:59Z,1,491.36694444444447,,0,,,0,,23.0,0.0,0.0,23.0,1,1,0,23.0,104.5,6141.5,,,,,,,,,,,,,,,,,,,,,,,,,,,,,,,,,,,,,,,0,1,1
2026-01-07T02:00:00Z,2026-01-07T02:30:00Z,30,2025-12-17T14:07:59Z,1,491.86694444444447,,0,,,0,,23.0,0.0,0.0,23.0,1,1,0,23.0,104.0,6141.0,,,,,,,,,,,,,,,,,,,,,,,,,,,,,,,,,,,,,,,0,1,1
2026-01-07T02:00:00Z,2026-01-07T03:00:00Z,60,2025-12-17T14:07:59Z,1,491.86694444444447,,0,,,0,,23.0,0.0,0.0,23.0,1,1,0,23.0,104.0,6141.0,,,,,,,,,,,,,,,,,,,,,,,,,,,,,,,,,,,,,,,0,1,1
2026-01-07T02:30:00Z,2026-01-07T03:00:00Z,30,2025-12-17T14:07:59Z,1,492.36694444444447,,0,,,0,,23.0,0.0,0.0,23.0,1,1,0,23.0,103.5,6140.5,,,,,,,,,,,,,,,,,,,,,,,,,,,,,,,,,,,,,,,0,1,1
2026-01-07T02:30:00Z,2026-01-07T03:30:00Z,60,2025-12-17T14:07:59Z,1,492.36694444444447,,0,,,0,,23.0,0.0,0.0,23.0,1,1,0,23.0,103.5,6140.5,,,,,,,,,,,,,,,,,,,,,,,,,,,,,,,,,,,,,,,0,1,1
2026-01-07T03:00:00Z,2026-01-07T03:30:00Z,30,2025-12-17T14:07:59Z,1,492.86694444444447,,0,,,0,,23.0,0.0,0.0,23.0,1,1,0,23.0,103.0,6140.0,,,,,,,,,,,,,,,,,,,,,,,,,,,,,,,,,,,,,,,0,1,1
2026-01-07T03:00:00Z,2026-01-07T04:00:00Z,60,2025-12-17T14:07:59Z,1,492.86694444444447,,0,,,0,,23.0,0.0,0.0,23.0,1,1,0,23.0,103.0,6140.0,,,,,,,,,,,,,,,,,,,,,,,,,,,,,,,,,,,,,,,0,1,1
2026-01-07T03:30:00Z,2026-01-07T04:00:00Z,30,2025-12-17T14:07:59Z,1,493.36694444444447,,0,,,0,,23.0,0.0,0.0,23.0,1,1,0,23.0,102.5,6139.5,,,,,,,,,,,,,,,,,,,,,,,,,,,,,,,,,,,,,,,0,1,1
2026-01-07T03:30:00Z,2026-01-07T04:30:00Z,60,2025-12-17T14:07:59Z,1,493.36694444444447,,0,,,0,,23.0,0.0,0.0,23.0,1,1,0,23.0,102.5,6139.5,,,,,,,,,,,,,,,,,,,,,,,,,,,,,,,,,,,,,,,0,1,1
2026-01-07T04:00:00Z,2026-01-07T04:30:00Z,30,2025-12-17T14:07:59Z,1,493.86694444444447,,0,,,0,,23.0,0.0,0.0,23.0,1,1,0,23.0,102.0,6139.0,,,,,,,,,,,,,,,,,,,,,,,,,,,,,,,,,,,,,,,0,1,1
2026-01-07T04:00:00Z,2026-01-07T05:00:00Z,60,2025-12-17T14:07:59Z,1,493.86694444444447,,0,,,0,,23.0,0.0,0.0,23.0,1,1,0,23.0,102.0,6139.0,,,,,,,,,,,,,,,,,,,,,,,,,,,,,,,,,,,,,,,0,1,1
2026-01-07T04:30:00Z,2026-01-07T05:00:00Z,30,2025-12-17T14:07:59Z,1,494.36694444444447,,0,,,0,,23.0,0.0,0.0,23.0,1,1,0,23.0,101.5,6138.5,,,,,,,,,,,,,,,,,,,,,,,,,,,,,,,,,,,,,,,0,1,1
2026-01-07T04:30:00Z,2026-01-07T05:30:00Z,60,2025-12-17T14:07:59Z,1,494.36694444444447,,0,,,0,,23.0,0.0,0.0,23.0,1,1,0,23.0,101.5,6138.5,,,,,,,,,,,,,,,,,,,,,,,,,,,,,,,,,,,,,,,0,1,1
2026-01-07T05:00:00Z,2026-01-07T05:30:00Z,30,2025-12-17T14:07:59Z,1,494.86694444444447,,0,,,0,,23.0,0.0,0.0,23.0,1,1,0,23.0,101.0,6138.0,,,,,,,,,,,,,,,,,,,,,,,,,,,,,,,,,,,,,,,0,1,1
2026-01-07T05:00:00Z,2026-01-07T06:00:00Z,60,2025-12-17T14:07:59Z,1,494.86694444444447,,0,,,0,,23.0,0.0,0.0,23.0,1,1,0,23.0,101.0,6138.0,,,,,,,,,,,,,,,,,,,,,,,,,,,,,,,,,,,,,,,0,1,1
2026-01-07T05:30:00Z,2026-01-07T06:00:00Z,30,2025-12-17T14:07:59Z,1,495.36694444444447,,0,,,0,,23.0,0.0,0.0,23.0,1,1,0,23.0,100.5,6137.5,,,,,,,,,,,,,,,,,,,,,,,,,,,,,,,,,,,,,,,0,1,1
2026-01-07T05:30:00Z,2026-01-07T06:30:00Z,60,2025-12-17T14:07:59Z,1,495.36694444444447,,0,,,0,,23.0,0.0,0.0,23.0,1,1,0,23.0,100.5,6137.5,,,,,,,,,,,,,,,,,,,,,,,,,,,,,,,,,,,,,,,0,1,1
2026-01-07T06:00:00Z,2026-01-07T06:30:00Z,30,2025-12-17T14:07:59Z,1,495.86694444444447,,0,,,0,,23.0,0.0,0.0,23.0,1,1,0,23.0,100.0,6137.0,,,,,,,,,,,,,,,,,,,,,,,,,,,,,,,,,,,,,,,0,1,1
2026-01-07T06:00:00Z,2026-01-07T07:00:00Z,60,2025-12-17T14:07:59Z,1,495.86694444444447,,0,,,0,,23.0,0.0,0.0,23.0,1,1,0,23.0,100.0,6137.0,,,,,,,,,,,,,,,,,,,,,,,,,,,,,,,,,,,,,,,0,1,1
2026-01-07T06:30:00Z,2026-01-07T07:00:00Z,30,2025-12-17T14:07:59Z,1,496.36694444444447,,0,,,0,,23.0,0.0,0.0,23.0,1,1,0,23.0,99.5,6136.5,,,,,,,,,,,,,,,,,,,,,,,,,,,,,,,,,,,,,,,0,1,1
2026-01-07T06:30:00Z,2026-01-07T07:30:00Z,60,2025-12-17T14:07:59Z,1,496.36694444444447,,0,,,0,,23.0,0.0,0.0,23.0,1,1,0,23.0,99.5,6136.5,,,,,,,,,,,,,,,,,,,,,,,,,,,,,,,,,,,,,,,0,1,1
2026-01-07T07:00:00Z,2026-01-07T07:30:00Z,30,2025-12-17T14:07:59Z,1,496.86694444444447,,0,,,0,,23.0,0.0,0.0,23.0,1,1,0,23.0,99.0,6136.0,,,,,,,,,,,,,,,,,,,,,,,,,,,,,,,,,,,,,,,0,1,1
2026-01-07T07:00:00Z,2026-01-07T08:00:00Z,60,2025-12-17T14:07:59Z,1,496.86694444444447,,0,,,0,,23.0,0.0,0.0,23.0,1,1,0,23.0,99.0,6136.0,,,,,,,,,,,,,,,,,,,,,,,,,,,,,,,,,,,,,,,0,1,1
2026-01-07T07:30:00Z,2026-01-07T08:00:00Z,30,2025-12-17T14:07:59Z,1,497.36694444444447,,0,,,0,,23.0,0.0,0.0,23.0,1,1,0,23.0,98.5,6135.5,,,,,,,,,,,,,,,,,,,,,,,,,,,,,,,,,,,,,,,0,1,1
2026-01-07T07:30:00Z,2026-01-07T08:30:00Z,60,2025-12-17T14:07:59Z,1,497.36694444444447,,0,,,0,,23.0,0.0,0.0,23.0,1,1,0,23.0,98.5,6135.5,,,,,,,,,,,,,,,,,,,,,,,,,,,,,,,,,,,,,,,0,1,1
2026-01-07T08:00:00Z,2026-01-07T08:30:00Z,30,2025-12-17T14:07:59Z,1,497.86694444444447,,0,,,0,,23.0,0.0,0.0,23.0,1,1,0,23.0,98.0,6135.0,,,,,,,,,,,,,,,,,,,,,,,,,,,,,,,,,,,,,,,0,1,1
2026-01-07T08:00:00Z,2026-01-07T09:00:00Z,60,2025-12-17T14:07:59Z,1,497.86694444444447,,0,,,0,,23.0,0.0,0.0,23.0,1,1,0,23.0,98.0,6135.0,,,,,,,,,,,,,,,,,,,,,,,,,,,,,,,,,,,,,,,0,1,1
2026-01-07T08:30:00Z,2026-01-07T09:00:00Z,30,2025-12-17T14:07:59Z,1,498.36694444444447,,0,,,0,,23.0,0.0,0.0,23.0,1,1,0,23.0,97.5,6134.5,,,,,,,,,,,,,,,,,,,,,,,,,,,,,,,,,,,,,,,0,1,1
2026-01-07T08:30:00Z,2026-01-07T09:30:00Z,60,2025-12-17T14:07:59Z,1,498.36694444444447,,0,,,0,,23.0,0.0,0.0,23.0,1,1,0,23.0,97.5,6134.5,,,,,,,,,,,,,,,,,,,,,,,,,,,,,,,,,,,,,,,0,1,1
2026-01-07T09:00:00Z,2026-01-07T09:30:00Z,30,2025-12-17T14:07:59Z,1,498.86694444444447,,0,,,0,,23.0,0.0,0.0,23.0,1,1,0,23.0,97.0,6134.0,,,,,,,,,,,,,,,,,,,,,,,,,,,,,,,,,,,,,,,0,1,1
2026-01-07T09:00:00Z,2026-01-07T10:00:00Z,60,2025-12-17T14:07:59Z,1,498.86694444444447,,0,,,0,,23.0,0.0,0.0,23.0,1,1,0,23.0,97.0,6134.0,,,,,,,,,,,,,,,,,,,,,,,,,,,,,,,,,,,,,,,0,1,1
2026-01-07T09:30:00Z,2026-01-07T10:00:00Z,30,2025-12-17T14:07:59Z,1,499.36694444444447,,0,,,0,,23.0,0.0,0.0,23.0,1,1,0,23.0,96.5,6133.5,,,,,,,,,,,,,,,,,,,,,,,,,,,,,,,,,,,,,,,0,1,1
2026-01-07T09:30:00Z,2026-01-07T10:30:00Z,60,2025-12-17T14:07:59Z,1,499.36694444444447,,0,,,0,,23.0,0.0,0.0,23.0,1,1,0,23.0,96.5,6133.5,,,,,,,,,,,,,,,,,,,,,,,,,,,,,,,,,,,,,,,0,1,1
2026-01-07T10:00:00Z,2026-01-07T10:30:00Z,30,2025-12-17T14:07:59Z,1,499.86694444444447,,0,,,0,,23.0,0.0,0.0,23.0,1,1,0,23.0,96.0,6133.0,,,,,,,,,,,,,,,,,,,,,,,,,,,,,,,,,,,,,,,0,1,1
2026-01-07T10:00:00Z,2026-01-07T11:00:00Z,60,2025-12-17T14:07:59Z,1,499.86694444444447,,0,,,0,,23.0,0.0,0.0,23.0,1,1,0,23.0,96.0,6133.0,,,,,,,,,,,,,,,,,,,,,,,,,,,,,,,,,,,,,,,0,1,1
2026-01-07T10:30:00Z,2026-01-07T11:00:00Z,30,2025-12-17T14:07:59Z,1,500.36694444444447,,0,,,0,,23.0,0.0,0.0,23.0,1,1,0,23.0,95.5,6132.5,,,,,,,,,,,,,,,,,,,,,,,,,,,,,,,,,,,,,,,0,1,1
2026-01-07T10:30:00Z,2026-01-07T11:30:00Z,60,2025-12-17T14:07:59Z,1,500.36694444444447,,0,,,0,,23.0,0.0,0.0,23.0,1,1,0,23.0,95.5,6132.5,,,,,,,,,,,,,,,,,,,,,,,,,,,,,,,,,,,,,,,0,1,1
2026-01-07T11:00:00Z,2026-01-07T11:30:00Z,30,2025-12-17T14:07:59Z,1,500.86694444444447,,0,,,0,,23.0,0.0,0.0,23.0,1,1,0,23.0,95.0,6132.0,,,,,,,,,,,,,,,,,,,,,,,,,,,,,,,,,,,,,,,0,1,1
2026-01-07T11:00:00Z,2026-01-07T12:00:00Z,60,2025-12-17T14:07:59Z,1,500.86694444444447,,0,,,0,,23.0,0.0,0.0,23.0,1,1,0,23.0,95.0,6132.0,,,,,,,,,,,,,,,,,,,,,,,,,,,,,,,,,,,,,,,0,1,1
2026-01-07T11:30:00Z,2026-01-07T12:00:00Z,30,2025-12-17T14:07:59Z,1,501.36694444444447,,0,,,0,,23.0,0.0,0.0,23.0,1,1,0,23.0,94.5,6131.5,,,,,,,,,,,,,,,,,,,,,,,,,,,,,,,,,,,,,,,0,1,1
2026-01-07T11:30:00Z,2026-01-07T12:30:00Z,60,2025-12-17T14:07:59Z,1,501.36694444444447,,0,,,0,,23.0,0.0,0.0,23.0,1,1,0,23.0,94.5,6131.5,,,,,,,,,,,,,,,,,,,,,,,,,,,,,,,,,,,,,,,0,1,1
2026-01-07T12:00:00Z,2026-01-07T12:30:00Z,30,2025-12-17T14:07:59Z,1,501.86694444444447,,0,,,0,,23.0,0.0,0.0,23.0,1,1,0,23.0,94.0,6131.0,,,,,,,,,,,,,,,,,,,,,,,,,,,,,,,,,,,,,,,0,1,1
2026-01-07T12:00:00Z,2026-01-07T13:00:00Z,60,2025-12-17T14:07:59Z,1,501.86694444444447,,0,,,0,,23.0,0.0,0.0,23.0,1,1,0,23.0,94.0,6131.0,,,,,,,,,,,,,,,,,,,,,,,,,,,,,,,,,,,,,,,0,1,1
2026-01-07T12:30:00Z,2026-01-07T13:00:00Z,30,2025-12-17T14:07:59Z,1,502.36694444444447,,0,,,0,,23.0,0.0,0.0,23.0,1,1,0,23.0,93.5,6130.5,,,,,,,,,,,,,,,,,,,,,,,,,,,,,,,,,,,,,,,0,1,1
2026-01-07T12:30:00Z,2026-01-07T13:30:00Z,60,2025-12-17T14:07:59Z,1,502.36694444444447,,0,,,0,,23.0,0.0,0.0,23.0,1,1,0,23.0,93.5,6130.5,,,,,,,,,,,,,,,,,,,,,,,,,,,,,,,,,,,,,,,0,1,1
2026-01-07T13:00:00Z,2026-01-07T13:30:00Z,30,2025-12-17T14:07:59Z,1,502.86694444444447,,0,,,0,,23.0,0.0,0.0,23.0,1,1,0,23.0,93.0,6130.0,,,,,,,,,,,,,,,,,,,,,,,,,,,,,,,,,,,,,,,0,1,1
2026-01-07T13:00:00Z,2026-01-07T14:00:00Z,60,2025-12-17T14:07:59Z,1,502.86694444444447,,0,,,0,,23.0,0.0,0.0,23.0,1,1,0,23.0,93.0,6130.0,,,,,,,,,,,,,,,,,,,,,,,,,,,,,,,,,,,,,,,0,1,1
2026-01-07T13:30:00Z,2026-01-07T14:00:00Z,30,2025-12-17T14:07:59Z,1,503.36694444444447,,0,,,0,,23.0,0.0,0.0,23.0,1,1,0,23.0,92.5,6129.5,,,,,,,,,,,,,,,,,,,,,,,,,,,,,,,,,,,,,,,0,1,1
2026-01-07T13:30:00Z,2026-01-07T14:30:00Z,60,2025-12-17T14:07:59Z,1,503.36694444444447,,0,,,0,,23.0,0.0,0.0,23.0,1,1,0,23.0,92.5,6129.5,,,,,,,,,,,,,,,,,,,,,,,,,,,,,,,,,,,,,,,0,1,1
2026-01-07T14:00:00Z,2026-01-07T14:30:00Z,30,2025-12-17T14:07:59Z,1,503.86694444444447,,0,,,0,,23.0,0.0,0.0,23.0,1,1,0,23.0,92.0,6129.0,,,,,,,,,,,,,,,,,,,,,,,,,,,,,,,,,,,,,,,0,1,1
2026-01-07T14:00:00Z,2026-01-07T15:00:00Z,60,2025-12-17T14:07:59Z,1,503.86694444444447,,0,,,0,,23.0,0.0,0.0,23.0,1,1,0,23.0,92.0,6129.0,,,,,,,,,,,,,,,,,,,,,,,,,,,,,,,,,,,,,,,0,1,1
2026-01-07T14:30:00Z,2026-01-07T15:00:00Z,30,2025-12-17T14:07:59Z,1,504.36694444444447,,0,,,0,,23.0,0.0,0.0,23.0,1,1,0,23.0,91.5,6128.5,,,,,,,,,,,,,,,,,,,,,,,,,,,,,,,,,,,,,,,0,1,1
2026-01-07T14:30:00Z,2026-01-07T15:30:00Z,60,2025-12-17T14:07:59Z,1,504.36694444444447,,0,,,0,,23.0,0.0,0.0,23.0,1,1,0,23.0,91.5,6128.5,,,,,,,,,,,,,,,,,,,,,,,,,,,,,,,,,,,,,,,0,1,1
2026-01-07T15:00:00Z,2026-01-07T15:30:00Z,30,2025-12-17T14:07:59Z,1,504.86694444444447,,0,,,0,,23.0,0.0,0.0,23.0,1,1,0,23.0,91.0,6128.0,,,,,,,,,,,,,,,,,,,,,,,,,,,,,,,,,,,,,,,0,1,1
2026-01-07T15:00:00Z,2026-01-07T16:00:00Z,60,2025-12-17T14:07:59Z,1,504.86694444444447,,0,,,0,,23.0,0.0,0.0,23.0,1,1,0,23.0,91.0,6128.0,,,,,,,,,,,,,,,,,,,,,,,,,,,,,,,,,,,,,,,0,1,1
2026-01-07T15:30:00Z,2026-01-07T16:00:00Z,30,2025-12-17T14:07:59Z,1,505.36694444444447,,0,,,0,,23.0,0.0,0.0,23.0,1,1,0,23.0,90.5,6127.5,,,,,,,,,,,,,,,,,,,,,,,,,,,,,,,,,,,,,,,0,1,1
2026-01-07T15:30:00Z,2026-01-07T16:30:00Z,60,2025-12-17T14:07:59Z,1,505.36694444444447,,0,,,0,,23.0,0.0,0.0,23.0,1,1,0,23.0,90.5,6127.5,,,,,,,,,,,,,,,,,,,,,,,,,,,,,,,,,,,,,,,0,1,1
2026-01-07T16:00:00Z,2026-01-07T16:30:00Z,30,2025-12-17T14:07:59Z,1,505.86694444444447,,0,,,0,,23.0,0.0,0.0,23.0,1,1,0,23.0,90.0,6127.0,,,,,,,,,,,,,,,,,,,,,,,,,,,,,,,,,,,,,,,0,1,1
2026-01-07T16:00:00Z,2026-01-07T17:00:00Z,60,2025-12-17T14:07:59Z,1,505.86694444444447,,0,,,0,,23.0,0.0,0.0,23.0,1,1,0,23.0,90.0,6127.0,,,,,,,,,,,,,,,,,,,,,,,,,,,,,,,,,,,,,,,0,1,1
2026-01-07T16:30:00Z,2026-01-07T17:00:00Z,30,2025-12-17T14:07:59Z,1,506.36694444444447,,0,,,0,,23.0,0.0,0.0,23.0,1,1,0,23.0,89.5,6126.5,,,,,,,,,,,,,,,,,,,,,,,,,,,,,,,,,,,,,,,0,1,1
2026-01-07T16:30:00Z,2026-01-07T17:30:00Z,60,2025-12-17T14:07:59Z,1,506.36694444444447,,0,,,0,,23.0,0.0,0.0,23.0,1,1,0,23.0,89.5,6126.5,,,,,,,,,,,,,,,,,,,,,,,,,,,,,,,,,,,,,,,0,1,1
2026-01-07T17:00:00Z,2026-01-07T17:30:00Z,30,2025-12-17T14:07:59Z,1,506.86694444444447,,0,,,0,,23.0,0.0,0.0,23.0,1,1,0,23.0,89.0,6126.0,,,,,,,,,,,,,,,,,,,,,,,,,,,,,,,,,,,,,,,0,1,1
2026-01-07T17:00:00Z,2026-01-07T18:00:00Z,60,2025-12-17T14:07:59Z,1,506.86694444444447,,0,,,0,,23.0,0.0,0.0,23.0,1,1,0,23.0,89.0,6126.0,,,,,,,,,,,,,,,,,,,,,,,,,,,,,,,,,,,,,,,0,1,1
2026-01-07T17:30:00Z,2026-01-07T18:00:00Z,30,2025-12-17T14:07:59Z,1,507.36694444444447,,0,,,0,,23.0,0.0,0.0,23.0,1,1,0,23.0,88.5,6125.5,,,,,,,,,,,,,,,,,,,,,,,,,,,,,,,,,,,,,,,0,1,1
2026-01-07T17:30:00Z,2026-01-07T18:30:00Z,60,2025-12-17T14:07:59Z,1,507.36694444444447,,0,,,0,,23.0,0.0,0.0,23.0,1,1,0,23.0,88.5,6125.5,,,,,,,,,,,,,,,,,,,,,,,,,,,,,,,,,,,,,,,0,1,1
2026-01-07T18:00:00Z,2026-01-07T18:30:00Z,30,2025-12-17T14:07:59Z,1,507.86694444444447,,0,,,0,,23.0,0.0,0.0,23.0,1,1,0,23.0,88.0,6125.0,,,,,,,,,,,,,,,,,,,,,,,,,,,,,,,,,,,,,,,0,1,1
2026-01-07T18:00:00Z,2026-01-07T19:00:00Z,60,2025-12-17T14:07:59Z,1,507.86694444444447,,0,,,0,,23.0,0.0,0.0,23.0,1,1,0,23.0,88.0,6125.0,,,,,,,,,,,,,,,,,,,,,,,,,,,,,,,,,,,,,,,0,1,1
2026-01-07T18:30:00Z,2026-01-07T19:00:00Z,30,2025-12-17T14:07:59Z,1,508.36694444444447,,0,,,0,,23.0,0.0,0.0,23.0,1,1,0,23.0,87.5,6124.5,,,,,,,,,,,,,,,,,,,,,,,,,,,,,,,,,,,,,,,0,1,1
2026-01-07T18:30:00Z,2026-01-07T19:30:00Z,60,2025-12-17T14:07:59Z,1,508.36694444444447,,0,,,0,,23.0,0.0,0.0,23.0,1,1,0,23.0,87.5,6124.5,,,,,,,,,,,,,,,,,,,,,,,,,,,,,,,,,,,,,,,0,1,1
2026-01-07T19:00:00Z,2026-01-07T19:30:00Z,30,2025-12-17T14:07:59Z,1,508.86694444444447,,0,,,0,,23.0,0.0,0.0,23.0,1,1,0,23.0,87.0,6124.0,,,,,,,,,,,,,,,,,,,,,,,,,,,,,,,,,,,,,,,0,1,1
2026-01-07T19:00:00Z,2026-01-07T20:00:00Z,60,2025-12-17T14:07:59Z,1,508.86694444444447,,0,,,0,,23.0,0.0,0.0,23.0,1,1,0,23.0,87.0,6124.0,,,,,,,,,,,,,,,,,,,,,,,,,,,,,,,,,,,,,,,0,1,1
2026-01-07T19:30:00Z,2026-01-07T20:00:00Z,30,2025-12-17T14:07:59Z,1,509.36694444444447,,0,,,0,,23.0,0.0,0.0,23.0,1,1,0,23.0,86.5,6123.5,,,,,,,,,,,,,,,,,,,,,,,,,,,,,,,,,,,,,,,0,1,1
2026-01-07T19:30:00Z,2026-01-07T20:30:00Z,60,2025-12-17T14:07:59Z,1,509.36694444444447,,0,,,0,,23.0,0.0,0.0,23.0,1,1,0,23.0,86.5,6123.5,,,,,,,,,,,,,,,,,,,,,,,,,,,,,,,,,,,,,,,0,1,1
2026-01-07T20:00:00Z,2026-01-07T20:30:00Z,30,2025-12-17T14:07:59Z,1,509.86694444444447,,0,,,0,,23.0,0.0,0.0,23.0,1,1,0,23.0,86.0,6123.0,,,,,,,,,,,,,,,,,,,,,,,,,,,,,,,,,,,,,,,0,1,1
2026-01-07T20:00:00Z,2026-01-07T21:00:00Z,60,2025-12-17T14:07:59Z,1,509.86694444444447,,0,,,0,,23.0,0.0,0.0,23.0,1,1,0,23.0,86.0,6123.0,,,,,,,,,,,,,,,,,,,,,,,,,,,,,,,,,,,,,,,0,1,1
2026-01-07T20:30:00Z,2026-01-07T21:00:00Z,30,2025-12-17T14:07:59Z,1,510.36694444444447,,0,,,0,,23.0,0.0,0.0,23.0,1,1,0,23.0,85.5,6122.5,,,,,,,,,,,,,,,,,,,,,,,,,,,,,,,,,,,,,,,0,1,1
2026-01-07T20:30:00Z,2026-01-07T21:30:00Z,60,2025-12-17T14:07:59Z,1,510.36694444444447,,0,,,0,,23.0,0.0,0.0,23.0,1,1,0,23.0,85.5,6122.5,,,,,,,,,,,,,,,,,,,,,,,,,,,,,,,,,,,,,,,0,1,1
2026-01-07T21:00:00Z,2026-01-07T21:30:00Z,30,2025-12-17T14:07:59Z,1,510.86694444444447,,0,,,0,,23.0,0.0,0.0,23.0,1,1,0,23.0,85.0,6122.0,,,,,,,,,,,,,,,,,,,,,,,,,,,,,,,,,,,,,,,0,1,1
2026-01-07T21:00:00Z,2026-01-07T22:00:00Z,60,2025-12-17T14:07:59Z,1,510.86694444444447,,0,,,0,,23.0,0.0,0.0,23.0,1,1,0,23.0,85.0,6122.0,,,,,,,,,,,,,,,,,,,,,,,,,,,,,,,,,,,,,,,0,1,1
2026-01-07T21:30:00Z,2026-01-07T22:00:00Z,30,2025-12-17T14:07:59Z,1,511.36694444444447,,0,,,0,,23.0,0.0,0.0,23.0,1,1,0,23.0,84.5,6121.5,,,,,,,,,,,,,,,,,,,,,,,,,,,,,,,,,,,,,,,0,1,1
2026-01-07T21:30:00Z,2026-01-07T22:30:00Z,60,2025-12-17T14:07:59Z,1,511.36694444444447,,0,,,0,,23.0,0.0,0.0,23.0,1,1,0,23.0,84.5,6121.5,,,,,,,,,,,,,,,,,,,,,,,,,,,,,,,,,,,,,,,0,1,1
2026-01-07T22:00:00Z,2026-01-07T22:30:00Z,30,2025-12-17T14:07:59Z,1,511.86694444444447,,0,,,0,,23.0,0.0,0.0,23.0,1,1,0,23.0,84.0,6121.0,,,,,,,,,,,,,,,,,,,,,,,,,,,,,,,,,,,,,,,0,1,1
2026-01-07T22:00:00Z,2026-01-07T23:00:00Z,60,2025-12-17T14:07:59Z,1,511.86694444444447,,0,,,0,,23.0,0.0,0.0,23.0,1,1,0,23.0,84.0,6121.0,,,,,,,,,,,,,,,,,,,,,,,,,,,,,,,,,,,,,,,0,1,1
2026-01-07T22:30:00Z,2026-01-07T23:00:00Z,30,2025-12-17T14:07:59Z,1,512.3669444444445,,0,,,0,,23.0,0.0,0.0,23.0,1,1,0,23.0,83.5,6120.5,,,,,,,,,,,,,,,,,,,,,,,,,,,,,,,,,,,,,,,0,1,1
2026-01-07T22:30:00Z,2026-01-07T23:30:00Z,60,2025-12-17T14:07:59Z,1,512.3669444444445,,0,,,0,,23.0,0.0,0.0,23.0,1,1,0,23.0,83.5,6120.5,,,,,,,,,,,,,,,,,,,,,,,,,,,,,,,,,,,,,,,0,1,1
2026-01-07T23:00:00Z,2026-01-07T23:30:00Z,30,2025-12-17T14:07:59Z,1,512.8669444444445,,0,,,0,,23.0,0.0,0.0,23.0,1,1,0,23.0,83.0,6120.0,,,,,,,,,,,,,,,,,,,,,,,,,,,,,,,,,,,,,,,0,1,1
2026-01-07T23:00:00Z,2026-01-08T00:00:00Z,60,2025-12-17T14:07:59Z,1,512.8669444444445,,0,,,0,,23.0,0.0,0.0,23.0,1,1,0,23.0,83.0,6120.0,,,,,,,,,,,,,,,,,,,,,,,,,,,,,,,,,,,,,,,0,1,1
2026-01-07T23:30:00Z,2026-01-08T00:00:00Z,30,2025-12-17T14:07:59Z,1,513.3669444444445,,0,,,0,,23.0,0.0,0.0,23.0,1,1,0,23.0,82.5,6119.5,,,,,,,,,,,,,,,,,,,,,,,,,,,,,,,,,,,,,,,0,1,1
2026-01-07T23:30:00Z,2026-01-08T00:30:00Z,60,2025-12-17T14:07:59Z,1,513.3669444444445,,0,,,0,,23.0,0.0,0.0,23.0,1,1,0,23.0,82.5,6119.5,,,,,,,,,,,,,,,,,,,,,,,,,,,,,,,,,,,,,,,0,1,1
2026-01-08T00:00:00Z,2026-01-08T00:30:00Z,30,2025-12-17T14:07:59Z,1,513.8669444444445,,0,,,0,,23.0,0.0,0.0,23.0,1,1,0,23.0,82.0,6119.0,,,,,,,,,,,,,,,,,,,,,,,,,,,,,,,,,,,,,,,0,1,1
2026-01-08T00:00:00Z,2026-01-08T01:00:00Z,60,2025-12-17T14:07:59Z,1,513.8669444444445,,0,,,0,,23.0,0.0,0.0,23.0,1,1,0,23.0,82.0,6119.0,,,,,,,,,,,,,,,,,,,,,,,,,,,,,,,,,,,,,,,0,1,1
2026-01-08T00:30:00Z,2026-01-08T01:00:00Z,30,2025-12-17T14:07:59Z,1,514.3669444444445,,0,,,0,,23.0,0.0,0.0,23.0,1,1,0,23.0,81.5,6118.5,,,,,,,,,,,,,,,,,,,,,,,,,,,,,,,,,,,,,,,0,1,1
2026-01-08T00:30:00Z,2026-01-08T01:30:00Z,60,2025-12-17T14:07:59Z,1,514.3669444444445,,0,,,0,,23.0,0.0,0.0,23.0,1,1,0,23.0,81.5,6118.5,,,,,,,,,,,,,,,,,,,,,,,,,,,,,,,,,,,,,,,0,1,1
2026-01-08T01:00:00Z,2026-01-08T01:30:00Z,30,2025-12-17T14:07:59Z,1,514.8669444444445,,0,,,0,,23.0,0.0,0.0,23.0,1,1,0,23.0,81.0,6118.0,,,,,,,,,,,,,,,,,,,,,,,,,,,,,,,,,,,,,,,0,1,1
2026-01-08T01:00:00Z,2026-01-08T02:00:00Z,60,2025-12-17T14:07:59Z,1,514.8669444444445,,0,,,0,,23.0,0.0,0.0,23.0,1,1,0,23.0,81.0,6118.0,,,,,,,,,,,,,,,,,,,,,,,,,,,,,,,,,,,,,,,0,1,1
2026-01-08T01:30:00Z,2026-01-08T02:00:00Z,30,2025-12-17T14:07:59Z,1,515.3669444444445,,0,,,0,,23.0,0.0,0.0,23.0,1,1,0,23.0,80.5,6117.5,,,,,,,,,,,,,,,,,,,,,,,,,,,,,,,,,,,,,,,0,1,1
2026-01-08T01:30:00Z,2026-01-08T02:30:00Z,60,2025-12-17T14:07:59Z,1,515.3669444444445,,0,,,0,,23.0,0.0,0.0,23.0,1,1,0,23.0,80.5,6117.5,,,,,,,,,,,,,,,,,,,,,,,,,,,,,,,,,,,,,,,0,1,1
2026-01-08T02:00:00Z,2026-01-08T02:30:00Z,30,2025-12-17T14:07:59Z,1,515.8669444444445,,0,,,0,,23.0,0.0,0.0,23.0,1,1,0,23.0,80.0,6117.0,,,,,,,,,,,,,,,,,,,,,,,,,,,,,,,,,,,,,,,0,1,1
2026-01-08T02:00:00Z,2026-01-08T03:00:00Z,60,2025-12-17T14:07:59Z,1,515.8669444444445,,0,,,0,,23.0,0.0,0.0,23.0,1,1,0,23.0,80.0,6117.0,,,,,,,,,,,,,,,,,,,,,,,,,,,,,,,,,,,,,,,0,1,1
2026-01-08T02:30:00Z,2026-01-08T03:00:00Z,30,2025-12-17T14:07:59Z,1,516.3669444444445,,0,,,0,,23.0,0.0,0.0,23.0,1,1,0,23.0,79.5,6116.5,,,,,,,,,,,,,,,,,,,,,,,,,,,,,,,,,,,,,,,0,1,1
2026-01-08T02:30:00Z,2026-01-08T03:30:00Z,60,2025-12-17T14:07:59Z,1,516.3669444444445,,0,,,0,,23.0,0.0,0.0,23.0,1,1,0,23.0,79.5,6116.5,,,,,,,,,,,,,,,,,,,,,,,,,,,,,,,,,,,,,,,0,1,1
2026-01-08T03:00:00Z,2026-01-08T03:30:00Z,30,2025-12-17T14:07:59Z,1,516.8669444444445,,0,,,0,,23.0,0.0,0.0,23.0,1,1,0,23.0,79.0,6116.0,,,,,,,,,,,,,,,,,,,,,,,,,,,,,,,,,,,,,,,0,1,1
2026-01-08T03:00:00Z,2026-01-08T04:00:00Z,60,2025-12-17T14:07:59Z,1,516.8669444444445,,0,,,0,,23.0,0.0,0.0,23.0,1,1,0,23.0,79.0,6116.0,,,,,,,,,,,,,,,,,,,,,,,,,,,,,,,,,,,,,,,0,1,1
2026-01-08T03:30:00Z,2026-01-08T04:00:00Z,30,2025-12-17T14:07:59Z,1,517.3669444444445,,0,,,0,,23.0,0.0,0.0,23.0,1,1,0,23.0,78.5,6115.5,,,,,,,,,,,,,,,,,,,,,,,,,,,,,,,,,,,,,,,0,1,1
2026-01-08T03:30:00Z,2026-01-08T04:30:00Z,60,2025-12-17T14:07:59Z,1,517.3669444444445,,0,,,0,,23.0,0.0,0.0,23.0,1,1,0,23.0,78.5,6115.5,,,,,,,,,,,,,,,,,,,,,,,,,,,,,,,,,,,,,,,0,1,1
2026-01-08T04:00:00Z,2026-01-08T04:30:00Z,30,2025-12-17T14:07:59Z,1,517.8669444444445,,0,,,0,,23.0,0.0,0.0,23.0,1,1,0,23.0,78.0,6115.0,,,,,,,,,,,,,,,,,,,,,,,,,,,,,,,,,,,,,,,0,1,1
2026-01-08T04:00:00Z,2026-01-08T05:00:00Z,60,2025-12-17T14:07:59Z,1,517.8669444444445,,0,,,0,,23.0,0.0,0.0,23.0,1,1,0,23.0,78.0,6115.0,,,,,,,,,,,,,,,,,,,,,,,,,,,,,,,,,,,,,,,0,1,1
2026-01-08T04:30:00Z,2026-01-08T05:00:00Z,30,2025-12-17T14:07:59Z,1,518.3669444444445,,0,,,0,,23.0,0.0,0.0,23.0,1,1,0,23.0,77.5,6114.5,,,,,,,,,,,,,,,,,,,,,,,,,,,,,,,,,,,,,,,0,1,1
2026-01-08T04:30:00Z,2026-01-08T05:30:00Z,60,2025-12-17T14:07:59Z,1,518.3669444444445,,0,,,0,,23.0,0.0,0.0,23.0,1,1,0,23.0,77.5,6114.5,,,,,,,,,,,,,,,,,,,,,,,,,,,,,,,,,,,,,,,0,1,1
2026-01-08T05:00:00Z,2026-01-08T05:30:00Z,30,2025-12-17T14:07:59Z,1,518.8669444444445,,0,,,0,,23.0,0.0,0.0,23.0,1,1,0,23.0,77.0,6114.0,,,,,,,,,,,,,,,,,,,,,,,,,,,,,,,,,,,,,,,0,1,1
2026-01-08T05:00:00Z,2026-01-08T06:00:00Z,60,2025-12-17T14:07:59Z,1,518.8669444444445,,0,,,0,,23.0,0.0,0.0,23.0,1,1,0,23.0,77.0,6114.0,,,,,,,,,,,,,,,,,,,,,,,,,,,,,,,,,,,,,,,0,1,1
2026-01-08T05:30:00Z,2026-01-08T06:00:00Z,30,2025-12-17T14:07:59Z,1,519.3669444444445,,0,,,0,,23.0,0.0,0.0,23.0,1,1,0,23.0,76.5,6113.5,,,,,,,,,,,,,,,,,,,,,,,,,,,,,,,,,,,,,,,0,1,1
2026-01-08T05:30:00Z,2026-01-08T06:30:00Z,60,2025-12-17T14:07:59Z,1,519.3669444444445,,0,,,0,,23.0,0.0,0.0,23.0,1,1,0,23.0,76.5,6113.5,,,,,,,,,,,,,,,,,,,,,,,,,,,,,,,,,,,,,,,0,1,1
2026-01-08T06:00:00Z,2026-01-08T06:30:00Z,30,2025-12-17T14:07:59Z,1,519.8669444444445,,0,,,0,,23.0,0.0,0.0,23.0,1,1,0,23.0,76.0,6113.0,,,,,,,,,,,,,,,,,,,,,,,,,,,,,,,,,,,,,,,0,1,1
2026-01-08T06:00:00Z,2026-01-08T07:00:00Z,60,2025-12-17T14:07:59Z,1,519.8669444444445,,0,,,0,,23.0,0.0,0.0,23.0,1,1,0,23.0,76.0,6113.0,,,,,,,,,,,,,,,,,,,,,,,,,,,,,,,,,,,,,,,0,1,1
2026-01-08T06:30:00Z,2026-01-08T07:00:00Z,30,2025-12-17T14:07:59Z,1,520.3669444444445,,0,,,0,,23.0,0.0,0.0,23.0,1,1,0,23.0,75.5,6112.5,,,,,,,,,,,,,,,,,,,,,,,,,,,,,,,,,,,,,,,0,1,1
2026-01-08T06:30:00Z,2026-01-08T07:30:00Z,60,2025-12-17T14:07:59Z,1,520.3669444444445,,0,,,0,,23.0,0.0,0.0,23.0,1,1,0,23.0,75.5,6112.5,,,,,,,,,,,,,,,,,,,,,,,,,,,,,,,,,,,,,,,0,1,1
2026-01-08T07:00:00Z,2026-01-08T07:30:00Z,30,2025-12-17T14:07:59Z,1,520.8669444444445,,0,,,0,,23.0,0.0,0.0,23.0,1,1,0,23.0,75.0,6112.0,,,,,,,,,,,,,,,,,,,,,,,,,,,,,,,,,,,,,,,0,1,1
2026-01-08T07:00:00Z,2026-01-08T08:00:00Z,60,2025-12-17T14:07:59Z,1,520.8669444444445,,0,,,0,,23.0,0.0,0.0,23.0,1,1,0,23.0,75.0,6112.0,,,,,,,,,,,,,,,,,,,,,,,,,,,,,,,,,,,,,,,0,1,1
2026-01-08T07:30:00Z,2026-01-08T08:00:00Z,30,2025-12-17T14:07:59Z,1,521.3669444444445,,0,,,0,,23.0,0.0,0.0,23.0,1,1,0,23.0,74.5,6111.5,,,,,,,,,,,,,,,,,,,,,,,,,,,,,,,,,,,,,,,0,1,1
2026-01-08T07:30:00Z,2026-01-08T08:30:00Z,60,2025-12-17T14:07:59Z,1,521.3669444444445,,0,,,0,,23.0,0.0,0.0,23.0,1,1,0,23.0,74.5,6111.5,,,,,,,,,,,,,,,,,,,,,,,,,,,,,,,,,,,,,,,0,1,1
2026-01-08T08:00:00Z,2026-01-08T08:30:00Z,30,2025-12-17T14:07:59Z,1,521.8669444444445,,0,,,0,,23.0,0.0,0.0,23.0,1,1,0,23.0,74.0,6111.0,,,,,,,,,,,,,,,,,,,,,,,,,,,,,,,,,,,,,,,0,1,1
2026-01-08T08:00:00Z,2026-01-08T09:00:00Z,60,2025-12-17T14:07:59Z,1,521.8669444444445,,0,,,0,,23.0,0.0,0.0,23.0,1,1,0,23.0,74.0,6111.0,,,,,,,,,,,,,,,,,,,,,,,,,,,,,,,,,,,,,,,0,1,1
2026-01-08T08:30:00Z,2026-01-08T09:00:00Z,30,2025-12-17T14:07:59Z,1,522.3669444444445,,0,,,0,,23.0,0.0,0.0,23.0,1,1,0,23.0,73.5,6110.5,,,,,,,,,,,,,,,,,,,,,,,,,,,,,,,,,,,,,,,0,1,1
2026-01-08T08:30:00Z,2026-01-08T09:30:00Z,60,2025-12-17T14:07:59Z,1,522.3669444444445,,0,,,0,,23.0,0.0,0.0,23.0,1,1,0,23.0,73.5,6110.5,,,,,,,,,,,,,,,,,,,,,,,,,,,,,,,,,,,,,,,0,1,1
2026-01-08T09:00:00Z,2026-01-08T09:30:00Z,30,2025-12-17T14:07:59Z,1,522.8669444444445,,0,,,0,,23.0,0.0,0.0,23.0,1,1,0,23.0,73.0,6110.0,,,,,,,,,,,,,,,,,,,,,,,,,,,,,,,,,,,,,,,0,1,1
2026-01-08T09:00:00Z,2026-01-08T10:00:00Z,60,2025-12-17T14:07:59Z,1,522.8669444444445,,0,,,0,,23.0,0.0,0.0,23.0,1,1,0,23.0,73.0,6110.0,,,,,,,,,,,,,,,,,,,,,,,,,,,,,,,,,,,,,,,0,1,1
2026-01-08T09:30:00Z,2026-01-08T10:00:00Z,30,2025-12-17T14:07:59Z,1,523.3669444444445,,0,,,0,,23.0,0.0,0.0,23.0,1,1,0,23.0,72.5,6109.5,,,,,,,,,,,,,,,,,,,,,,,,,,,,,,,,,,,,,,,0,1,1
2026-01-08T09:30:00Z,2026-01-08T10:30:00Z,60,2025-12-17T14:07:59Z,1,523.3669444444445,,0,,,0,,23.0,0.0,0.0,23.0,1,1,0,23.0,72.5,6109.5,,,,,,,,,,,,,,,,,,,,,,,,,,,,,,,,,,,,,,,0,1,1
2026-01-08T10:00:00Z,2026-01-08T10:30:00Z,30,2025-12-17T14:07:59Z,1,523.8669444444445,,0,,,0,,23.0,0.0,0.0,23.0,1,1,0,23.0,72.0,6109.0,,,,,,,,,,,,,,,,,,,,,,,,,,,,,,,,,,,,,,,0,1,1
2026-01-08T10:00:00Z,2026-01-08T11:00:00Z,60,2025-12-17T14:07:59Z,1,523.8669444444445,,0,,,0,,23.0,0.0,0.0,23.0,1,1,0,23.0,72.0,6109.0,,,,,,,,,,,,,,,,,,,,,,,,,,,,,,,,,,,,,,,0,1,1
2026-01-08T10:30:00Z,2026-01-08T11:00:00Z,30,2025-12-17T14:07:59Z,1,524.3669444444445,,0,,,0,,23.0,0.0,0.0,23.0,1,1,0,23.0,71.5,6108.5,,,,,,,,,,,,,,,,,,,,,,,,,,,,,,,,,,,,,,,0,1,1
2026-01-08T10:30:00Z,2026-01-08T11:30:00Z,60,2025-12-17T14:07:59Z,1,524.3669444444445,,0,,,0,,23.0,0.0,0.0,23.0,1,1,0,23.0,71.5,6108.5,,,,,,,,,,,,,,,,,,,,,,,,,,,,,,,,,,,,,,,0,1,1
2026-01-08T11:00:00Z,2026-01-08T11:30:00Z,30,2025-12-17T14:07:59Z,1,524.8669444444445,,0,,,0,,23.0,0.0,0.0,23.0,1,1,0,23.0,71.0,6108.0,,,,,,,,,,,,,,,,,,,,,,,,,,,,,,,,,,,,,,,0,1,1
2026-01-08T11:00:00Z,2026-01-08T12:00:00Z,60,2025-12-17T14:07:59Z,1,524.8669444444445,,0,,,0,,23.0,0.0,0.0,23.0,1,1,0,23.0,71.0,6108.0,,,,,,,,,,,,,,,,,,,,,,,,,,,,,,,,,,,,,,,0,1,1
2026-01-08T11:30:00Z,2026-01-08T12:00:00Z,30,2025-12-17T14:07:59Z,1,525.3669444444445,,0,,,0,,23.0,0.0,0.0,23.0,1,1,0,23.0,70.5,6107.5,,,,,,,,,,,,,,,,,,,,,,,,,,,,,,,,,,,,,,,0,1,1
2026-01-08T11:30:00Z,2026-01-08T12:30:00Z,60,2025-12-17T14:07:59Z,1,525.3669444444445,,0,,,0,,23.0,0.0,0.0,23.0,1,1,0,23.0,70.5,6107.5,,,,,,,,,,,,,,,,,,,,,,,,,,,,,,,,,,,,,,,0,1,1
2026-01-08T12:00:00Z,2026-01-08T12:30:00Z,30,2025-12-17T14:07:59Z,1,525.8669444444445,,0,,,0,,23.0,0.0,0.0,23.0,1,1,0,23.0,70.0,6107.0,,,,,,,,,,,,,,,,,,,,,,,,,,,,,,,,,,,,,,,0,1,1
2026-01-08T12:00:00Z,2026-01-08T13:00:00Z,60,2025-12-17T14:07:59Z,1,525.8669444444445,,0,,,0,,23.0,0.0,0.0,23.0,1,1,0,23.0,70.0,6107.0,,,,,,,,,,,,,,,,,,,,,,,,,,,,,,,,,,,,,,,0,1,1
2026-01-08T12:30:00Z,2026-01-08T13:00:00Z,30,2025-12-17T14:07:59Z,1,526.3669444444445,,0,,,0,,23.0,0.0,0.0,23.0,1,1,0,23.0,69.5,6106.5,,,,,,,,,,,,,,,,,,,,,,,,,,,,,,,,,,,,,,,0,1,1
2026-01-08T12:30:00Z,2026-01-08T13:30:00Z,60,2025-12-17T14:07:59Z,1,526.3669444444445,,0,,,0,,23.0,0.0,0.0,23.0,1,1,0,23.0,69.5,6106.5,,,,,,,,,,,,,,,,,,,,,,,,,,,,,,,,,,,,,,,0,1,1
2026-01-08T13:00:00Z,2026-01-08T13:30:00Z,30,2025-12-17T14:07:59Z,1,526.8669444444445,,0,,,0,,23.0,0.0,0.0,23.0,1,1,0,23.0,69.0,6106.0,,,,,,,,,,,,,,,,,,,,,,,,,,,,,,,,,,,,,,,0,1,1
2026-01-08T13:00:00Z,2026-01-08T14:00:00Z,60,2025-12-17T14:07:59Z,1,526.8669444444445,,0,,,0,,23.0,0.0,0.0,23.0,1,1,0,23.0,69.0,6106.0,,,,,,,,,,,,,,,,,,,,,,,,,,,,,,,,,,,,,,,0,1,1
2026-01-08T13:30:00Z,2026-01-08T14:00:00Z,30,2025-12-17T14:07:59Z,1,527.3669444444445,,0,,,0,,23.0,0.0,0.0,23.0,1,1,0,23.0,68.5,6105.5,,,,,,,,,,,,,,,,,,,,,,,,,,,,,,,,,,,,,,,0,1,1
2026-01-08T13:30:00Z,2026-01-08T14:30:00Z,60,2025-12-17T14:07:59Z,1,527.3669444444445,,0,,,0,,23.0,0.0,0.0,23.0,1,1,0,23.0,68.5,6105.5,,,,,,,,,,,,,,,,,,,,,,,,,,,,,,,,,,,,,,,0,1,1
2026-01-08T14:00:00Z,2026-01-08T14:30:00Z,30,2025-12-17T14:07:59Z,1,527.8669444444445,,0,,,0,,23.0,0.0,0.0,23.0,1,1,0,23.0,68.0,6105.0,,,,,,,,,,,,,,,,,,,,,,,,,,,,,,,,,,,,,,,0,1,1
2026-01-08T14:00:00Z,2026-01-08T15:00:00Z,60,2025-12-17T14:07:59Z,1,527.8669444444445,,0,,,0,,23.0,0.0,0.0,23.0,1,1,0,23.0,68.0,6105.0,,,,,,,,,,,,,,,,,,,,,,,,,,,,,,,,,,,,,,,0,1,1
2026-01-08T14:30:00Z,2026-01-08T15:00:00Z,30,2025-12-17T14:07:59Z,1,528.3669444444445,,0,,,0,,23.0,0.0,0.0,23.0,1,1,0,23.0,67.5,6104.5,,,,,,,,,,,,,,,,,,,,,,,,,,,,,,,,,,,,,,,0,1,1
2026-01-08T14:30:00Z,2026-01-08T15:30:00Z,60,2025-12-17T14:07:59Z,1,528.3669444444445,,0,,,0,,23.0,0.0,0.0,23.0,1,1,0,23.0,67.5,6104.5,,,,,,,,,,,,,,,,,,,,,,,,,,,,,,,,,,,,,,,0,1,1
2026-01-08T15:00:00Z,2026-01-08T15:30:00Z,30,2025-12-17T14:07:59Z,1,528.8669444444445,,0,,,0,,23.0,0.0,0.0,23.0,1,1,0,23.0,67.0,6104.0,,,,,,,,,,,,,,,,,,,,,,,,,,,,,,,,,,,,,,,0,1,1
2026-01-08T15:00:00Z,2026-01-08T16:00:00Z,60,2025-12-17T14:07:59Z,1,528.8669444444445,,0,,,0,,23.0,0.0,0.0,23.0,1,1,0,23.0,67.0,6104.0,,,,,,,,,,,,,,,,,,,,,,,,,,,,,,,,,,,,,,,0,1,1
2026-01-08T15:30:00Z,2026-01-08T16:00:00Z,30,2025-12-17T14:07:59Z,1,529.3669444444445,,0,,,0,,23.0,0.0,0.0,23.0,1,1,0,23.0,66.5,6103.5,,,,,,,,,,,,,,,,,,,,,,,,,,,,,,,,,,,,,,,0,1,1
2026-01-08T15:30:00Z,2026-01-08T16:30:00Z,60,2025-12-17T14:07:59Z,1,529.3669444444445,,0,,,0,,23.0,0.0,0.0,23.0,1,1,0,23.0,66.5,6103.5,,,,,,,,,,,,,,,,,,,,,,,,,,,,,,,,,,,,,,,0,1,1
2026-01-08T16:00:00Z,2026-01-08T16:30:00Z,30,2025-12-17T14:07:59Z,1,529.8669444444445,,0,,,0,,23.0,0.0,0.0,23.0,1,1,0,23.0,66.0,6103.0,,,,,,,,,,,,,,,,,,,,,,,,,,,,,,,,,,,,,,,0,1,1
2026-01-08T16:00:00Z,2026-01-08T17:00:00Z,60,2025-12-17T14:07:59Z,1,529.8669444444445,,0,,,0,,23.0,0.0,0.0,23.0,1,1,0,23.0,66.0,6103.0,,,,,,,,,,,,,,,,,,,,,,,,,,,,,,,,,,,,,,,0,1,1
2026-01-08T16:30:00Z,2026-01-08T17:00:00Z,30,2025-12-17T14:07:59Z,1,530.3669444444445,,0,,,0,,23.0,0.0,0.0,23.0,1,1,0,23.0,65.5,6102.5,,,,,,,,,,,,,,,,,,,,,,,,,,,,,,,,,,,,,,,0,1,1
2026-01-08T16:30:00Z,2026-01-08T17:30:00Z,60,2025-12-17T14:07:59Z,1,530.3669444444445,,0,,,0,,23.0,0.0,0.0,23.0,1,1,0,23.0,65.5,6102.5,,,,,,,,,,,,,,,,,,,,,,,,,,,,,,,,,,,,,,,0,1,1
2026-01-08T17:00:00Z,2026-01-08T17:30:00Z,30,2025-12-17T14:07:59Z,1,530.8669444444445,,0,,,0,,23.0,0.0,0.0,23.0,1,1,0,23.0,65.0,6102.0,,,,,,,,,,,,,,,,,,,,,,,,,,,,,,,,,,,,,,,0,1,1
2026-01-08T17:00:00Z,2026-01-08T18:00:00Z,60,2025-12-17T14:07:59Z,1,530.8669444444445,,0,,,0,,23.0,0.0,0.0,23.0,1,1,0,23.0,65.0,6102.0,,,,,,,,,,,,,,,,,,,,,,,,,,,,,,,,,,,,,,,0,1,1
2026-01-08T17:30:00Z,2026-01-08T18:00:00Z,30,2025-12-17T14:07:59Z,1,531.3669444444445,,0,,,0,,23.0,0.0,0.0,23.0,1,1,0,23.0,64.5,6101.5,,,,,,,,,,,,,,,,,,,,,,,,,,,,,,,,,,,,,,,0,1,1
2026-01-08T17:30:00Z,2026-01-08T18:30:00Z,60,2025-12-17T14:07:59Z,1,531.3669444444445,,0,,,0,,23.0,0.0,0.0,23.0,1,1,0,23.0,64.5,6101.5,,,,,,,,,,,,,,,,,,,,,,,,,,,,,,,,,,,,,,,0,1,1
2026-01-08T18:00:00Z,2026-01-08T18:30:00Z,30,2025-12-17T14:07:59Z,1,531.8669444444445,,0,,,0,,23.0,0.0,0.0,23.0,1,1,0,23.0,64.0,6101.0,,,,,,,,,,,,,,,,,,,,,,,,,,,,,,,,,,,,,,,0,1,1
2026-01-08T18:00:00Z,2026-01-08T19:00:00Z,60,2025-12-17T14:07:59Z,1,531.8669444444445,,0,,,0,,23.0,0.0,0.0,23.0,1,1,0,23.0,64.0,6101.0,,,,,,,,,,,,,,,,,,,,,,,,,,,,,,,,,,,,,,,0,1,1
2026-01-08T18:30:00Z,2026-01-08T19:00:00Z,30,2025-12-17T14:07:59Z,1,532.3669444444445,,0,,,0,,23.0,0.0,0.0,23.0,1,1,0,23.0,63.5,6100.5,,,,,,,,,,,,,,,,,,,,,,,,,,,,,,,,,,,,,,,0,1,1
2026-01-08T18:30:00Z,2026-01-08T19:30:00Z,60,2025-12-17T14:07:59Z,1,532.3669444444445,,0,,,0,,23.0,0.0,0.0,23.0,1,1,0,23.0,63.5,6100.5,,,,,,,,,,,,,,,,,,,,,,,,,,,,,,,,,,,,,,,0,1,1
2026-01-08T19:00:00Z,2026-01-08T19:30:00Z,30,2025-12-17T14:07:59Z,1,532.8669444444445,,0,,,0,,23.0,0.0,0.0,23.0,1,1,0,23.0,63.0,6100.0,,,,,,,,,,,,,,,,,,,,,,,,,,,,,,,,,,,,,,,0,1,1
2026-01-08T19:00:00Z,2026-01-08T20:00:00Z,60,2025-12-17T14:07:59Z,1,532.8669444444445,,0,,,0,,23.0,0.0,0.0,23.0,1,1,0,23.0,63.0,6100.0,,,,,,,,,,,,,,,,,,,,,,,,,,,,,,,,,,,,,,,0,1,1
2026-01-08T19:30:00Z,2026-01-08T20:00:00Z,30,2025-12-17T14:07:59Z,1,533.3669444444445,,0,,,0,,23.0,0.0,0.0,23.0,1,1,0,23.0,62.5,6099.5,,,,,,,,,,,,,,,,,,,,,,,,,,,,,,,,,,,,,,,0,1,1
2026-01-08T19:30:00Z,2026-01-08T20:30:00Z,60,2025-12-17T14:07:59Z,1,533.3669444444445,,0,,,0,,23.0,0.0,0.0,23.0,1,1,0,23.0,62.5,6099.5,,,,,,,,,,,,,,,,,,,,,,,,,,,,,,,,,,,,,,,0,1,1
2026-01-08T20:00:00Z,2026-01-08T20:30:00Z,30,2025-12-17T14:07:59Z,1,533.8669444444445,,0,,,0,,23.0,0.0,0.0,23.0,1,1,0,23.0,62.0,6099.0,,,,,,,,,,,,,,,,,,,,,,,,,,,,,,,,,,,,,,,0,1,1
2026-01-08T20:00:00Z,2026-01-08T21:00:00Z,60,2025-12-17T14:07:59Z,1,533.8669444444445,,0,,,0,,23.0,0.0,0.0,23.0,1,1,0,23.0,62.0,6099.0,,,,,,,,,,,,,,,,,,,,,,,,,,,,,,,,,,,,,,,0,1,1
2026-01-08T20:30:00Z,2026-01-08T21:00:00Z,30,2025-12-17T14:07:59Z,1,534.3669444444445,,0,,,0,,23.0,0.0,0.0,23.0,1,1,0,23.0,61.5,6098.5,,,,,,,,,,,,,,,,,,,,,,,,,,,,,,,,,,,,,,,0,1,1
2026-01-08T20:30:00Z,2026-01-08T21:30:00Z,60,2025-12-17T14:07:59Z,1,534.3669444444445,,0,,,0,,23.0,0.0,0.0,23.0,1,1,0,23.0,61.5,6098.5,,,,,,,,,,,,,,,,,,,,,,,,,,,,,,,,,,,,,,,0,1,1
2026-01-08T21:00:00Z,2026-01-08T21:30:00Z,30,2025-12-17T14:07:59Z,1,534.8669444444445,,0,,,0,,23.0,0.0,0.0,23.0,1,1,0,23.0,61.0,6098.0,,,,,,,,,,,,,,,,,,,,,,,,,,,,,,,,,,,,,,,0,1,1
2026-01-08T21:00:00Z,2026-01-08T22:00:00Z,60,2025-12-17T14:07:59Z,1,534.8669444444445,,0,,,0,,23.0,0.0,0.0,23.0,1,1,0,23.0,61.0,6098.0,,,,,,,,,,,,,,,,,,,,,,,,,,,,,,,,,,,,,,,0,1,1
2026-01-08T21:30:00Z,2026-01-08T22:00:00Z,30,2025-12-17T14:07:59Z,1,535.3669444444445,,0,,,0,,23.0,0.0,0.0,23.0,1,1,0,23.0,60.5,6097.5,,,,,,,,,,,,,,,,,,,,,,,,,,,,,,,,,,,,,,,0,1,1
2026-01-08T21:30:00Z,2026-01-08T22:30:00Z,60,2025-12-17T14:07:59Z,1,535.3669444444445,,0,,,0,,23.0,0.0,0.0,23.0,1,1,0,23.0,60.5,6097.5,,,,,,,,,,,,,,,,,,,,,,,,,,,,,,,,,,,,,,,0,1,1
2026-01-08T22:00:00Z,2026-01-08T22:30:00Z,30,2025-12-17T14:07:59Z,1,535.8669444444445,,0,,,0,,23.0,0.0,0.0,23.0,1,1,0,23.0,60.0,6097.0,,,,,,,,,,,,,,,,,,,,,,,,,,,,,,,,,,,,,,,0,1,1
2026-01-08T22:00:00Z,2026-01-08T23:00:00Z,60,2025-12-17T14:07:59Z,1,535.8669444444445,,0,,,0,,23.0,0.0,0.0,23.0,1,1,0,23.0,60.0,6097.0,,,,,,,,,,,,,,,,,,,,,,,,,,,,,,,,,,,,,,,0,1,1
2026-01-08T22:30:00Z,2026-01-08T23:00:00Z,30,2025-12-17T14:07:59Z,1,536.3669444444445,,0,,,0,,23.0,0.0,0.0,23.0,1,1,0,23.0,59.5,6096.5,,,,,,,,,,,,,,,,,,,,,,,,,,,,,,,,,,,,,,,0,1,1
2026-01-08T22:30:00Z,2026-01-08T23:30:00Z,60,2025-12-17T14:07:59Z,1,536.3669444444445,,0,,,0,,23.0,0.0,0.0,23.0,1,1,0,23.0,59.5,6096.5,,,,,,,,,,,,,,,,,,,,,,,,,,,,,,,,,,,,,,,0,1,1
2026-01-08T23:00:00Z,2026-01-08T23:30:00Z,30,2025-12-17T14:07:59Z,1,536.8669444444445,,0,,,0,,23.0,0.0,0.0,23.0,1,1,0,23.0,59.0,6096.0,,,,,,,,,,,,,,,,,,,,,,,,,,,,,,,,,,,,,,,0,1,1
2026-01-08T23:00:00Z,2026-01-09T00:00:00Z,60,2025-12-17T14:07:59Z,1,536.8669444444445,,0,,,0,,23.0,0.0,0.0,23.0,1,1,0,23.0,59.0,6096.0,,,,,,,,,,,,,,,,,,,,,,,,,,,,,,,,,,,,,,,0,1,1
2026-01-08T23:30:00Z,2026-01-09T00:00:00Z,30,2025-12-17T14:07:59Z,1,537.3669444444445,,0,,,0,,23.0,0.0,0.0,23.0,1,1,0,23.0,58.5,6095.5,,,,,,,,,,,,,,,,,,,,,,,,,,,,,,,,,,,,,,,0,1,1
2026-01-08T23:30:00Z,2026-01-09T00:30:00Z,60,2025-12-17T14:07:59Z,1,537.3669444444445,,0,,,0,,23.0,0.0,0.0,23.0,1,1,0,23.0,58.5,6095.5,,,,,,,,,,,,,,,,,,,,,,,,,,,,,,,,,,,,,,,0,1,1
2026-01-09T00:00:00Z,2026-01-09T00:30:00Z,30,2025-12-17T14:07:59Z,1,537.8669444444445,,0,,,0,,23.0,0.0,0.0,23.0,1,1,0,23.0,58.0,6095.0,,,,,,,,,,,,,,,,,,,,,,,,,,,,,,,,,,,,,,,0,1,1
2026-01-09T00:00:00Z,2026-01-09T01:00:00Z,60,2025-12-17T14:07:59Z,1,537.8669444444445,,0,,,0,,23.0,0.0,0.0,23.0,1,1,0,23.0,58.0,6095.0,,,,,,,,,,,,,,,,,,,,,,,,,,,,,,,,,,,,,,,0,1,1
2026-01-09T00:30:00Z,2026-01-09T01:00:00Z,30,2025-12-17T14:07:59Z,1,538.3669444444445,,0,,,0,,23.0,0.0,0.0,23.0,1,1,0,23.0,57.5,6094.5,,,,,,,,,,,,,,,,,,,,,,,,,,,,,,,,,,,,,,,0,1,1
2026-01-09T00:30:00Z,2026-01-09T01:30:00Z,60,2025-12-17T14:07:59Z,1,538.3669444444445,,0,,,0,,23.0,0.0,0.0,23.0,1,1,0,23.0,57.5,6094.5,,,,,,,,,,,,,,,,,,,,,,,,,,,,,,,,,,,,,,,0,1,1
2026-01-09T01:00:00Z,2026-01-09T01:30:00Z,30,2025-12-17T14:07:59Z,1,538.8669444444445,,0,,,0,,23.0,0.0,0.0,23.0,1,1,0,23.0,57.0,6094.0,,,,,,,,,,,,,,,,,,,,,,,,,,,,,,,,,,,,,,,0,1,1
2026-01-09T01:00:00Z,2026-01-09T02:00:00Z,60,2025-12-17T14:07:59Z,1,538.8669444444445,,0,,,0,,23.0,0.0,0.0,23.0,1,1,0,23.0,57.0,6094.0,,,,,,,,,,,,,,,,,,,,,,,,,,,,,,,,,,,,,,,0,1,1
2026-01-09T01:30:00Z,2026-01-09T02:00:00Z,30,2025-12-17T14:07:59Z,1,539.3669444444445,,0,,,0,,23.0,0.0,0.0,23.0,1,1,0,23.0,56.5,6093.5,,,,,,,,,,,,,,,,,,,,,,,,,,,,,,,,,,,,,,,0,1,1
2026-01-09T01:30:00Z,2026-01-09T02:30:00Z,60,2025-12-17T14:07:59Z,1,539.3669444444445,,0,,,0,,23.0,0.0,0.0,23.0,1,1,0,23.0,56.5,6093.5,,,,,,,,,,,,,,,,,,,,,,,,,,,,,,,,,,,,,,,0,1,1
2026-01-09T02:00:00Z,2026-01-09T02:30:00Z,30,2025-12-17T14:07:59Z,1,539.8669444444445,,0,,,0,,23.0,0.0,0.0,23.0,1,1,0,23.0,56.0,6093.0,,,,,,,,,,,,,,,,,,,,,,,,,,,,,,,,,,,,,,,0,1,1
2026-01-09T02:00:00Z,2026-01-09T03:00:00Z,60,2025-12-17T14:07:59Z,1,539.8669444444445,,0,,,0,,23.0,0.0,0.0,23.0,1,1,0,23.0,56.0,6093.0,,,,,,,,,,,,,,,,,,,,,,,,,,,,,,,,,,,,,,,0,1,1
2026-01-09T02:30:00Z,2026-01-09T03:00:00Z,30,2025-12-17T14:07:59Z,1,540.3669444444445,,0,,,0,,23.0,0.0,0.0,23.0,1,1,0,23.0,55.5,6092.5,,,,,,,,,,,,,,,,,,,,,,,,,,,,,,,,,,,,,,,0,1,1
2026-01-09T02:30:00Z,2026-01-09T03:30:00Z,60,2025-12-17T14:07:59Z,1,540.3669444444445,,0,,,0,,23.0,0.0,0.0,23.0,1,1,0,23.0,55.5,6092.5,,,,,,,,,,,,,,,,,,,,,,,,,,,,,,,,,,,,,,,0,1,1
2026-01-09T03:00:00Z,2026-01-09T03:30:00Z,30,2025-12-17T14:07:59Z,1,540.8669444444445,,0,,,0,,23.0,0.0,0.0,23.0,1,1,0,23.0,55.0,6092.0,,,,,,,,,,,,,,,,,,,,,,,,,,,,,,,,,,,,,,,0,1,1
2026-01-09T03:00:00Z,2026-01-09T04:00:00Z,60,2025-12-17T14:07:59Z,1,540.8669444444445,,0,,,0,,23.0,0.0,0.0,23.0,1,1,0,23.0,55.0,6092.0,,,,,,,,,,,,,,,,,,,,,,,,,,,,,,,,,,,,,,,0,1,1
2026-01-09T03:30:00Z,2026-01-09T04:00:00Z,30,2025-12-17T14:07:59Z,1,541.3669444444445,,0,,,0,,23.0,0.0,0.0,23.0,1,1,0,23.0,54.5,6091.5,,,,,,,,,,,,,,,,,,,,,,,,,,,,,,,,,,,,,,,0,1,1
2026-01-09T03:30:00Z,2026-01-09T04:30:00Z,60,2025-12-17T14:07:59Z,1,541.3669444444445,,0,,,0,,23.0,0.0,0.0,23.0,1,1,0,23.0,54.5,6091.5,,,,,,,,,,,,,,,,,,,,,,,,,,,,,,,,,,,,,,,0,1,1
2026-01-09T04:00:00Z,2026-01-09T04:30:00Z,30,2025-12-17T14:07:59Z,1,541.8669444444445,,0,,,0,,23.0,0.0,0.0,23.0,1,1,0,23.0,54.0,6091.0,,,,,,,,,,,,,,,,,,,,,,,,,,,,,,,,,,,,,,,0,1,1
2026-01-09T04:00:00Z,2026-01-09T05:00:00Z,60,2025-12-17T14:07:59Z,1,541.8669444444445,,0,,,0,,23.0,0.0,0.0,23.0,1,1,0,23.0,54.0,6091.0,,,,,,,,,,,,,,,,,,,,,,,,,,,,,,,,,,,,,,,0,1,1
2026-01-09T04:30:00Z,2026-01-09T05:00:00Z,30,2025-12-17T14:07:59Z,1,542.3669444444445,,0,,,0,,23.0,0.0,0.0,23.0,1,1,0,23.0,53.5,6090.5,,,,,,,,,,,,,,,,,,,,,,,,,,,,,,,,,,,,,,,0,1,1
2026-01-09T04:30:00Z,2026-01-09T05:30:00Z,60,2025-12-17T14:07:59Z,1,542.3669444444445,,0,,,0,,23.0,0.0,0.0,23.0,1,1,0,23.0,53.5,6090.5,,,,,,,,,,,,,,,,,,,,,,,,,,,,,,,,,,,,,,,0,1,1
2026-01-09T05:00:00Z,2026-01-09T05:30:00Z,30,2025-12-17T14:07:59Z,1,542.8669444444445,,0,,,0,,23.0,0.0,0.0,23.0,1,1,0,23.0,53.0,6090.0,,,,,,,,,,,,,,,,,,,,,,,,,,,,,,,,,,,,,,,0,1,1
2026-01-09T05:00:00Z,2026-01-09T06:00:00Z,60,2025-12-17T14:07:59Z,1,542.8669444444445,,0,,,0,,23.0,0.0,0.0,23.0,1,1,0,23.0,53.0,6090.0,,,,,,,,,,,,,,,,,,,,,,,,,,,,,,,,,,,,,,,0,1,1
2026-01-09T05:30:00Z,2026-01-09T06:00:00Z,30,2025-12-17T14:07:59Z,1,543.3669444444445,,0,,,0,,23.0,0.0,0.0,23.0,1,1,0,23.0,52.5,6089.5,,,,,,,,,,,,,,,,,,,,,,,,,,,,,,,,,,,,,,,0,1,1
2026-01-09T05:30:00Z,2026-01-09T06:30:00Z,60,2025-12-17T14:07:59Z,1,543.3669444444445,,0,,,0,,23.0,0.0,0.0,23.0,1,1,0,23.0,52.5,6089.5,,,,,,,,,,,,,,,,,,,,,,,,,,,,,,,,,,,,,,,0,1,1
2026-01-09T06:00:00Z,2026-01-09T06:30:00Z,30,2025-12-17T14:07:59Z,1,543.8669444444445,,0,,,0,,23.0,0.0,0.0,23.0,1,1,0,23.0,52.0,6089.0,,,,,,,,,,,,,,,,,,,,,,,,,,,,,,,,,,,,,,,0,1,1
2026-01-09T06:00:00Z,2026-01-09T07:00:00Z,60,2025-12-17T14:07:59Z,1,543.8669444444445,,0,,,0,,23.0,0.0,0.0,23.0,1,1,0,23.0,52.0,6089.0,,,,,,,,,,,,,,,,,,,,,,,,,,,,,,,,,,,,,,,0,1,1
2026-01-09T06:30:00Z,2026-01-09T07:00:00Z,30,2025-12-17T14:07:59Z,1,544.3669444444445,,0,,,0,,23.0,0.0,0.0,23.0,1,1,0,23.0,51.5,6088.5,,,,,,,,,,,,,,,,,,,,,,,,,,,,,,,,,,,,,,,0,1,1
2026-01-09T06:30:00Z,2026-01-09T07:30:00Z,60,2025-12-17T14:07:59Z,1,544.3669444444445,,0,,,0,,23.0,0.0,0.0,23.0,1,1,0,23.0,51.5,6088.5,,,,,,,,,,,,,,,,,,,,,,,,,,,,,,,,,,,,,,,0,1,1
2026-01-09T07:00:00Z,2026-01-09T07:30:00Z,30,2025-12-17T14:07:59Z,1,544.8669444444445,,0,,,0,,23.0,0.0,0.0,23.0,1,1,0,23.0,51.0,6088.0,,,,,,,,,,,,,,,,,,,,,,,,,,,,,,,,,,,,,,,0,1,1
2026-01-09T07:00:00Z,2026-01-09T08:00:00Z,60,2025-12-17T14:07:59Z,1,544.8669444444445,,0,,,0,,23.0,0.0,0.0,23.0,1,1,0,23.0,51.0,6088.0,,,,,,,,,,,,,,,,,,,,,,,,,,,,,,,,,,,,,,,0,1,1
2026-01-09T07:30:00Z,2026-01-09T08:00:00Z,30,2025-12-17T14:07:59Z,1,545.3669444444445,,0,,,0,,23.0,0.0,0.0,23.0,1,1,0,23.0,50.5,6087.5,,,,,,,,,,,,,,,,,,,,,,,,,,,,,,,,,,,,,,,0,1,1
2026-01-09T07:30:00Z,2026-01-09T08:30:00Z,60,2025-12-17T14:07:59Z,1,545.3669444444445,,0,,,0,,23.0,0.0,0.0,23.0,1,1,0,23.0,50.5,6087.5,,,,,,,,,,,,,,,,,,,,,,,,,,,,,,,,,,,,,,,0,1,1
2026-01-09T08:00:00Z,2026-01-09T08:30:00Z,30,2025-12-17T14:07:59Z,1,545.8669444444445,,0,,,0,,23.0,0.0,0.0,23.0,1,1,0,23.0,50.0,6087.0,,,,,,,,,,,,,,,,,,,,,,,,,,,,,,,,,,,,,,,0,1,1
2026-01-09T08:00:00Z,2026-01-09T09:00:00Z,60,2025-12-17T14:07:59Z,1,545.8669444444445,,0,,,0,,23.0,0.0,0.0,23.0,1,1,0,23.0,50.0,6087.0,,,,,,,,,,,,,,,,,,,,,,,,,,,,,,,,,,,,,,,0,1,1
2026-01-09T08:30:00Z,2026-01-09T09:00:00Z,30,2025-12-17T14:07:59Z,1,546.3669444444445,,0,,,0,,23.0,0.0,0.0,23.0,1,1,0,23.0,49.5,6086.5,,,,,,,,,,,,,,,,,,,,,,,,,,,,,,,,,,,,,,,0,1,1
2026-01-09T08:30:00Z,2026-01-09T09:30:00Z,60,2025-12-17T14:07:59Z,1,546.3669444444445,,0,,,0,,23.0,0.0,0.0,23.0,1,1,0,23.0,49.5,6086.5,,,,,,,,,,,,,,,,,,,,,,,,,,,,,,,,,,,,,,,0,1,1
2026-01-09T09:00:00Z,2026-01-09T09:30:00Z,30,2025-12-17T14:07:59Z,1,546.8669444444445,,0,,,0,,23.0,0.0,0.0,23.0,1,1,0,23.0,49.0,6086.0,,,,,,,,,,,,,,,,,,,,,,,,,,,,,,,,,,,,,,,0,1,1
2026-01-09T09:00:00Z,2026-01-09T10:00:00Z,60,2025-12-17T14:07:59Z,1,546.8669444444445,,0,,,0,,23.0,0.0,0.0,23.0,1,1,0,23.0,49.0,6086.0,,,,,,,,,,,,,,,,,,,,,,,,,,,,,,,,,,,,,,,0,1,1
2026-01-09T09:30:00Z,2026-01-09T10:00:00Z,30,2025-12-17T14:07:59Z,1,547.3669444444445,,0,,,0,,23.0,0.0,0.0,23.0,1,1,0,23.0,48.5,6085.5,,,,,,,,,,,,,,,,,,,,,,,,,,,,,,,,,,,,,,,0,1,1
2026-01-09T09:30:00Z,2026-01-09T10:30:00Z,60,2025-12-17T14:07:59Z,1,547.3669444444445,,0,,,0,,23.0,0.0,0.0,23.0,1,1,0,23.0,48.5,6085.5,,,,,,,,,,,,,,,,,,,,,,,,,,,,,,,,,,,,,,,0,1,1
2026-01-09T10:00:00Z,2026-01-09T10:30:00Z,30,2025-12-17T14:07:59Z,1,547.8669444444445,,0,,,0,,23.0,0.0,0.0,23.0,1,1,0,23.0,48.0,6085.0,,,,,,,,,,,,,,,,,,,,,,,,,,,,,,,,,,,,,,,0,1,1
2026-01-09T10:00:00Z,2026-01-09T11:00:00Z,60,2025-12-17T14:07:59Z,1,547.8669444444445,,0,,,0,,23.0,0.0,0.0,23.0,1,1,0,23.0,48.0,6085.0,,,,,,,,,,,,,,,,,,,,,,,,,,,,,,,,,,,,,,,0,1,1
2026-01-09T10:30:00Z,2026-01-09T11:00:00Z,30,2025-12-17T14:07:59Z,1,548.3669444444445,,0,,,0,,23.0,0.0,0.0,23.0,1,1,0,23.0,47.5,6084.5,,,,,,,,,,,,,,,,,,,,,,,,,,,,,,,,,,,,,,,0,1,1
2026-01-09T10:30:00Z,2026-01-09T11:30:00Z,60,2025-12-17T14:07:59Z,1,548.3669444444445,,0,,,0,,23.0,0.0,0.0,23.0,1,1,0,23.0,47.5,6084.5,,,,,,,,,,,,,,,,,,,,,,,,,,,,,,,,,,,,,,,0,1,1
2026-01-09T11:00:00Z,2026-01-09T11:30:00Z,30,2025-12-17T14:07:59Z,1,548.8669444444445,,0,,,0,,23.0,0.0,0.0,23.0,1,1,0,23.0,47.0,6084.0,,,,,,,,,,,,,,,,,,,,,,,,,,,,,,,,,,,,,,,0,1,1
2026-01-09T11:00:00Z,2026-01-09T12:00:00Z,60,2025-12-17T14:07:59Z,1,548.8669444444445,,0,,,0,,23.0,0.0,0.0,23.0,1,1,0,23.0,47.0,6084.0,,,,,,,,,,,,,,,,,,,,,,,,,,,,,,,,,,,,,,,0,1,1
2026-01-09T11:30:00Z,2026-01-09T12:00:00Z,30,2025-12-17T14:07:59Z,1,549.3669444444445,,0,,,0,,23.0,0.0,0.0,23.0,1,1,0,23.0,46.5,6083.5,,,,,,,,,,,,,,,,,,,,,,,,,,,,,,,,,,,,,,,0,1,1
2026-01-09T11:30:00Z,2026-01-09T12:30:00Z,60,2025-12-17T14:07:59Z,1,549.3669444444445,,0,,,0,,23.0,0.0,0.0,23.0,1,1,0,23.0,46.5,6083.5,,,,,,,,,,,,,,,,,,,,,,,,,,,,,,,,,,,,,,,0,1,1
2026-01-09T12:00:00Z,2026-01-09T12:30:00Z,30,2025-12-17T14:07:59Z,1,549.8669444444445,,0,,,0,,23.0,0.0,0.0,23.0,1,1,0,23.0,46.0,6083.0,,,,,,,,,,,,,,,,,,,,,,,,,,,,,,,,,,,,,,,0,1,1
2026-01-09T12:00:00Z,2026-01-09T13:00:00Z,60,2025-12-17T14:07:59Z,1,549.8669444444445,,0,,,0,,23.0,0.0,0.0,23.0,1,1,0,23.0,46.0,6083.0,,,,,,,,,,,,,,,,,,,,,,,,,,,,,,,,,,,,,,,0,1,1
2026-01-09T12:30:00Z,2026-01-09T13:00:00Z,30,2025-12-17T14:07:59Z,1,550.3669444444445,,0,,,0,,23.0,0.0,0.0,23.0,1,1,0,23.0,45.5,6082.5,,,,,,,,,,,,,,,,,,,,,,,,,,,,,,,,,,,,,,,0,1,1
2026-01-09T12:30:00Z,2026-01-09T13:30:00Z,60,2025-12-17T14:07:59Z,1,550.3669444444445,,0,,,0,,23.0,0.0,0.0,23.0,1,1,0,23.0,45.5,6082.5,,,,,,,,,,,,,,,,,,,,,,,,,,,,,,,,,,,,,,,0,1,1
2026-01-09T13:00:00Z,2026-01-09T13:30:00Z,30,2025-12-17T14:07:59Z,1,550.8669444444445,,0,,,0,,23.0,0.0,0.0,23.0,1,1,0,23.0,45.0,6082.0,,,,,,,,,,,,,,,,,,,,,,,,,,,,,,,,,,,,,,,0,1,1
2026-01-09T13:00:00Z,2026-01-09T14:00:00Z,60,2025-12-17T14:07:59Z,1,550.8669444444445,,0,,,0,,23.0,0.0,0.0,23.0,1,1,0,23.0,45.0,6082.0,,,,,,,,,,,,,,,,,,,,,,,,,,,,,,,,,,,,,,,0,1,1
2026-01-09T13:30:00Z,2026-01-09T14:00:00Z,30,2025-12-17T14:07:59Z,1,551.3669444444445,,0,,,0,,23.0,0.0,0.0,23.0,1,1,0,23.0,44.5,6081.5,,,,,,,,,,,,,,,,,,,,,,,,,,,,,,,,,,,,,,,0,1,1
2026-01-09T13:30:00Z,2026-01-09T14:30:00Z,60,2025-12-17T14:07:59Z,1,551.3669444444445,,0,,,0,,23.0,0.0,0.0,23.0,1,1,0,23.0,44.5,6081.5,,,,,,,,,,,,,,,,,,,,,,,,,,,,,,,,,,,,,,,0,1,1
2026-01-09T14:00:00Z,2026-01-09T14:30:00Z,30,2025-12-17T14:07:59Z,1,551.8669444444445,,0,,,0,,23.0,0.0,0.0,23.0,1,1,0,23.0,44.0,6081.0,,,,,,,,,,,,,,,,,,,,,,,,,,,,,,,,,,,,,,,0,1,1
2026-01-09T14:00:00Z,2026-01-09T15:00:00Z,60,2025-12-17T14:07:59Z,1,551.8669444444445,,0,,,0,,23.0,0.0,0.0,23.0,1,1,0,23.0,44.0,6081.0,,,,,,,,,,,,,,,,,,,,,,,,,,,,,,,,,,,,,,,0,1,1
2026-01-09T14:30:00Z,2026-01-09T15:00:00Z,30,2025-12-17T14:07:59Z,1,552.3669444444445,,0,,,0,,23.0,0.0,0.0,23.0,1,1,0,23.0,43.5,6080.5,,,,,,,,,,,,,,,,,,,,,,,,,,,,,,,,,,,,,,,0,1,1
2026-01-09T14:30:00Z,2026-01-09T15:30:00Z,60,2025-12-17T14:07:59Z,1,552.3669444444445,,0,,,0,,23.0,0.0,0.0,23.0,1,1,0,23.0,43.5,6080.5,,,,,,,,,,,,,,,,,,,,,,,,,,,,,,,,,,,,,,,0,1,1
2026-01-09T15:00:00Z,2026-01-09T15:30:00Z,30,2025-12-17T14:07:59Z,1,552.8669444444445,,0,,,0,,23.0,0.0,0.0,23.0,1,1,0,23.0,43.0,6080.0,,,,,,,,,,,,,,,,,,,,,,,,,,,,,,,,,,,,,,,0,1,1
2026-01-09T15:00:00Z,2026-01-09T16:00:00Z,60,2025-12-17T14:07:59Z,1,552.8669444444445,,0,,,0,,23.0,0.0,0.0,23.0,1,1,0,23.0,43.0,6080.0,,,,,,,,,,,,,,,,,,,,,,,,,,,,,,,,,,,,,,,0,1,1
2026-01-09T15:30:00Z,2026-01-09T16:00:00Z,30,2025-12-17T14:07:59Z,1,553.3669444444445,,0,,,0,,23.0,0.0,0.0,23.0,1,1,0,23.0,42.5,6079.5,,,,,,,,,,,,,,,,,,,,,,,,,,,,,,,,,,,,,,,0,1,1
2026-01-09T15:30:00Z,2026-01-09T16:30:00Z,60,2025-12-17T14:07:59Z,1,553.3669444444445,,0,,,0,,23.0,0.0,0.0,23.0,1,1,0,23.0,42.5,6079.5,,,,,,,,,,,,,,,,,,,,,,,,,,,,,,,,,,,,,,,0,1,1
2026-01-09T16:00:00Z,2026-01-09T16:30:00Z,30,2025-12-17T14:07:59Z,1,553.8669444444445,,0,,,0,,23.0,0.0,0.0,23.0,1,1,0,23.0,42.0,6079.0,,,,,,,,,,,,,,,,,,,,,,,,,,,,,,,,,,,,,,,0,1,1
2026-01-09T16:00:00Z,2026-01-09T17:00:00Z,60,2025-12-17T14:07:59Z,1,553.8669444444445,,0,,,0,,23.0,0.0,0.0,23.0,1,1,0,23.0,42.0,6079.0,,,,,,,,,,,,,,,,,,,,,,,,,,,,,,,,,,,,,,,0,1,1
2026-01-09T16:30:00Z,2026-01-09T17:00:00Z,30,2025-12-17T14:07:59Z,1,554.3669444444445,,0,,,0,,23.0,0.0,0.0,23.0,1,1,0,23.0,41.5,6078.5,,,,,,,,,,,,,,,,,,,,,,,,,,,,,,,,,,,,,,,0,1,1
2026-01-09T16:30:00Z,2026-01-09T17:30:00Z,60,2025-12-17T14:07:59Z,1,554.3669444444445,,0,,,0,,23.0,0.0,0.0,23.0,1,1,0,23.0,41.5,6078.5,,,,,,,,,,,,,,,,,,,,,,,,,,,,,,,,,,,,,,,0,1,1
2026-01-09T17:00:00Z,2026-01-09T17:30:00Z,30,2025-12-17T14:07:59Z,1,554.8669444444445,,0,,,0,,23.0,0.0,0.0,23.0,1,1,0,23.0,41.0,6078.0,,,,,,,,,,,,,,,,,,,,,,,,,,,,,,,,,,,,,,,0,1,1
2026-01-09T17:00:00Z,2026-01-09T18:00:00Z,60,2025-12-17T14:07:59Z,1,554.8669444444445,,0,,,0,,23.0,0.0,0.0,23.0,1,1,0,23.0,41.0,6078.0,,,,,,,,,,,,,,,,,,,,,,,,,,,,,,,,,,,,,,,0,1,1
2026-01-09T17:30:00Z,2026-01-09T18:00:00Z,30,2025-12-17T14:07:59Z,1,555.3669444444445,,0,,,0,,23.0,0.0,0.0,23.0,1,1,0,23.0,40.5,6077.5,,,,,,,,,,,,,,,,,,,,,,,,,,,,,,,,,,,,,,,0,1,1
2026-01-09T17:30:00Z,2026-01-09T18:30:00Z,60,2025-12-17T14:07:59Z,1,555.3669444444445,,0,,,0,,23.0,0.0,0.0,23.0,1,1,0,23.0,40.5,6077.5,,,,,,,,,,,,,,,,,,,,,,,,,,,,,,,,,,,,,,,0,1,1
2026-01-09T18:00:00Z,2026-01-09T18:30:00Z,30,2025-12-17T14:07:59Z,1,555.8669444444445,,0,,,0,,23.0,0.0,0.0,23.0,1,1,0,23.0,40.0,6077.0,,,,,,,,,,,,,,,,,,,,,,,,,,,,,,,,,,,,,,,0,1,1
2026-01-09T18:00:00Z,2026-01-09T19:00:00Z,60,2025-12-17T14:07:59Z,1,555.8669444444445,,0,,,0,,23.0,0.0,0.0,23.0,1,1,0,23.0,40.0,6077.0,,,,,,,,,,,,,,,,,,,,,,,,,,,,,,,,,,,,,,,0,1,1
2026-01-09T18:30:00Z,2026-01-09T19:00:00Z,30,2025-12-17T14:07:59Z,1,556.3669444444445,,0,,,0,,23.0,0.0,0.0,23.0,1,1,0,23.0,39.5,6076.5,,,,,,,,,,,,,,,,,,,,,,,,,,,,,,,,,,,,,,,0,1,1
2026-01-09T18:30:00Z,2026-01-09T19:30:00Z,60,2025-12-17T14:07:59Z,1,556.3669444444445,,0,,,0,,23.0,0.0,0.0,23.0,1,1,0,23.0,39.5,6076.5,,,,,,,,,,,,,,,,,,,,,,,,,,,,,,,,,,,,,,,0,1,1
2026-01-09T19:00:00Z,2026-01-09T19:30:00Z,30,2025-12-17T14:07:59Z,1,556.8669444444445,,0,,,0,,23.0,0.0,0.0,23.0,1,1,0,23.0,39.0,6076.0,,,,,,,,,,,,,,,,,,,,,,,,,,,,,,,,,,,,,,,0,1,1
2026-01-09T19:00:00Z,2026-01-09T20:00:00Z,60,2025-12-17T14:07:59Z,1,556.8669444444445,,0,,,0,,23.0,0.0,0.0,23.0,1,1,0,23.0,39.0,6076.0,,,,,,,,,,,,,,,,,,,,,,,,,,,,,,,,,,,,,,,0,1,1
2026-01-09T19:30:00Z,2026-01-09T20:00:00Z,30,2025-12-17T14:07:59Z,1,557.3669444444445,,0,,,0,,23.0,0.0,0.0,23.0,1,1,0,23.0,38.5,6075.5,,,,,,,,,,,,,,,,,,,,,,,,,,,,,,,,,,,,,,,0,1,1
2026-01-09T19:30:00Z,2026-01-09T20:30:00Z,60,2025-12-17T14:07:59Z,1,557.3669444444445,,0,,,0,,23.0,0.0,0.0,23.0,1,1,0,23.0,38.5,6075.5,,,,,,,,,,,,,,,,,,,,,,,,,,,,,,,,,,,,,,,0,1,1
2026-01-09T20:00:00Z,2026-01-09T20:30:00Z,30,2025-12-17T14:07:59Z,1,557.8669444444445,,0,,,0,,23.0,0.0,0.0,23.0,1,1,0,23.0,38.0,6075.0,,,,,,,,,,,,,,,,,,,,,,,,,,,,,,,,,,,,,,,0,1,1
2026-01-09T20:00:00Z,2026-01-09T21:00:00Z,60,2025-12-17T14:07:59Z,1,557.8669444444445,,0,,,0,,23.0,0.0,0.0,23.0,1,1,0,23.0,38.0,6075.0,,,,,,,,,,,,,,,,,,,,,,,,,,,,,,,,,,,,,,,0,1,1
2026-01-09T20:30:00Z,2026-01-09T21:00:00Z,30,2025-12-17T14:07:59Z,1,558.3669444444445,,0,,,0,,23.0,0.0,0.0,23.0,1,1,0,23.0,37.5,6074.5,,,,,,,,,,,,,,,,,,,,,,,,,,,,,,,,,,,,,,,0,1,1
2026-01-09T20:30:00Z,2026-01-09T21:30:00Z,60,2025-12-17T14:07:59Z,1,558.3669444444445,,0,,,0,,23.0,0.0,0.0,23.0,1,1,0,23.0,37.5,6074.5,,,,,,,,,,,,,,,,,,,,,,,,,,,,,,,,,,,,,,,0,1,1
2026-01-09T21:00:00Z,2026-01-09T21:30:00Z,30,2025-12-17T14:07:59Z,1,558.8669444444445,,0,,,0,,23.0,0.0,0.0,23.0,1,1,0,23.0,37.0,6074.0,,,,,,,,,,,,,,,,,,,,,,,,,,,,,,,,,,,,,,,0,1,1
2026-01-09T21:00:00Z,2026-01-09T22:00:00Z,60,2025-12-17T14:07:59Z,1,558.8669444444445,,0,,,0,,23.0,0.0,0.0,23.0,1,1,0,23.0,37.0,6074.0,,,,,,,,,,,,,,,,,,,,,,,,,,,,,,,,,,,,,,,0,1,1
2026-01-09T21:30:00Z,2026-01-09T22:00:00Z,30,2025-12-17T14:07:59Z,1,559.3669444444445,,0,,,0,,23.0,0.0,0.0,23.0,1,1,0,23.0,36.5,6073.5,,,,,,,,,,,,,,,,,,,,,,,,,,,,,,,,,,,,,,,0,1,1
2026-01-09T21:30:00Z,2026-01-09T22:30:00Z,60,2025-12-17T14:07:59Z,1,559.3669444444445,,0,,,0,,23.0,0.0,0.0,23.0,1,1,0,23.0,36.5,6073.5,,,,,,,,,,,,,,,,,,,,,,,,,,,,,,,,,,,,,,,0,1,1
2026-01-09T22:00:00Z,2026-01-09T22:30:00Z,30,2025-12-17T14:07:59Z,1,559.8669444444445,,0,,,0,,23.0,0.0,0.0,23.0,1,1,0,23.0,36.0,6073.0,,,,,,,,,,,,,,,,,,,,,,,,,,,,,,,,,,,,,,,0,1,1
2026-01-09T22:00:00Z,2026-01-09T23:00:00Z,60,2025-12-17T14:07:59Z,1,559.8669444444445,,0,,,0,,23.0,0.0,0.0,23.0,1,1,0,23.0,36.0,6073.0,,,,,,,,,,,,,,,,,,,,,,,,,,,,,,,,,,,,,,,0,1,1
2026-01-09T22:30:00Z,2026-01-09T23:00:00Z,30,2025-12-17T14:07:59Z,1,560.3669444444445,,0,,,0,,23.0,0.0,0.0,23.0,1,1,0,23.0,35.5,6072.5,,,,,,,,,,,,,,,,,,,,,,,,,,,,,,,,,,,,,,,0,1,1
2026-01-09T22:30:00Z,2026-01-09T23:30:00Z,60,2025-12-17T14:07:59Z,1,560.3669444444445,,0,,,0,,23.0,0.0,0.0,23.0,1,1,0,23.0,35.5,6072.5,,,,,,,,,,,,,,,,,,,,,,,,,,,,,,,,,,,,,,,0,1,1
2026-01-09T23:00:00Z,2026-01-09T23:30:00Z,30,2025-12-17T14:07:59Z,1,560.8669444444445,,0,,,0,,23.0,0.0,0.0,23.0,1,1,0,23.0,35.0,6072.0,,,,,,,,,,,,,,,,,,,,,,,,,,,,,,,,,,,,,,,0,1,1
2026-01-09T23:00:00Z,2026-01-10T00:00:00Z,60,2025-12-17T14:07:59Z,1,560.8669444444445,,0,,,0,,23.0,0.0,0.0,23.0,1,1,0,23.0,35.0,6072.0,,,,,,,,,,,,,,,,,,,,,,,,,,,,,,,,,,,,,,,0,1,1
2026-01-09T23:30:00Z,2026-01-10T00:00:00Z,30,2025-12-17T14:07:59Z,1,561.3669444444445,,0,,,0,,23.0,0.0,0.0,23.0,1,1,0,23.0,34.5,6071.5,,,,,,,,,,,,,,,,,,,,,,,,,,,,,,,,,,,,,,,0,1,1
2026-01-09T23:30:00Z,2026-01-10T00:30:00Z,60,2025-12-17T14:07:59Z,1,561.3669444444445,,0,,,0,,23.0,0.0,0.0,23.0,1,1,0,23.0,34.5,6071.5,,,,,,,,,,,,,,,,,,,,,,,,,,,,,,,,,,,,,,,0,1,1
2026-01-10T00:00:00Z,2026-01-10T00:30:00Z,30,2025-12-17T14:07:59Z,1,561.8669444444445,,0,,,0,,23.0,0.0,0.0,23.0,1,1,0,23.0,34.0,6071.0,,,,,,,,,,,,,,,,,,,,,,,,,,,,,,,,,,,,,,,0,1,1
2026-01-10T00:00:00Z,2026-01-10T01:00:00Z,60,2025-12-17T14:07:59Z,1,561.8669444444445,,0,,,0,,23.0,0.0,0.0,23.0,1,1,0,23.0,34.0,6071.0,,,,,,,,,,,,,,,,,,,,,,,,,,,,,,,,,,,,,,,0,1,1
2026-01-10T00:30:00Z,2026-01-10T01:00:00Z,30,2025-12-17T14:07:59Z,1,562.3669444444445,,0,,,0,,23.0,0.0,0.0,23.0,1,1,0,23.0,33.5,6070.5,,,,,,,,,,,,,,,,,,,,,,,,,,,,,,,,,,,,,,,0,1,1
2026-01-10T00:30:00Z,2026-01-10T01:30:00Z,60,2025-12-17T14:07:59Z,1,562.3669444444445,,0,,,0,,23.0,0.0,0.0,23.0,1,1,0,23.0,33.5,6070.5,,,,,,,,,,,,,,,,,,,,,,,,,,,,,,,,,,,,,,,0,1,1
2026-01-10T01:00:00Z,2026-01-10T01:30:00Z,30,2025-12-17T14:07:59Z,1,562.8669444444445,,0,,,0,,23.0,0.0,0.0,23.0,1,1,0,23.0,33.0,6070.0,,,,,,,,,,,,,,,,,,,,,,,,,,,,,,,,,,,,,,,0,1,1
2026-01-10T01:00:00Z,2026-01-10T02:00:00Z,60,2025-12-17T14:07:59Z,1,562.8669444444445,,0,,,0,,23.0,0.0,0.0,23.0,1,1,0,23.0,33.0,6070.0,,,,,,,,,,,,,,,,,,,,,,,,,,,,,,,,,,,,,,,0,1,1
2026-01-10T01:30:00Z,2026-01-10T02:00:00Z,30,2025-12-17T14:07:59Z,1,563.3669444444445,,0,,,0,,23.0,0.0,0.0,23.0,1,1,0,23.0,32.5,6069.5,,,,,,,,,,,,,,,,,,,,,,,,,,,,,,,,,,,,,,,0,1,1
2026-01-10T01:30:00Z,2026-01-10T02:30:00Z,60,2025-12-17T14:07:59Z,1,563.3669444444445,,0,,,0,,23.0,0.0,0.0,23.0,1,1,0,23.0,32.5,6069.5,,,,,,,,,,,,,,,,,,,,,,,,,,,,,,,,,,,,,,,0,1,1
2026-01-10T02:00:00Z,2026-01-10T02:30:00Z,30,2025-12-17T14:07:59Z,1,563.8669444444445,,0,,,0,,23.0,0.0,0.0,23.0,1,1,0,23.0,32.0,6069.0,,,,,,,,,,,,,,,,,,,,,,,,,,,,,,,,,,,,,,,0,1,1
2026-01-10T02:00:00Z,2026-01-10T03:00:00Z,60,2025-12-17T14:07:59Z,1,563.8669444444445,,0,,,0,,23.0,0.0,0.0,23.0,1,1,0,23.0,32.0,6069.0,,,,,,,,,,,,,,,,,,,,,,,,,,,,,,,,,,,,,,,0,1,1
2026-01-10T02:30:00Z,2026-01-10T03:00:00Z,30,2025-12-17T14:07:59Z,1,564.3669444444445,,0,,,0,,23.0,0.0,0.0,23.0,1,1,0,23.0,31.5,6068.5,,,,,,,,,,,,,,,,,,,,,,,,,,,,,,,,,,,,,,,0,1,1
2026-01-10T02:30:00Z,2026-01-10T03:30:00Z,60,2025-12-17T14:07:59Z,1,564.3669444444445,,0,,,0,,23.0,0.0,0.0,23.0,1,1,0,23.0,31.5,6068.5,,,,,,,,,,,,,,,,,,,,,,,,,,,,,,,,,,,,,,,0,1,1
2026-01-10T03:00:00Z,2026-01-10T03:30:00Z,30,2025-12-17T14:07:59Z,1,564.8669444444445,,0,,,0,,23.0,0.0,0.0,23.0,1,1,0,23.0,31.0,6068.0,,,,,,,,,,,,,,,,,,,,,,,,,,,,,,,,,,,,,,,0,1,1
2026-01-10T03:00:00Z,2026-01-10T04:00:00Z,60,2025-12-17T14:07:59Z,1,564.8669444444445,,0,,,0,,23.0,0.0,0.0,23.0,1,1,0,23.0,31.0,6068.0,,,,,,,,,,,,,,,,,,,,,,,,,,,,,,,,,,,,,,,0,1,1
2026-01-10T03:30:00Z,2026-01-10T04:00:00Z,30,2025-12-17T14:07:59Z,1,565.3669444444445,,0,,,0,,23.0,0.0,0.0,23.0,1,1,0,23.0,30.5,6067.5,,,,,,,,,,,,,,,,,,,,,,,,,,,,,,,,,,,,,,,0,1,1
2026-01-10T03:30:00Z,2026-01-10T04:30:00Z,60,2025-12-17T14:07:59Z,1,565.3669444444445,,0,,,0,,23.0,0.0,0.0,23.0,1,1,0,23.0,30.5,6067.5,,,,,,,,,,,,,,,,,,,,,,,,,,,,,,,,,,,,,,,0,1,1
2026-01-10T04:00:00Z,2026-01-10T04:30:00Z,30,2025-12-17T14:07:59Z,1,565.8669444444445,,0,,,0,,23.0,0.0,0.0,23.0,1,1,0,23.0,30.0,6067.0,,,,,,,,,,,,,,,,,,,,,,,,,,,,,,,,,,,,,,,0,1,1
2026-01-10T04:00:00Z,2026-01-10T05:00:00Z,60,2025-12-17T14:07:59Z,1,565.8669444444445,,0,,,0,,23.0,0.0,0.0,23.0,1,1,0,23.0,30.0,6067.0,,,,,,,,,,,,,,,,,,,,,,,,,,,,,,,,,,,,,,,0,1,1
2026-01-10T04:30:00Z,2026-01-10T05:00:00Z,30,2025-12-17T14:07:59Z,1,566.3669444444445,,0,,,0,,23.0,0.0,0.0,23.0,1,1,0,23.0,29.5,6066.5,,,,,,,,,,,,,,,,,,,,,,,,,,,,,,,,,,,,,,,0,1,1
2026-01-10T04:30:00Z,2026-01-10T05:30:00Z,60,2025-12-17T14:07:59Z,1,566.3669444444445,,0,,,0,,23.0,0.0,0.0,23.0,1,1,0,23.0,29.5,6066.5,,,,,,,,,,,,,,,,,,,,,,,,,,,,,,,,,,,,,,,0,1,1
2026-01-10T05:00:00Z,2026-01-10T05:30:00Z,30,2025-12-17T14:07:59Z,1,566.8669444444445,,0,,,0,,23.0,0.0,0.0,23.0,1,1,0,23.0,29.0,6066.0,,,,,,,,,,,,,,,,,,,,,,,,,,,,,,,,,,,,,,,0,1,1
2026-01-10T05:00:00Z,2026-01-10T06:00:00Z,60,2025-12-17T14:07:59Z,1,566.8669444444445,,0,,,0,,23.0,0.0,0.0,23.0,1,1,0,23.0,29.0,6066.0,,,,,,,,,,,,,,,,,,,,,,,,,,,,,,,,,,,,,,,0,1,1
2026-01-10T05:30:00Z,2026-01-10T06:00:00Z,30,2025-12-17T14:07:59Z,1,567.3669444444445,,0,,,0,,23.0,0.0,0.0,23.0,1,1,0,23.0,28.5,6065.5,,,,,,,,,,,,,,,,,,,,,,,,,,,,,,,,,,,,,,,0,1,1
2026-01-10T05:30:00Z,2026-01-10T06:30:00Z,60,2025-12-17T14:07:59Z,1,567.3669444444445,,0,,,0,,23.0,0.0,0.0,23.0,1,1,0,23.0,28.5,6065.5,,,,,,,,,,,,,,,,,,,,,,,,,,,,,,,,,,,,,,,0,1,1
2026-01-10T06:00:00Z,2026-01-10T06:30:00Z,30,2025-12-17T14:07:59Z,1,567.8669444444445,,0,,,0,,23.0,0.0,0.0,23.0,1,1,0,23.0,28.0,6065.0,,,,,,,,,,,,,,,,,,,,,,,,,,,,,,,,,,,,,,,0,1,1
2026-01-10T06:00:00Z,2026-01-10T07:00:00Z,60,2025-12-17T14:07:59Z,1,567.8669444444445,,0,,,0,,23.0,0.0,0.0,23.0,1,1,0,23.0,28.0,6065.0,,,,,,,,,,,,,,,,,,,,,,,,,,,,,,,,,,,,,,,0,1,1
2026-01-10T06:30:00Z,2026-01-10T07:00:00Z,30,2025-12-17T14:07:59Z,1,568.3669444444445,,0,,,0,,23.0,0.0,0.0,23.0,1,1,0,23.0,27.5,6064.5,,,,,,,,,,,,,,,,,,,,,,,,,,,,,,,,,,,,,,,0,1,1
2026-01-10T06:30:00Z,2026-01-10T07:30:00Z,60,2025-12-17T14:07:59Z,1,568.3669444444445,,0,,,0,,23.0,0.0,0.0,23.0,1,1,0,23.0,27.5,6064.5,,,,,,,,,,,,,,,,,,,,,,,,,,,,,,,,,,,,,,,0,1,1
2026-01-10T07:00:00Z,2026-01-10T07:30:00Z,30,2025-12-17T14:07:59Z,1,568.8669444444445,,0,,,0,,23.0,0.0,0.0,23.0,1,1,0,23.0,27.0,6064.0,,,,,,,,,,,,,,,,,,,,,,,,,,,,,,,,,,,,,,,0,1,1
2026-01-10T07:00:00Z,2026-01-10T08:00:00Z,60,2025-12-17T14:07:59Z,1,568.8669444444445,,0,,,0,,23.0,0.0,0.0,23.0,1,1,0,23.0,27.0,6064.0,,,,,,,,,,,,,,,,,,,,,,,,,,,,,,,,,,,,,,,0,1,1
2026-01-10T07:30:00Z,2026-01-10T08:00:00Z,30,2025-12-17T14:07:59Z,1,569.3669444444445,,0,,,0,,23.0,0.0,0.0,23.0,1,1,0,23.0,26.5,6063.5,,,,,,,,,,,,,,,,,,,,,,,,,,,,,,,,,,,,,,,0,1,1
2026-01-10T07:30:00Z,2026-01-10T08:30:00Z,60,2025-12-17T14:07:59Z,1,569.3669444444445,,0,,,0,,23.0,0.0,0.0,23.0,1,1,0,23.0,26.5,6063.5,,,,,,,,,,,,,,,,,,,,,,,,,,,,,,,,,,,,,,,0,1,1
2026-01-10T08:00:00Z,2026-01-10T08:30:00Z,30,2025-12-17T14:07:59Z,1,569.8669444444445,,0,,,0,,23.0,0.0,0.0,23.0,1,1,0,23.0,26.0,6063.0,,,,,,,,,,,,,,,,,,,,,,,,,,,,,,,,,,,,,,,0,1,1
2026-01-10T08:00:00Z,2026-01-10T09:00:00Z,60,2025-12-17T14:07:59Z,1,569.8669444444445,,0,,,0,,23.0,0.0,0.0,23.0,1,1,0,23.0,26.0,6063.0,,,,,,,,,,,,,,,,,,,,,,,,,,,,,,,,,,,,,,,0,1,1
2026-01-10T08:30:00Z,2026-01-10T09:00:00Z,30,2025-12-17T14:07:59Z,1,570.3669444444445,,0,,,0,,23.0,0.0,0.0,23.0,1,1,0,23.0,25.5,6062.5,,,,,,,,,,,,,,,,,,,,,,,,,,,,,,,,,,,,,,,0,1,1
2026-01-10T08:30:00Z,2026-01-10T09:30:00Z,60,2025-12-17T14:07:59Z,1,570.3669444444445,,0,,,0,,23.0,0.0,0.0,23.0,1,1,0,23.0,25.5,6062.5,,,,,,,,,,,,,,,,,,,,,,,,,,,,,,,,,,,,,,,0,1,1
2026-01-10T09:00:00Z,2026-01-10T09:30:00Z,30,2025-12-17T14:07:59Z,1,570.8669444444445,,0,,,0,,23.0,0.0,0.0,23.0,1,1,0,23.0,25.0,6062.0,,,,,,,,,,,,,,,,,,,,,,,,,,,,,,,,,,,,,,,0,1,1
2026-01-10T09:00:00Z,2026-01-10T10:00:00Z,60,2025-12-17T14:07:59Z,1,570.8669444444445,,0,,,0,,23.0,0.0,0.0,23.0,1,1,0,23.0,25.0,6062.0,,,,,,,,,,,,,,,,,,,,,,,,,,,,,,,,,,,,,,,0,1,1
2026-01-10T09:30:00Z,2026-01-10T10:00:00Z,30,2025-12-17T14:07:59Z,1,571.3669444444445,,0,,,0,,23.0,0.0,0.0,23.0,1,1,0,23.0,24.5,6061.5,,,,,,,,,,,,,,,,,,,,,,,,,,,,,,,,,,,,,,,0,1,1
2026-01-10T09:30:00Z,2026-01-10T10:30:00Z,60,2025-12-17T14:07:59Z,1,571.3669444444445,,0,,,0,,23.0,0.0,0.0,23.0,1,1,0,23.0,24.5,6061.5,,,,,,,,,,,,,,,,,,,,,,,,,,,,,,,,,,,,,,,0,1,1
2026-01-10T10:00:00Z,2026-01-10T10:30:00Z,30,2025-12-17T14:07:59Z,1,571.8669444444445,,0,,,0,,23.0,0.0,0.0,23.0,1,1,0,23.0,24.0,6061.0,,,,,,,,,,,,,,,,,,,,,,,,,,,,,,,,,,,,,,,0,1,1
2026-01-10T10:00:00Z,2026-01-10T11:00:00Z,60,2025-12-17T14:07:59Z,1,571.8669444444445,,0,,,0,,23.0,0.0,0.0,23.0,1,1,0,23.0,24.0,6061.0,,,,,,,,,,,,,,,,,,,,,,,,,,,,,,,,,,,,,,,0,1,1
2026-01-10T10:30:00Z,2026-01-10T11:00:00Z,30,2025-12-17T14:07:59Z,1,572.3669444444445,,0,,,0,,23.0,0.0,0.0,23.0,1,1,0,23.0,23.5,6060.5,,,,,,,,,,,,,,,,,,,,,,,,,,,,,,,,,,,,,,,0,1,1
2026-01-10T10:30:00Z,2026-01-10T11:30:00Z,60,2025-12-17T14:07:59Z,1,572.3669444444445,,0,,,0,,23.0,0.0,0.0,23.0,1,1,0,23.0,23.5,6060.5,,,,,,,,,,,,,,,,,,,,,,,,,,,,,,,,,,,,,,,0,1,1
2026-01-10T11:00:00Z,2026-01-10T11:30:00Z,30,2025-12-17T14:07:59Z,1,572.8669444444445,,0,,,0,,23.0,0.0,0.0,23.0,1,1,0,23.0,23.0,6060.0,,,,,,,,,,,,,,,,,,,,,,,,,,,,,,,,,,,,,,,0,1,1
2026-01-10T11:00:00Z,2026-01-10T12:00:00Z,60,2025-12-17T14:07:59Z,1,572.8669444444445,,0,,,0,,23.0,0.0,0.0,23.0,1,1,0,23.0,23.0,6060.0,,,,,,,,,,,,,,,,,,,,,,,,,,,,,,,,,,,,,,,0,1,1
2026-01-10T11:30:00Z,2026-01-10T12:00:00Z,30,2025-12-17T14:07:59Z,1,573.3669444444445,,0,,,0,,23.0,0.0,0.0,23.0,1,1,0,23.0,22.5,6059.5,,,,,,,,,,,,,,,,,,,,,,,,,,,,,,,,,,,,,,,0,1,1
2026-01-10T11:30:00Z,2026-01-10T12:30:00Z,60,2025-12-17T14:07:59Z,1,573.3669444444445,,0,,,0,,23.0,0.0,0.0,23.0,1,1,0,23.0,22.5,6059.5,,,,,,,,,,,,,,,,,,,,,,,,,,,,,,,,,,,,,,,0,1,1
2026-01-10T12:00:00Z,2026-01-10T12:30:00Z,30,2025-12-17T14:07:59Z,1,573.8669444444445,,0,,,0,,23.0,0.0,0.0,23.0,1,1,0,23.0,22.0,6059.0,,,,,,,,,,,,,,,,,,,,,,,,,,,,,,,,,,,,,,,0,1,1
2026-01-10T12:00:00Z,2026-01-10T13:00:00Z,60,2025-12-17T14:07:59Z,1,573.8669444444445,,0,,,0,,23.0,0.0,0.0,23.0,1,1,0,23.0,22.0,6059.0,,,,,,,,,,,,,,,,,,,,,,,,,,,,,,,,,,,,,,,0,1,1
2026-01-10T12:30:00Z,2026-01-10T13:00:00Z,30,2025-12-17T14:07:59Z,1,574.3669444444445,,0,,,0,,23.0,0.0,0.0,23.0,1,1,0,23.0,21.5,6058.5,,,,,,,,,,,,,,,,,,,,,,,,,,,,,,,,,,,,,,,0,1,1
2026-01-10T12:30:00Z,2026-01-10T13:30:00Z,60,2025-12-17T14:07:59Z,1,574.3669444444445,,0,,,0,,23.0,0.0,0.0,23.0,1,1,0,23.0,21.5,6058.5,,,,,,,,,,,,,,,,,,,,,,,,,,,,,,,,,,,,,,,0,1,1
2026-01-10T13:00:00Z,2026-01-10T13:30:00Z,30,2025-12-17T14:07:59Z,1,574.8669444444445,,0,,,0,,23.0,0.0,0.0,23.0,1,1,0,23.0,21.0,6058.0,,,,,,,,,,,,,,,,,,,,,,,,,,,,,,,,,,,,,,,0,1,1
2026-01-10T13:00:00Z,2026-01-10T14:00:00Z,60,2025-12-17T14:07:59Z,1,574.8669444444445,,0,,,0,,23.0,0.0,0.0,23.0,1,1,0,23.0,21.0,6058.0,,,,,,,,,,,,,,,,,,,,,,,,,,,,,,,,,,,,,,,0,1,1
2026-01-10T13:30:00Z,2026-01-10T14:00:00Z,30,2025-12-17T14:07:59Z,1,575.3669444444445,,0,,,0,,23.0,0.0,0.0,23.0,1,1,0,23.0,20.5,6057.5,,,,,,,,,,,,,,,,,,,,,,,,,,,,,,,,,,,,,,,0,1,1
2026-01-10T13:30:00Z,2026-01-10T14:30:00Z,60,2025-12-17T14:07:59Z,1,575.3669444444445,,0,,,0,,23.0,0.0,0.0,23.0,1,1,0,23.0,20.5,6057.5,,,,,,,,,,,,,,,,,,,,,,,,,,,,,,,,,,,,,,,0,1,1
2026-01-10T14:00:00Z,2026-01-10T14:30:00Z,30,2025-12-17T14:07:59Z,1,575.8669444444445,,0,,,0,,23.0,0.0,0.0,23.0,1,1,0,23.0,20.0,6057.0,,,,,,,,,,,,,,,,,,,,,,,,,,,,,,,,,,,,,,,0,1,1
2026-01-10T14:00:00Z,2026-01-10T15:00:00Z,60,2025-12-17T14:07:59Z,1,575.8669444444445,,0,,,0,,23.0,0.0,0.0,23.0,1,1,0,23.0,20.0,6057.0,,,,,,,,,,,,,,,,,,,,,,,,,,,,,,,,,,,,,,,0,1,1
2026-01-10T14:30:00Z,2026-01-10T15:00:00Z,30,2025-12-17T14:07:59Z,1,576.3669444444445,,0,,,0,,23.0,0.0,0.0,23.0,1,1,0,23.0,19.5,6056.5,,,,,,,,,,,,,,,,,,,,,,,,,,,,,,,,,,,,,,,0,1,1
2026-01-10T14:30:00Z,2026-01-10T15:30:00Z,60,2025-12-17T14:07:59Z,1,576.3669444444445,,0,,,0,,23.0,0.0,0.0,23.0,1,1,0,23.0,19.5,6056.5,,,,,,,,,,,,,,,,,,,,,,,,,,,,,,,,,,,,,,,0,1,1
2026-01-10T15:00:00Z,2026-01-10T15:30:00Z,30,2025-12-17T14:07:59Z,1,576.8669444444445,,0,,,0,,23.0,0.0,0.0,23.0,1,1,0,23.0,19.0,6056.0,,,,,,,,,,,,,,,,,,,,,,,,,,,,,,,,,,,,,,,0,1,1
2026-01-10T15:00:00Z,2026-01-10T16:00:00Z,60,2025-12-17T14:07:59Z,1,576.8669444444445,,0,,,0,,23.0,0.0,0.0,23.0,1,1,0,23.0,19.0,6056.0,,,,,,,,,,,,,,,,,,,,,,,,,,,,,,,,,,,,,,,0,1,1
2026-01-10T15:30:00Z,2026-01-10T16:00:00Z,30,2025-12-17T14:07:59Z,1,577.3669444444445,,0,,,0,,23.0,0.0,0.0,23.0,1,1,0,23.0,18.5,6055.5,,,,,,,,,,,,,,,,,,,,,,,,,,,,,,,,,,,,,,,0,1,1
2026-01-10T15:30:00Z,2026-01-10T16:30:00Z,60,2025-12-17T14:07:59Z,1,577.3669444444445,,0,,,0,,23.0,0.0,0.0,23.0,1,1,0,23.0,18.5,6055.5,,,,,,,,,,,,,,,,,,,,,,,,,,,,,,,,,,,,,,,0,1,1
2026-01-10T16:00:00Z,2026-01-10T16:30:00Z,30,2025-12-17T14:07:59Z,1,577.8669444444445,,0,,,0,,23.0,0.0,0.0,23.0,1,1,0,23.0,18.0,6055.0,,,,,,,,,,,,,,,,,,,,,,,,,,,,,,,,,,,,,,,0,1,1
2026-01-10T16:00:00Z,2026-01-10T17:00:00Z,60,2025-12-17T14:07:59Z,1,577.8669444444445,,0,,,0,,23.0,0.0,0.0,23.0,1,1,0,23.0,18.0,6055.0,,,,,,,,,,,,,,,,,,,,,,,,,,,,,,,,,,,,,,,0,1,1
2026-01-10T16:30:00Z,2026-01-10T17:00:00Z,30,2025-12-17T14:07:59Z,1,578.3669444444445,,0,,,0,,23.0,0.0,0.0,23.0,1,1,0,23.0,17.5,6054.5,,,,,,,,,,,,,,,,,,,,,,,,,,,,,,,,,,,,,,,0,1,1
2026-01-10T16:30:00Z,2026-01-10T17:30:00Z,60,2025-12-17T14:07:59Z,1,578.3669444444445,,0,,,0,,23.0,0.0,0.0,23.0,1,1,0,23.0,17.5,6054.5,,,,,,,,,,,,,,,,,,,,,,,,,,,,,,,,,,,,,,,0,1,1
2026-01-10T17:00:00Z,2026-01-10T17:30:00Z,30,2025-12-17T14:07:59Z,1,578.8669444444445,,0,,,0,,23.0,0.0,0.0,23.0,1,1,0,23.0,17.0,6054.0,,,,,,,,,,,,,,,,,,,,,,,,,,,,,,,,,,,,,,,0,1,1
2026-01-10T17:00:00Z,2026-01-10T18:00:00Z,60,2025-12-17T14:07:59Z,1,578.8669444444445,,0,,,0,,23.0,0.0,0.0,23.0,1,1,0,23.0,17.0,6054.0,,,,,,,,,,,,,,,,,,,,,,,,,,,,,,,,,,,,,,,0,1,1
2026-01-10T17:30:00Z,2026-01-10T18:00:00Z,30,2025-12-17T14:07:59Z,1,579.3669444444445,,0,,,0,,23.0,0.0,0.0,23.0,1,1,0,23.0,16.5,6053.5,,,,,,,,,,,,,,,,,,,,,,,,,,,,,,,,,,,,,,,0,1,1
2026-01-10T17:30:00Z,2026-01-10T18:30:00Z,60,2025-12-17T14:07:59Z,1,579.3669444444445,,0,,,0,,23.0,0.0,0.0,23.0,1,1,0,23.0,16.5,6053.5,,,,,,,,,,,,,,,,,,,,,,,,,,,,,,,,,,,,,,,0,1,1
2026-01-10T18:00:00Z,2026-01-10T18:30:00Z,30,2025-12-17T14:07:59Z,1,579.8669444444445,,0,,,0,,23.0,0.0,0.0,23.0,1,1,0,23.0,16.0,6053.0,,,,,,,,,,,,,,,,,,,,,,,,,,,,,,,,,,,,,,,0,1,1
2026-01-10T18:00:00Z,2026-01-10T19:00:00Z,60,2025-12-17T14:07:59Z,1,579.8669444444445,,0,,,0,,23.0,0.0,0.0,23.0,1,1,0,23.0,16.0,6053.0,,,,,,,,,,,,,,,,,,,,,,,,,,,,,,,,,,,,,,,0,1,1
2026-01-10T18:30:00Z,2026-01-10T19:00:00Z,30,2025-12-17T14:07:59Z,1,580.3669444444445,,0,,,0,,23.0,0.0,0.0,23.0,1,1,0,23.0,15.5,6052.5,,,,,,,,,,,,,,,,,,,,,,,,,,,,,,,,,,,,,,,0,1,1
2026-01-10T18:30:00Z,2026-01-10T19:30:00Z,60,2025-12-17T14:07:59Z,1,580.3669444444445,,0,,,0,,23.0,0.0,0.0,23.0,1,1,0,23.0,15.5,6052.5,,,,,,,,,,,,,,,,,,,,,,,,,,,,,,,,,,,,,,,0,1,1
2026-01-10T19:00:00Z,2026-01-10T19:30:00Z,30,2025-12-17T14:07:59Z,1,580.8669444444445,,0,,,0,,23.0,0.0,0.0,23.0,1,1,0,23.0,15.0,6052.0,,,,,,,,,,,,,,,,,,,,,,,,,,,,,,,,,,,,,,,0,1,1
2026-01-10T19:00:00Z,2026-01-10T20:00:00Z,60,2025-12-17T14:07:59Z,1,580.8669444444445,,0,,,0,,23.0,0.0,0.0,23.0,1,1,0,23.0,15.0,6052.0,,,,,,,,,,,,,,,,,,,,,,,,,,,,,,,,,,,,,,,0,1,1
2026-01-10T19:30:00Z,2026-01-10T20:00:00Z,30,2025-12-17T14:07:59Z,1,581.3669444444445,,0,,,0,,23.0,0.0,0.0,23.0,1,1,0,23.0,14.5,6051.5,,,,,,,,,,,,,,,,,,,,,,,,,,,,,,,,,,,,,,,0,1,1
2026-01-10T19:30:00Z,2026-01-10T20:30:00Z,60,2025-12-17T14:07:59Z,1,581.3669444444445,,0,,,0,,23.0,0.0,0.0,23.0,1,1,0,23.0,14.5,6051.5,,,,,,,,,,,,,,,,,,,,,,,,,,,,,,,,,,,,,,,0,1,1
2026-01-10T20:00:00Z,2026-01-10T20:30:00Z,30,2025-12-17T14:07:59Z,1,581.8669444444445,,0,,,0,,23.0,0.0,0.0,23.0,1,1,0,23.0,14.0,6051.0,,,,,,,,,,,,,,,,,,,,,,,,,,,,,,,,,,,,,,,0,1,1
2026-01-10T20:00:00Z,2026-01-10T21:00:00Z,60,2025-12-17T14:07:59Z,1,581.8669444444445,,0,,,0,,23.0,0.0,0.0,23.0,1,1,0,23.0,14.0,6051.0,,,,,,,,,,,,,,,,,,,,,,,,,,,,,,,,,,,,,,,0,1,1
2026-01-10T20:30:00Z,2026-01-10T21:00:00Z,30,2025-12-17T14:07:59Z,1,582.3669444444445,,0,,,0,,23.0,0.0,0.0,23.0,1,1,0,23.0,13.5,6050.5,,,,,,,,,,,,,,,,,,,,,,,,,,,,,,,,,,,,,,,0,1,1
2026-01-10T20:30:00Z,2026-01-10T21:30:00Z,60,2025-12-17T14:07:59Z,1,582.3669444444445,,0,,,0,,23.0,0.0,0.0,23.0,1,1,0,23.0,13.5,6050.5,,,,,,,,,,,,,,,,,,,,,,,,,,,,,,,,,,,,,,,0,1,1
2026-01-10T21:00:00Z,2026-01-10T21:30:00Z,30,2025-12-17T14:07:59Z,1,582.8669444444445,,0,,,0,,23.0,0.0,0.0,23.0,1,1,0,23.0,13.0,6050.0,,,,,,,,,,,,,,,,,,,,,,,,,,,,,,,,,,,,,,,0,1,1
2026-01-10T21:00:00Z,2026-01-10T22:00:00Z,60,2025-12-17T14:07:59Z,1,582.8669444444445,,0,,,0,,23.0,0.0,0.0,23.0,1,1,0,23.0,13.0,6050.0,,,,,,,,,,,,,,,,,,,,,,,,,,,,,,,,,,,,,,,0,1,1
2026-01-10T21:30:00Z,2026-01-10T22:00:00Z,30,2025-12-17T14:07:59Z,1,583.3669444444445,,0,,,0,,23.0,0.0,0.0,23.0,1,1,0,23.0,12.5,6049.5,,,,,,,,,,,,,,,,,,,,,,,,,,,,,,,,,,,,,,,0,1,1
2026-01-10T21:30:00Z,2026-01-10T22:30:00Z,60,2025-12-17T14:07:59Z,1,583.3669444444445,,0,,,0,,23.0,0.0,0.0,23.0,1,1,0,23.0,12.5,6049.5,,,,,,,,,,,,,,,,,,,,,,,,,,,,,,,,,,,,,,,0,1,1
2026-01-10T22:00:00Z,2026-01-10T22:30:00Z,30,2025-12-17T14:07:59Z,1,583.8669444444445,,0,,,0,,23.0,0.0,0.0,23.0,1,1,0,23.0,12.0,6049.0,,,,,,,,,,,,,,,,,,,,,,,,,,,,,,,,,,,,,,,0,1,1
2026-01-10T22:00:00Z,2026-01-10T23:00:00Z,60,2025-12-17T14:07:59Z,1,583.8669444444445,,0,,,0,,23.0,0.0,0.0,23.0,1,1,0,23.0,12.0,6049.0,,,,,,,,,,,,,,,,,,,,,,,,,,,,,,,,,,,,,,,0,1,1
2026-01-10T22:30:00Z,2026-01-10T23:00:00Z,30,2025-12-17T14:07:59Z,1,584.3669444444445,,0,,,0,,23.0,0.0,0.0,23.0,1,1,0,23.0,11.5,6048.5,,,,,,,,,,,,,,,,,,,,,,,,,,,,,,,,,,,,,,,0,1,1
2026-01-10T22:30:00Z,2026-01-10T23:30:00Z,60,2025-12-17T14:07:59Z,1,584.3669444444445,,0,,,0,,23.0,0.0,0.0,23.0,1,1,0,23.0,11.5,6048.5,,,,,,,,,,,,,,,,,,,,,,,,,,,,,,,,,,,,,,,0,1,1
2026-01-10T23:00:00Z,2026-01-10T23:30:00Z,30,2025-12-17T14:07:59Z,1,584.8669444444445,,0,,,0,,23.0,0.0,0.0,23.0,1,1,0,23.0,11.0,6048.0,,,,,,,,,,,,,,,,,,,,,,,,,,,,,,,,,,,,,,,0,1,1
2026-01-10T23:00:00Z,2026-01-11T00:00:00Z,60,2025-12-17T14:07:59Z,1,584.8669444444445,,0,,,0,,23.0,0.0,0.0,23.0,1,1,0,23.0,11.0,6048.0,,,,,,,,,,,,,,,,,,,,,,,,,,,,,,,,,,,,,,,0,1,1
2026-01-10T23:30:00Z,2026-01-11T00:00:00Z,30,2025-12-17T14:07:59Z,1,585.3669444444445,,0,,,0,,23.0,0.0,0.0,23.0,1,1,0,23.0,10.5,6047.5,,,,,,,,,,,,,,,,,,,,,,,,,,,,,,,,,,,,,,,0,1,1
2026-01-10T23:30:00Z,2026-01-11T00:30:00Z,60,2025-12-17T14:07:59Z,1,585.3669444444445,,0,,,0,,23.0,0.0,0.0,23.0,1,1,0,23.0,10.5,6047.5,,,,,,,,,,,,,,,,,,,,,,,,,,,,,,,,,,,,,,,0,1,1
2026-01-11T00:00:00Z,2026-01-11T00:30:00Z,30,2025-12-17T14:07:59Z,1,585.8669444444445,,0,,,0,,23.0,0.0,0.0,23.0,1,1,0,23.0,10.0,6047.0,,,,,,,,,,,,,,,,,,,,,,,,,,,,,,,,,,,,,,,0,1,1
2026-01-11T00:00:00Z,2026-01-11T01:00:00Z,60,2025-12-17T14:07:59Z,1,585.8669444444445,,0,,,0,,23.0,0.0,0.0,23.0,1,1,0,23.0,10.0,6047.0,,,,,,,,,,,,,,,,,,,,,,,,,,,,,,,,,,,,,,,0,1,1
2026-01-11T00:30:00Z,2026-01-11T01:00:00Z,30,2025-12-17T14:07:59Z,1,586.3669444444445,,0,,,0,,23.0,0.0,0.0,23.0,1,1,0,23.0,9.5,6046.5,,,,,,,,,,,,,,,,,,,,,,,,,,,,,,,,,,,,,,,0,1,1
2026-01-11T00:30:00Z,2026-01-11T01:30:00Z,60,2025-12-17T14:07:59Z,1,586.3669444444445,,0,,,0,,23.0,0.0,0.0,23.0,1,1,0,23.0,9.5,6046.5,,,,,,,,,,,,,,,,,,,,,,,,,,,,,,,,,,,,,,,0,1,1
2026-01-11T01:00:00Z,2026-01-11T01:30:00Z,30,2025-12-17T14:07:59Z,1,586.8669444444445,,0,,,0,,23.0,0.0,0.0,23.0,1,1,0,23.0,9.0,6046.0,,,,,,,,,,,,,,,,,,,,,,,,,,,,,,,,,,,,,,,0,1,1
2026-01-11T01:00:00Z,2026-01-11T02:00:00Z,60,2025-12-17T14:07:59Z,1,586.8669444444445,,0,,,0,,23.0,0.0,0.0,23.0,1,1,0,23.0,9.0,6046.0,,,,,,,,,,,,,,,,,,,,,,,,,,,,,,,,,,,,,,,0,1,1
2026-01-11T01:30:00Z,2026-01-11T02:00:00Z,30,2025-12-17T14:07:59Z,1,587.3669444444445,,0,,,0,,23.0,0.0,0.0,23.0,1,1,0,23.0,8.5,6045.5,,,,,,,,,,,,,,,,,,,,,,,,,,,,,,,,,,,,,,,0,1,1
2026-01-11T01:30:00Z,2026-01-11T02:30:00Z,60,2025-12-17T14:07:59Z,1,587.3669444444445,,0,,,0,,23.0,0.0,0.0,23.0,1,1,0,23.0,8.5,6045.5,,,,,,,,,,,,,,,,,,,,,,,,,,,,,,,,,,,,,,,0,1,1
2026-01-11T02:00:00Z,2026-01-11T02:30:00Z,30,2025-12-17T14:07:59Z,1,587.8669444444445,,0,,,0,,23.0,0.0,0.0,23.0,1,1,0,23.0,8.0,6045.0,,,,,,,,,,,,,,,,,,,,,,,,,,,,,,,,,,,,,,,0,1,1
2026-01-11T02:00:00Z,2026-01-11T03:00:00Z,60,2025-12-17T14:07:59Z,1,587.8669444444445,,0,,,0,,23.0,0.0,0.0,23.0,1,1,0,23.0,8.0,6045.0,,,,,,,,,,,,,,,,,,,,,,,,,,,,,,,,,,,,,,,0,1,1
2026-01-11T02:30:00Z,2026-01-11T03:00:00Z,30,2025-12-17T14:07:59Z,1,588.3669444444445,,0,,,0,,23.0,0.0,0.0,23.0,1,1,0,23.0,7.5,6044.5,,,,,,,,,,,,,,,,,,,,,,,,,,,,,,,,,,,,,,,0,1,1
2026-01-11T02:30:00Z,2026-01-11T03:30:00Z,60,2025-12-17T14:07:59Z,1,588.3669444444445,,0,,,0,,23.0,0.0,0.0,23.0,1,1,0,23.0,7.5,6044.5,,,,,,,,,,,,,,,,,,,,,,,,,,,,,,,,,,,,,,,0,1,1
2026-01-11T03:00:00Z,2026-01-11T03:30:00Z,30,2025-12-17T14:07:59Z,1,588.8669444444445,,0,,,0,,23.0,0.0,0.0,23.0,1,1,0,23.0,7.0,6044.0,,,,,,,,,,,,,,,,,,,,,,,,,,,,,,,,,,,,,,,0,1,1
2026-01-11T03:00:00Z,2026-01-11T04:00:00Z,60,2025-12-17T14:07:59Z,1,588.8669444444445,,0,,,0,,23.0,0.0,0.0,23.0,1,1,0,23.0,7.0,6044.0,,,,,,,,,,,,,,,,,,,,,,,,,,,,,,,,,,,,,,,0,1,1
2026-01-11T03:30:00Z,2026-01-11T04:00:00Z,30,2025-12-17T14:07:59Z,1,589.3669444444445,,0,,,0,,23.0,0.0,0.0,23.0,1,1,0,23.0,6.5,6043.5,,,,,,,,,,,,,,,,,,,,,,,,,,,,,,,,,,,,,,,0,1,1
2026-01-11T03:30:00Z,2026-01-11T04:30:00Z,60,2025-12-17T14:07:59Z,1,589.3669444444445,,0,,,0,,23.0,0.0,0.0,23.0,1,1,0,23.0,6.5,6043.5,,,,,,,,,,,,,,,,,,,,,,,,,,,,,,,,,,,,,,,0,1,1
2026-01-11T04:00:00Z,2026-01-11T04:30:00Z,30,2025-12-17T14:07:59Z,1,589.8669444444445,,0,,,0,,23.0,0.0,0.0,23.0,1,1,0,23.0,6.0,6043.0,,,,,,,,,,,,,,,,,,,,,,,,,,,,,,,,,,,,,,,0,1,1
2026-01-11T04:00:00Z,2026-01-11T05:00:00Z,60,2025-12-17T14:07:59Z,1,589.8669444444445,,0,,,0,,23.0,0.0,0.0,23.0,1,1,0,23.0,6.0,6043.0,,,,,,,,,,,,,,,,,,,,,,,,,,,,,,,,,,,,,,,0,1,1
2026-01-11T04:30:00Z,2026-01-11T05:00:00Z,30,2025-12-17T14:07:59Z,1,590.3669444444445,,0,,,0,,23.0,0.0,0.0,23.0,1,1,0,23.0,5.5,6042.5,,,,,,,,,,,,,,,,,,,,,,,,,,,,,,,,,,,,,,,0,1,1
2026-01-11T04:30:00Z,2026-01-11T05:30:00Z,60,2025-12-17T14:07:59Z,1,590.3669444444445,,0,,,0,,23.0,0.0,0.0,23.0,1,1,0,23.0,5.5,6042.5,,,,,,,,,,,,,,,,,,,,,,,,,,,,,,,,,,,,,,,0,1,1
2026-01-11T05:00:00Z,2026-01-11T05:30:00Z,30,2025-12-17T14:07:59Z,1,590.8669444444445,,0,,,0,,23.0,0.0,0.0,23.0,1,1,0,23.0,5.0,6042.0,,,,,,,,,,,,,,,,,,,,,,,,,,,,,,,,,,,,,,,0,1,1
2026-01-11T05:00:00Z,2026-01-11T06:00:00Z,60,2025-12-17T14:07:59Z,1,590.8669444444445,,0,,,0,,23.0,0.0,0.0,23.0,1,1,0,23.0,5.0,6042.0,,,,,,,,,,,,,,,,,,,,,,,,,,,,,,,,,,,,,,,0,1,1
2026-01-11T05:30:00Z,2026-01-11T06:00:00Z,30,2025-12-17T14:07:59Z,1,591.3669444444445,,0,,,0,,23.0,0.0,0.0,23.0,1,1,0,23.0,4.5,6041.5,,,,,,,,,,,,,,,,,,,,,,,,,,,,,,,,,,,,,,,0,1,1
2026-01-11T05:30:00Z,2026-01-11T06:30:00Z,60,2025-12-17T14:07:59Z,1,591.3669444444445,,0,,,0,,23.0,0.0,0.0,23.0,1,1,0,23.0,4.5,6041.5,,,,,,,,,,,,,,,,,,,,,,,,,,,,,,,,,,,,,,,0,1,1
2026-01-11T06:00:00Z,2026-01-11T06:30:00Z,30,2025-12-17T14:07:59Z,1,591.8669444444445,,0,,,0,,23.0,0.0,0.0,23.0,1,1,0,23.0,4.0,6041.0,,,,,,,,,,,,,,,,,,,,,,,,,,,,,,,,,,,,,,,0,1,1
2026-01-11T06:00:00Z,2026-01-11T07:00:00Z,60,2025-12-17T14:07:59Z,1,591.8669444444445,,0,,,0,,23.0,0.0,0.0,23.0,1,1,0,23.0,4.0,6041.0,,,,,,,,,,,,,,,,,,,,,,,,,,,,,,,,,,,,,,,0,1,1
2026-01-11T06:30:00Z,2026-01-11T07:00:00Z,30,2025-12-17T14:07:59Z,1,592.3669444444445,,0,,,0,,23.0,0.0,0.0,23.0,1,1,0,23.0,3.5,6040.5,,,,,,,,,,,,,,,,,,,,,,,,,,,,,,,,,,,,,,,0,1,1
2026-01-11T06:30:00Z,2026-01-11T07:30:00Z,60,2025-12-17T14:07:59Z,1,592.3669444444445,,0,,,0,,23.0,0.0,0.0,23.0,1,1,0,23.0,3.5,6040.5,,,,,,,,,,,,,,,,,,,,,,,,,,,,,,,,,,,,,,,0,1,1
2026-01-11T07:00:00Z,2026-01-11T07:30:00Z,30,2025-12-17T14:07:59Z,1,592.8669444444445,,0,,,0,,23.0,0.0,0.0,23.0,1,1,0,23.0,3.0,6040.0,,,,,,,,,,,,,,,,,,,,,,,,,,,,,,,,,,,,,,,0,1,1
2026-01-11T07:00:00Z,2026-01-11T08:00:00Z,60,2025-12-17T14:07:59Z,1,592.8669444444445,,0,,,0,,23.0,0.0,0.0,23.0,1,1,0,23.0,3.0,6040.0,,,,,,,,,,,,,,,,,,,,,,,,,,,,,,,,,,,,,,,0,1,1
2026-01-11T07:30:00Z,2026-01-11T08:00:00Z,30,2025-12-17T14:07:59Z,1,593.3669444444445,,0,,,0,,23.0,0.0,0.0,23.0,1,1,0,23.0,2.5,6039.5,,,,,,,,,,,,,,,,,,,,,,,,,,,,,,,,,,,,,,,0,1,1
2026-01-11T07:30:00Z,2026-01-11T08:30:00Z,60,2025-12-17T14:07:59Z,1,593.3669444444445,,0,,,0,,23.0,0.0,0.0,23.0,1,1,0,23.0,2.5,6039.5,,,,,,,,,,,,,,,,,,,,,,,,,,,,,,,,,,,,,,,0,1,1
2026-01-11T08:00:00Z,2026-01-11T08:30:00Z,30,2025-12-17T14:07:59Z,1,593.8669444444445,,0,,,0,,23.0,0.0,0.0,23.0,1,1,0,23.0,2.0,6039.0,,,,,,,,,,,,,,,,,,,,,,,,,,,,,,,,,,,,,,,0,1,1
2026-01-11T08:00:00Z,2026-01-11T09:00:00Z,60,2025-12-17T14:07:59Z,1,593.8669444444445,,0,,,0,,23.0,0.0,0.0,23.0,1,1,0,23.0,2.0,6039.0,,,,,,,,,,,,,,,,,,,,,,,,,,,,,,,,,,,,,,,0,1,1
2026-01-11T08:30:00Z,2026-01-11T09:00:00Z,30,2025-12-17T14:07:59Z,1,594.3669444444445,,0,,,0,,23.0,0.0,0.0,23.0,1,1,0,23.0,1.5,6038.5,,,,,,,,,,,,,,,,,,,,,,,,,,,,,,,,,,,,,,,0,1,1
2026-01-11T08:30:00Z,2026-01-11T09:30:00Z,60,2025-12-17T14:07:59Z,1,594.3669444444445,,0,,,0,,23.0,0.0,0.0,23.0,1,1,0,23.0,1.5,6038.5,,,,,,,,,,,,,,,,,,,,,,,,,,,,,,,,,,,,,,,0,1,1
2026-01-11T09:00:00Z,2026-01-11T09:30:00Z,30,2025-12-17T14:07:59Z,1,594.8669444444445,,0,,,0,,23.0,0.0,0.0,23.0,1,1,0,23.0,1.0,6038.0,,,,,,,,,,,,,,,,,,,,,,,,,,,,,,,,,,,,,,,0,1,1
2026-01-11T09:00:00Z,2026-01-11T10:00:00Z,60,2025-12-17T14:07:59Z,1,594.8669444444445,,0,,,0,,23.0,17.6,0.0,40.6,2,1,1,23.0,1.0,129.0,,,,,,,,,,,,,,,,,,,,,,,,,,,,,,,,,,,,,,,0,1,1
2026-01-11T09:30:00Z,2026-01-11T10:00:00Z,30,2025-12-17T14:07:59Z,1,595.3669444444445,,0,,,0,,23.0,17.6,0.0,40.6,2,1,1,23.0,0.5,128.5,,,,,,,,,,,,,,,,,,,,,,,,,,,,,,,,,,,,,,,0,1,1
2026-01-11T09:30:00Z,2026-01-11T10:30:00Z,60,2025-12-17T14:07:59Z,1,595.3669444444445,,0,,,0,,23.0,17.6,0.0,40.6,2,1,1,23.0,0.5,128.5,,,,,,,,,,,,,,,,,,,,,,,,,,,,,,,,,,,,,,,0,1,1
2026-01-11T10:00:00Z,2026-01-11T10:30:00Z,30,2025-12-17T14:07:59Z,1,595.8669444444445,,0,,,0,,23.0,17.6,0.0,40.6,2,1,1,23.0,45.0,128.0,,,,,,,,,,,,,,,,,,,,,,,,,,,,,,,,,,,,,,,0,1,1
2026-01-11T10:00:00Z,2026-01-11T11:00:00Z,60,2025-12-17T14:07:59Z,1,595.8669444444445,,0,,,0,,23.0,17.6,0.0,40.6,2,1,1,23.0,45.0,128.0,,,,,,,,,,,,,,,,,,,,,,,,,,,,,,,,,,,,,,,0,1,1
2026-01-11T10:30:00Z,2026-01-11T11:00:00Z,30,2025-12-17T14:07:59Z,1,596.3669444444445,,0,,,0,,23.0,17.6,0.0,40.6,2,1,1,23.0,44.5,127.5,,,,,,,,,,,,,,,,,,,,,,,,,,,,,,,,,,,,,,,0,1,1
2026-01-11T10:30:00Z,2026-01-11T11:30:00Z,60,2025-12-17T14:07:59Z,1,596.3669444444445,,0,,,0,,23.0,17.6,0.0,40.6,2,1,1,23.0,44.5,127.5,,,,,,,,,,,,,,,,,,,,,,,,,,,,,,,,,,,,,,,0,1,1
2026-01-11T11:00:00Z,2026-01-11T11:30:00Z,30,2025-12-17T14:07:59Z,1,596.8669444444445,,0,,,0,,23.0,17.6,0.0,40.6,2,1,1,23.0,44.0,127.0,,,,,,,,,,,,,,,,,,,,,,,,,,,,,,,,,,,,,,,0,1,1
2026-01-11T11:00:00Z,2026-01-11T12:00:00Z,60,2025-12-17T14:07:59Z,1,596.8669444444445,,0,,,0,,23.0,17.6,0.0,40.6,2,1,1,23.0,44.0,127.0,,,,,,,,,,,,,,,,,,,,,,,,,,,,,,,,,,,,,,,0,1,1
2026-01-11T11:30:00Z,2026-01-11T12:00:00Z,30,2025-12-17T14:07:59Z,1,597.3669444444445,,0,,,0,,23.0,17.6,0.0,40.6,2,1,1,23.0,43.5,126.5,,,,,,,,,,,,,,,,,,,,,,,,,,,,,,,,,,,,,,,0,1,1
2026-01-11T11:30:00Z,2026-01-11T12:30:00Z,60,2025-12-17T14:07:59Z,1,597.3669444444445,,0,,,0,,23.0,17.6,0.0,40.6,2,1,1,23.0,43.5,126.5,,,,,,,,,,,,,,,,,,,,,,,,,,,,,,,,,,,,,,,0,1,1
2026-01-11T12:00:00Z,2026-01-11T12:30:00Z,30,2025-12-17T14:07:59Z,1,597.8669444444445,,0,,,0,,23.0,17.6,0.0,40.6,2,1,1,23.0,43.0,126.0,,,,,,,,,,,,,,,,,,,,,,,,,,,,,,,,,,,,,,,0,1,1
2026-01-11T12:00:00Z,2026-01-11T13:00:00Z,60,2025-12-17T14:07:59Z,1,597.8669444444445,,0,,,0,,23.0,17.6,0.0,40.6,2,1,1,23.0,43.0,126.0,,,,,,,,,,,,,,,,,,,,,,,,,,,,,,,,,,,,,,,0,1,1
2026-01-11T12:30:00Z,2026-01-11T13:00:00Z,30,2025-12-17T14:07:59Z,1,598.3669444444445,,0,,,0,,23.0,17.6,0.0,40.6,2,1,1,23.0,42.5,125.5,,,,,,,,,,,,,,,,,,,,,,,,,,,,,,,,,,,,,,,0,1,1
2026-01-11T12:30:00Z,2026-01-11T13:30:00Z,60,2025-12-17T14:07:59Z,1,598.3669444444445,,0,,,0,,23.0,17.6,0.0,40.6,2,1,1,23.0,42.5,125.5,,,,,,,,,,,,,,,,,,,,,,,,,,,,,,,,,,,,,,,0,1,1
2026-01-11T13:00:00Z,2026-01-11T13:30:00Z,30,2025-12-17T14:07:59Z,1,598.8669444444445,,0,,,0,,23.0,17.6,0.0,40.6,2,1,1,23.0,42.0,125.0,,,,,,,,,,,,,,,,,,,,,,,,,,,,,,,,,,,,,,,0,1,1
2026-01-11T13:00:00Z,2026-01-11T14:00:00Z,60,2025-12-17T14:07:59Z,1,598.8669444444445,,0,,,0,,23.0,17.6,0.0,40.6,2,1,1,23.0,42.0,125.0,,,,,,,,,,,,,,,,,,,,,,,,,,,,,,,,,,,,,,,0,1,1
2026-01-11T13:30:00Z,2026-01-11T14:00:00Z,30,2025-12-17T14:07:59Z,1,599.3669444444445,,0,,,0,,23.0,17.6,0.0,40.6,2,1,1,23.0,41.5,124.5,,,,,,,,,,,,,,,,,,,,,,,,,,,,,,,,,,,,,,,0,1,1
2026-01-11T13:30:00Z,2026-01-11T14:30:00Z,60,2025-12-17T14:07:59Z,1,599.3669444444445,,0,,,0,,23.0,17.6,0.0,40.6,2,1,1,23.0,41.5,124.5,,,,,,,,,,,,,,,,,,,,,,,,,,,,,,,,,,,,,,,0,1,1
2026-01-11T14:00:00Z,2026-01-11T14:30:00Z,30,2025-12-17T14:07:59Z,1,599.8669444444445,,0,,,0,,23.0,17.6,0.0,40.6,2,1,1,23.0,41.0,124.0,,,,,,,,,,,,,,,,,,,,,,,,,,,,,,,,,,,,,,,0,1,1
2026-01-11T14:00:00Z,2026-01-11T15:00:00Z,60,2025-12-17T14:07:59Z,1,599.8669444444445,,0,,,0,,23.0,17.6,0.0,40.6,2,1,1,23.0,41.0,124.0,,,,,,,,,,,,,,,,,,,,,,,,,,,,,,,,,,,,,,,0,1,1
2026-01-11T14:30:00Z,2026-01-11T15:00:00Z,30,2025-12-17T14:07:59Z,1,600.3669444444445,,0,,,0,,23.0,17.6,0.0,40.6,2,1,1,23.0,40.5,123.5,,,,,,,,,,,,,,,,,,,,,,,,,,,,,,,,,,,,,,,0,1,1
2026-01-11T14:30:00Z,2026-01-11T15:30:00Z,60,2025-12-17T14:07:59Z,1,600.3669444444445,,0,,,0,,23.0,17.6,0.0,40.6,2,1,1,23.0,40.5,123.5,,,,,,,,,,,,,,,,,,,,,,,,,,,,,,,,,,,,,,,0,1,1
2026-01-11T15:00:00Z,2026-01-11T15:30:00Z,30,2025-12-17T14:07:59Z,1,600.8669444444445,,0,,,0,,23.0,17.6,0.0,40.6,2,1,1,23.0,40.0,123.0,,,,,,,,,,,,,,,,,,,,,,,,,,,,,,,,,,,,,,,0,1,1
2026-01-11T15:00:00Z,2026-01-11T16:00:00Z,60,2025-12-17T14:07:59Z,1,600.8669444444445,,0,,,0,,23.0,17.6,0.0,40.6,2,1,1,23.0,40.0,123.0,,,,,,,,,,,,,,,,,,,,,,,,,,,,,,,,,,,,,,,0,1,1
2026-01-11T15:30:00Z,2026-01-11T16:00:00Z,30,2025-12-17T14:07:59Z,1,601.3669444444445,,0,,,0,,23.0,17.6,0.0,40.6,2,1,1,23.0,39.5,122.5,,,,,,,,,,,,,,,,,,,,,,,,,,,,,,,,,,,,,,,0,1,1
2026-01-11T15:30:00Z,2026-01-11T16:30:00Z,60,2025-12-17T14:07:59Z,1,601.3669444444445,,0,,,0,,23.0,17.6,0.0,40.6,2,1,1,23.0,39.5,122.5,,,,,,,,,,,,,,,,,,,,,,,,,,,,,,,,,,,,,,,0,1,1
2026-01-11T16:00:00Z,2026-01-11T16:30:00Z,30,2025-12-17T14:07:59Z,1,601.8669444444445,,0,,,0,,23.0,17.6,0.0,40.6,2,1,1,23.0,39.0,122.0,,,,,,,,,,,,,,,,,,,,,,,,,,,,,,,,,,,,,,,0,1,1
2026-01-11T16:00:00Z,2026-01-11T17:00:00Z,60,2025-12-17T14:07:59Z,1,601.8669444444445,,0,,,0,,23.0,17.6,0.0,40.6,2,1,1,23.0,39.0,122.0,,,,,,,,,,,,,,,,,,,,,,,,,,,,,,,,,,,,,,,0,1,1
2026-01-11T16:30:00Z,2026-01-11T17:00:00Z,30,2025-12-17T14:07:59Z,1,602.3669444444445,,0,,,0,,23.0,17.6,0.0,40.6,2,1,1,23.0,38.5,121.5,,,,,,,,,,,,,,,,,,,,,,,,,,,,,,,,,,,,,,,0,1,1
2026-01-11T16:30:00Z,2026-01-11T17:30:00Z,60,2025-12-17T14:07:59Z,1,602.3669444444445,,0,,,0,,23.0,17.6,0.0,40.6,2,1,1,23.0,38.5,121.5,,,,,,,,,,,,,,,,,,,,,,,,,,,,,,,,,,,,,,,0,1,1
2026-01-11T17:00:00Z,2026-01-11T17:30:00Z,30,2025-12-17T14:07:59Z,1,602.8669444444445,,0,,,0,,23.0,17.6,0.0,40.6,2,1,1,23.0,38.0,121.0,,,,,,,,,,,,,,,,,,,,,,,,,,,,,,,,,,,,,,,0,1,1
2026-01-11T17:00:00Z,2026-01-11T18:00:00Z,60,2025-12-17T14:07:59Z,1,602.8669444444445,,0,,,0,,23.0,17.6,0.0,40.6,2,1,1,23.0,38.0,121.0,,,,,,,,,,,,,,,,,,,,,,,,,,,,,,,,,,,,,,,0,1,1
2026-01-11T17:30:00Z,2026-01-11T18:00:00Z,30,2025-12-17T14:07:59Z,1,603.3669444444445,,0,,,0,,23.0,17.6,0.0,40.6,2,1,1,23.0,37.5,120.5,,,,,,,,,,,,,,,,,,,,,,,,,,,,,,,,,,,,,,,0,1,1
2026-01-11T17:30:00Z,2026-01-11T18:30:00Z,60,2025-12-17T14:07:59Z,1,603.3669444444445,,0,,,0,,23.0,17.6,0.0,40.6,2,1,1,23.0,37.5,120.5,,,,,,,,,,,,,,,,,,,,,,,,,,,,,,,,,,,,,,,0,1,1
2026-01-11T18:00:00Z,2026-01-11T18:30:00Z,30,2025-12-17T14:07:59Z,1,603.8669444444445,,0,,,0,,23.0,17.6,0.0,40.6,2,1,1,23.0,37.0,120.0,,,,,,,,,,,,,,,,,,,,,,,,,,,,,,,,,,,,,,,0,1,1
2026-01-11T18:00:00Z,2026-01-11T19:00:00Z,60,2025-12-17T14:07:59Z,1,603.8669444444445,,0,,,0,,23.0,17.6,0.0,40.6,2,1,1,23.0,37.0,120.0,,,,,,,,,,,,,,,,,,,,,,,,,,,,,,,,,,,,,,,0,1,1
2026-01-11T18:30:00Z,2026-01-11T19:00:00Z,30,2025-12-17T14:07:59Z,1,604.3669444444445,,0,,,0,,23.0,17.6,0.0,40.6,2,1,1,23.0,36.5,119.5,,,,,,,,,,,,,,,,,,,,,,,,,,,,,,,,,,,,,,,0,1,1
2026-01-11T18:30:00Z,2026-01-11T19:30:00Z,60,2025-12-17T14:07:59Z,1,604.3669444444445,,0,,,0,,23.0,17.6,0.0,40.6,2,1,1,23.0,36.5,119.5,,,,,,,,,,,,,,,,,,,,,,,,,,,,,,,,,,,,,,,0,1,1
2026-01-11T19:00:00Z,2026-01-11T19:30:00Z,30,2025-12-17T14:07:59Z,1,604.8669444444445,,0,,,0,,23.0,17.6,0.0,40.6,2,1,1,23.0,36.0,119.0,,,,,,,,,,,,,,,,,,,,,,,,,,,,,,,,,,,,,,,0,1,1
2026-01-11T19:00:00Z,2026-01-11T20:00:00Z,60,2025-12-17T14:07:59Z,1,604.8669444444445,,0,,,0,,23.0,17.6,0.0,40.6,2,1,1,23.0,36.0,119.0,,,,,,,,,,,,,,,,,,,,,,,,,,,,,,,,,,,,,,,0,1,1
2026-01-11T19:30:00Z,2026-01-11T20:00:00Z,30,2025-12-17T14:07:59Z,1,605.3669444444445,,0,,,0,,23.0,17.6,0.0,40.6,2,1,1,23.0,35.5,118.5,,,,,,,,,,,,,,,,,,,,,,,,,,,,,,,,,,,,,,,0,1,1
2026-01-11T19:30:00Z,2026-01-11T20:30:00Z,60,2025-12-17T14:07:59Z,1,605.3669444444445,,0,,,0,,23.0,17.6,0.0,40.6,2,1,1,23.0,35.5,118.5,,,,,,,,,,,,,,,,,,,,,,,,,,,,,,,,,,,,,,,0,1,1
2026-01-11T20:00:00Z,2026-01-11T20:30:00Z,30,2025-12-17T14:07:59Z,1,605.8669444444445,,0,,,0,,23.0,17.6,0.0,40.6,2,1,1,23.0,35.0,118.0,,,,,,,,,,,,,,,,,,,,,,,,,,,,,,,,,,,,,,,0,1,1
2026-01-11T20:00:00Z,2026-01-11T21:00:00Z,60,2025-12-17T14:07:59Z,1,605.8669444444445,,0,,,0,,23.0,17.6,0.0,40.6,2,1,1,23.0,35.0,118.0,,,,,,,,,,,,,,,,,,,,,,,,,,,,,,,,,,,,,,,0,1,1
2026-01-11T20:30:00Z,2026-01-11T21:00:00Z,30,2025-12-17T14:07:59Z,1,606.3669444444445,,0,,,0,,23.0,17.6,0.0,40.6,2,1,1,23.0,34.5,117.5,,,,,,,,,,,,,,,,,,,,,,,,,,,,,,,,,,,,,,,0,1,1
2026-01-11T20:30:00Z,2026-01-11T21:30:00Z,60,2025-12-17T14:07:59Z,1,606.3669444444445,,0,,,0,,23.0,17.6,0.0,40.6,2,1,1,23.0,34.5,117.5,,,,,,,,,,,,,,,,,,,,,,,,,,,,,,,,,,,,,,,0,1,1
2026-01-11T21:00:00Z,2026-01-11T21:30:00Z,30,2025-12-17T14:07:59Z,1,606.8669444444445,,0,,,0,,23.0,17.6,0.0,40.6,2,1,1,23.0,34.0,117.0,,,,,,,,,,,,,,,,,,,,,,,,,,,,,,,,,,,,,,,0,1,1
2026-01-11T21:00:00Z,2026-01-11T22:00:00Z,60,2025-12-17T14:07:59Z,1,606.8669444444445,,0,,,0,,23.0,17.6,0.0,40.6,2,1,1,23.0,34.0,117.0,,,,,,,,,,,,,,,,,,,,,,,,,,,,,,,,,,,,,,,0,1,1
2026-01-11T21:30:00Z,2026-01-11T22:00:00Z,30,2025-12-17T14:07:59Z,1,607.3669444444445,,0,,,0,,23.0,17.6,0.0,40.6,2,1,1,23.0,33.5,116.5,,,,,,,,,,,,,,,,,,,,,,,,,,,,,,,,,,,,,,,0,1,1
2026-01-11T21:30:00Z,2026-01-11T22:30:00Z,60,2025-12-17T14:07:59Z,1,607.3669444444445,,0,,,0,,23.0,17.6,0.0,40.6,2,1,1,23.0,33.5,116.5,,,,,,,,,,,,,,,,,,,,,,,,,,,,,,,,,,,,,,,0,1,1
2026-01-11T22:00:00Z,2026-01-11T22:30:00Z,30,2025-12-17T14:07:59Z,1,607.8669444444445,,0,,,0,,23.0,17.6,0.0,40.6,2,1,1,23.0,33.0,116.0,,,,,,,,,,,,,,,,,,,,,,,,,,,,,,,,,,,,,,,0,1,1
2026-01-11T22:00:00Z,2026-01-11T23:00:00Z,60,2025-12-17T14:07:59Z,1,607.8669444444445,,0,,,0,,23.0,17.6,0.0,40.6,2,1,1,23.0,33.0,116.0,,,,,,,,,,,,,,,,,,,,,,,,,,,,,,,,,,,,,,,0,1,1
2026-01-11T22:30:00Z,2026-01-11T23:00:00Z,30,2025-12-17T14:07:59Z,1,608.3669444444445,,0,,,0,,23.0,17.6,0.0,40.6,2,1,1,23.0,32.5,115.5,,,,,,,,,,,,,,,,,,,,,,,,,,,,,,,,,,,,,,,0,1,1
2026-01-11T22:30:00Z,2026-01-11T23:30:00Z,60,2025-12-17T14:07:59Z,1,608.3669444444445,,0,,,0,,23.0,17.6,0.0,40.6,2,1,1,23.0,32.5,115.5,,,,,,,,,,,,,,,,,,,,,,,,,,,,,,,,,,,,,,,0,1,1
2026-01-11T23:00:00Z,2026-01-11T23:30:00Z,30,2025-12-17T14:07:59Z,1,608.8669444444445,,0,,,0,,23.0,17.6,0.0,40.6,2,1,1,23.0,32.0,115.0,,,,,,,,,,,,,,,,,,,,,,,,,,,,,,,,,,,,,,,0,1,1
2026-01-11T23:00:00Z,2026-01-12T00:00:00Z,60,2025-12-17T14:07:59Z,1,608.8669444444445,,0,,,0,,23.0,17.6,0.0,40.6,2,1,1,23.0,32.0,115.0,,,,,,,,,,,,,,,,,,,,,,,,,,,,,,,,,,,,,,,0,1,1
2026-01-11T23:30:00Z,2026-01-12T00:00:00Z,30,2025-12-17T14:07:59Z,1,609.3669444444445,,0,,,0,,23.0,17.6,0.0,40.6,2,1,1,23.0,31.5,114.5,,,,,,,,,,,,,,,,,,,,,,,,,,,,,,,,,,,,,,,0,1,1
2026-01-11T23:30:00Z,2026-01-12T00:30:00Z,60,2025-12-17T14:07:59Z,1,609.3669444444445,,0,,,0,,23.0,17.6,0.0,40.6,2,1,1,23.0,31.5,114.5,,,,,,,,,,,,,,,,,,,,,,,,,,,,,,,,,,,,,,,0,1,1
2026-01-12T00:00:00Z,2026-01-12T00:30:00Z,30,2025-12-17T14:07:59Z,1,609.8669444444445,,0,,,0,,23.0,17.6,0.0,40.6,2,1,1,23.0,31.0,114.0,,,,,,,,,,,,,,,,,,,,,,,,,,,,,,,,,,,,,,,0,1,1
2026-01-12T00:00:00Z,2026-01-12T01:00:00Z,60,2025-12-17T14:07:59Z,1,609.8669444444445,,0,,,0,,23.0,17.6,0.0,40.6,2,1,1,23.0,31.0,114.0,,,,,,,,,,,,,,,,,,,,,,,,,,,,,,,,,,,,,,,0,1,1
2026-01-12T00:30:00Z,2026-01-12T01:00:00Z,30,2025-12-17T14:07:59Z,1,610.3669444444445,,0,,,0,,23.0,17.6,0.0,40.6,2,1,1,23.0,30.5,113.5,,,,,,,,,,,,,,,,,,,,,,,,,,,,,,,,,,,,,,,0,1,1
2026-01-12T00:30:00Z,2026-01-12T01:30:00Z,60,2025-12-17T14:07:59Z,1,610.3669444444445,,0,,,0,,23.0,17.6,0.0,40.6,2,1,1,23.0,30.5,113.5,,,,,,,,,,,,,,,,,,,,,,,,,,,,,,,,,,,,,,,0,1,1
2026-01-12T01:00:00Z,2026-01-12T01:30:00Z,30,2025-12-17T14:07:59Z,1,610.8669444444445,,0,,,0,,23.0,17.6,0.0,40.6,2,1,1,23.0,30.0,113.0,,,,,,,,,,,,,,,,,,,,,,,,,,,,,,,,,,,,,,,0,1,1
2026-01-12T01:00:00Z,2026-01-12T02:00:00Z,60,2025-12-17T14:07:59Z,1,610.8669444444445,,0,,,0,,23.0,17.6,0.0,40.6,2,1,1,23.0,30.0,113.0,,,,,,,,,,,,,,,,,,,,,,,,,,,,,,,,,,,,,,,0,1,1
2026-01-12T01:30:00Z,2026-01-12T02:00:00Z,30,2025-12-17T14:07:59Z,1,611.3669444444445,,0,,,0,,23.0,17.6,0.0,40.6,2,1,1,23.0,29.5,112.5,,,,,,,,,,,,,,,,,,,,,,,,,,,,,,,,,,,,,,,0,1,1
2026-01-12T01:30:00Z,2026-01-12T02:30:00Z,60,2025-12-17T14:07:59Z,1,611.3669444444445,,0,,,0,,23.0,17.6,0.0,40.6,2,1,1,23.0,29.5,112.5,,,,,,,,,,,,,,,,,,,,,,,,,,,,,,,,,,,,,,,0,1,1
2026-01-12T02:00:00Z,2026-01-12T02:30:00Z,30,2025-12-17T14:07:59Z,1,611.8669444444445,,0,,,0,,23.0,17.6,0.0,40.6,2,1,1,23.0,29.0,112.0,,,,,,,,,,,,,,,,,,,,,,,,,,,,,,,,,,,,,,,0,1,1
2026-01-12T02:00:00Z,2026-01-12T03:00:00Z,60,2025-12-17T14:07:59Z,1,611.8669444444445,,0,,,0,,23.0,17.6,0.0,40.6,2,1,1,23.0,29.0,112.0,,,,,,,,,,,,,,,,,,,,,,,,,,,,,,,,,,,,,,,0,1,1
2026-01-12T02:30:00Z,2026-01-12T03:00:00Z,30,2025-12-17T14:07:59Z,1,612.3669444444445,,0,,,0,,23.0,17.6,0.0,40.6,2,1,1,23.0,28.5,111.5,,,,,,,,,,,,,,,,,,,,,,,,,,,,,,,,,,,,,,,0,1,1
2026-01-12T02:30:00Z,2026-01-12T03:30:00Z,60,2025-12-17T14:07:59Z,1,612.3669444444445,,0,,,0,,23.0,17.6,0.0,40.6,2,1,1,23.0,28.5,111.5,,,,,,,,,,,,,,,,,,,,,,,,,,,,,,,,,,,,,,,0,1,1
2026-01-12T03:00:00Z,2026-01-12T03:30:00Z,30,2025-12-17T14:07:59Z,1,612.8669444444445,,0,,,0,,23.0,17.6,0.0,40.6,2,1,1,23.0,28.0,111.0,,,,,,,,,,,,,,,,,,,,,,,,,,,,,,,,,,,,,,,0,1,1
2026-01-12T03:00:00Z,2026-01-12T04:00:00Z,60,2025-12-17T14:07:59Z,1,612.8669444444445,,0,,,0,,23.0,17.6,0.0,40.6,2,1,1,23.0,28.0,111.0,,,,,,,,,,,,,,,,,,,,,,,,,,,,,,,,,,,,,,,0,1,1
2026-01-12T03:30:00Z,2026-01-12T04:00:00Z,30,2025-12-17T14:07:59Z,1,613.3669444444445,,0,,,0,,23.0,17.6,0.0,40.6,2,1,1,23.0,27.5,110.5,,,,,,,,,,,,,,,,,,,,,,,,,,,,,,,,,,,,,,,0,1,1
2026-01-12T03:30:00Z,2026-01-12T04:30:00Z,60,2025-12-17T14:07:59Z,1,613.3669444444445,,0,,,0,,23.0,17.6,0.0,40.6,2,1,1,23.0,27.5,110.5,,,,,,,,,,,,,,,,,,,,,,,,,,,,,,,,,,,,,,,0,1,1
2026-01-12T04:00:00Z,2026-01-12T04:30:00Z,30,2025-12-17T14:07:59Z,1,613.8669444444445,,0,,,0,,23.0,17.6,0.0,40.6,2,1,1,23.0,27.0,110.0,,,,,,,,,,,,,,,,,,,,,,,,,,,,,,,,,,,,,,,0,1,1
2026-01-12T04:00:00Z,2026-01-12T05:00:00Z,60,2025-12-17T14:07:59Z,1,613.8669444444445,,0,,,0,,23.0,17.6,0.0,40.6,2,1,1,23.0,27.0,110.0,,,,,,,,,,,,,,,,,,,,,,,,,,,,,,,,,,,,,,,0,1,1
2026-01-12T04:30:00Z,2026-01-12T05:00:00Z,30,2025-12-17T14:07:59Z,1,614.3669444444445,,0,,,0,,23.0,17.6,0.0,40.6,2,1,1,23.0,26.5,109.5,,,,,,,,,,,,,,,,,,,,,,,,,,,,,,,,,,,,,,,0,1,1
2026-01-12T04:30:00Z,2026-01-12T05:30:00Z,60,2025-12-17T14:07:59Z,1,614.3669444444445,,0,,,0,,23.0,17.6,0.0,40.6,2,1,1,23.0,26.5,109.5,,,,,,,,,,,,,,,,,,,,,,,,,,,,,,,,,,,,,,,0,1,1
2026-01-12T05:00:00Z,2026-01-12T05:30:00Z,30,2025-12-17T14:07:59Z,1,614.8669444444445,,0,,,0,,23.0,17.6,0.0,40.6,2,1,1,23.0,26.0,109.0,,,,,,,,,,,,,,,,,,,,,,,,,,,,,,,,,,,,,,,0,1,1
2026-01-12T05:00:00Z,2026-01-12T06:00:00Z,60,2025-12-17T14:07:59Z,1,614.8669444444445,,0,,,0,,23.0,17.6,0.0,40.6,2,1,1,23.0,26.0,109.0,,,,,,,,,,,,,,,,,,,,,,,,,,,,,,,,,,,,,,,0,1,1
2026-01-12T05:30:00Z,2026-01-12T06:00:00Z,30,2025-12-17T14:07:59Z,1,615.3669444444445,,0,,,0,,23.0,17.6,0.0,40.6,2,1,1,23.0,25.5,108.5,,,,,,,,,,,,,,,,,,,,,,,,,,,,,,,,,,,,,,,0,1,1
2026-01-12T05:30:00Z,2026-01-12T06:30:00Z,60,2025-12-17T14:07:59Z,1,615.3669444444445,,0,,,0,,23.0,17.6,0.0,40.6,2,1,1,23.0,25.5,108.5,,,,,,,,,,,,,,,,,,,,,,,,,,,,,,,,,,,,,,,0,1,1
2026-01-12T06:00:00Z,2026-01-12T06:30:00Z,30,2025-12-17T14:07:59Z,1,615.8669444444445,,0,,,0,,23.0,17.6,0.0,40.6,2,1,1,23.0,25.0,108.0,,,,,,,,,,,,,,,,,,,,,,,,,,,,,,,,,,,,,,,0,1,1
2026-01-12T06:00:00Z,2026-01-12T07:00:00Z,60,2025-12-17T14:07:59Z,1,615.8669444444445,,0,,,0,,23.0,17.6,0.0,40.6,2,1,1,23.0,25.0,108.0,,,,,,,,,,,,,,,,,,,,,,,,,,,,,,,,,,,,,,,0,1,1
2026-01-12T06:30:00Z,2026-01-12T07:00:00Z,30,2025-12-17T14:07:59Z,1,616.3669444444445,,0,,,0,,23.0,17.6,0.0,40.6,2,1,1,23.0,24.5,107.5,,,,,,,,,,,,,,,,,,,,,,,,,,,,,,,,,,,,,,,0,1,1
2026-01-12T06:30:00Z,2026-01-12T07:30:00Z,60,2025-12-17T14:07:59Z,1,616.3669444444445,,0,,,0,,23.0,17.6,0.0,40.6,2,1,1,23.0,24.5,107.5,,,,,,,,,,,,,,,,,,,,,,,,,,,,,,,,,,,,,,,0,1,1
2026-01-12T07:00:00Z,2026-01-12T07:30:00Z,30,2025-12-17T14:07:59Z,1,616.8669444444445,,0,,,0,,23.0,17.6,0.0,40.6,2,1,1,23.0,24.0,107.0,,,,,,,,,,,,,,,,,,,,,,,,,,,,,,,,,,,,,,,0,1,1
2026-01-12T07:00:00Z,2026-01-12T08:00:00Z,60,2025-12-17T14:07:59Z,1,616.8669444444445,,0,,,0,,23.0,17.6,0.0,40.6,2,1,1,23.0,24.0,107.0,,,,,,,,,,,,,,,,,,,,,,,,,,,,,,,,,,,,,,,0,1,1
2026-01-12T07:30:00Z,2026-01-12T08:00:00Z,30,2025-12-17T14:07:59Z,1,617.3669444444445,,0,,,0,,23.0,17.6,0.0,40.6,2,1,1,23.0,23.5,106.5,,,,,,,,,,,,,,,,,,,,,,,,,,,,,,,,,,,,,,,0,1,1
2026-01-12T07:30:00Z,2026-01-12T08:30:00Z,60,2025-12-17T14:07:59Z,1,617.3669444444445,,0,,,0,,23.0,17.6,0.0,40.6,2,1,1,23.0,23.5,106.5,,,,,,,,,,,,,,,,,,,,,,,,,,,,,,,,,,,,,,,0,1,1
2026-01-12T08:00:00Z,2026-01-12T08:30:00Z,30,2025-12-17T14:07:59Z,1,617.8669444444445,,0,,,0,,23.0,17.6,0.0,40.6,2,1,1,23.0,23.0,106.0,,,,,,,,,,,,,,,,,,,,,,,,,,,,,,,,,,,,,,,0,1,1
2026-01-12T08:00:00Z,2026-01-12T09:00:00Z,60,2025-12-17T14:07:59Z,1,617.8669444444445,,0,,,0,,23.0,17.6,0.0,40.6,2,1,1,23.0,23.0,106.0,,,,,,,,,,,,,,,,,,,,,,,,,,,,,,,,,,,,,,,0,1,1
2026-01-12T08:30:00Z,2026-01-12T09:00:00Z,30,2025-12-17T14:07:59Z,1,618.3669444444445,,0,,,0,,23.0,17.6,0.0,40.6,2,1,1,23.0,22.5,105.5,,,,,,,,,,,,,,,,,,,,,,,,,,,,,,,,,,,,,,,0,1,1
2026-01-12T08:30:00Z,2026-01-12T09:30:00Z,60,2025-12-17T14:07:59Z,1,618.3669444444445,,0,,,0,,23.0,17.6,0.0,40.6,2,1,1,23.0,22.5,105.5,,,,,,,,,,,,,,,,,,,,,,,,,,,,,,,,,,,,,,,0,1,1
2026-01-12T09:00:00Z,2026-01-12T09:30:00Z,30,2025-12-17T14:07:59Z,1,618.8669444444445,,0,,,0,,23.0,17.6,0.0,40.6,2,1,1,23.0,22.0,105.0,,,,,,,,,,,,,,,,,,,,,,,,,,,,,,,,,,,,,,,0,1,1
2026-01-12T09:00:00Z,2026-01-12T10:00:00Z,60,2025-12-17T14:07:59Z,1,618.8669444444445,,0,,,0,,23.0,17.6,0.0,40.6,2,1,1,23.0,22.0,105.0,,,,,,,,,,,,,,,,,,,,,,,,,,,,,,,,,,,,,,,0,1,1
2026-01-12T09:30:00Z,2026-01-12T10:00:00Z,30,2025-12-17T14:07:59Z,1,619.3669444444445,,0,,,0,,23.0,17.6,0.0,40.6,2,1,1,23.0,21.5,104.5,,,,,,,,,,,,,,,,,,,,,,,,,,,,,,,,,,,,,,,0,1,1
2026-01-12T09:30:00Z,2026-01-12T10:30:00Z,60,2025-12-17T14:07:59Z,1,619.3669444444445,,0,,,0,,23.0,17.6,0.0,40.6,2,1,1,23.0,21.5,104.5,,,,,,,,,,,,,,,,,,,,,,,,,,,,,,,,,,,,,,,0,1,1
2026-01-12T10:00:00Z,2026-01-12T10:30:00Z,30,2025-12-17T14:07:59Z,1,619.8669444444445,,0,,,0,,23.0,17.6,0.0,40.6,2,1,1,23.0,21.0,104.0,,,,,,,,,,,,,,,,,,,,,,,,,,,,,,,,,,,,,,,0,1,1
2026-01-12T10:00:00Z,2026-01-12T11:00:00Z,60,2025-12-17T14:07:59Z,1,619.8669444444445,,0,,,0,,23.0,17.6,0.0,40.6,2,1,1,23.0,21.0,104.0,,,,,,,,,,,,,,,,,,,,,,,,,,,,,,,,,,,,,,,0,1,1
2026-01-12T10:30:00Z,2026-01-12T11:00:00Z,30,2025-12-17T14:07:59Z,1,620.3669444444445,,0,,,0,,23.0,17.6,0.0,40.6,2,1,1,23.0,20.5,103.5,,,,,,,,,,,,,,,,,,,,,,,,,,,,,,,,,,,,,,,0,1,1
2026-01-12T10:30:00Z,2026-01-12T11:30:00Z,60,2025-12-17T14:07:59Z,1,620.3669444444445,,0,,,0,,23.0,17.6,0.0,40.6,2,1,1,23.0,20.5,103.5,,,,,,,,,,,,,,,,,,,,,,,,,,,,,,,,,,,,,,,0,1,1
2026-01-12T11:00:00Z,2026-01-12T11:30:00Z,30,2025-12-17T14:07:59Z,1,620.8669444444445,,0,,,0,,23.0,17.6,0.0,40.6,2,1,1,23.0,20.0,103.0,,,,,,,,,,,,,,,,,,,,,,,,,,,,,,,,,,,,,,,0,1,1
2026-01-12T11:00:00Z,2026-01-12T12:00:00Z,60,2025-12-17T14:07:59Z,1,620.8669444444445,,0,,,0,,23.0,17.6,0.0,40.6,2,1,1,23.0,20.0,103.0,,,,,,,,,,,,,,,,,,,,,,,,,,,,,,,,,,,,,,,0,1,1
2026-01-12T11:30:00Z,2026-01-12T12:00:00Z,30,2025-12-17T14:07:59Z,1,621.3669444444445,,0,,,0,,23.0,17.6,0.0,40.6,2,1,1,23.0,19.5,102.5,,,,,,,,,,,,,,,,,,,,,,,,,,,,,,,,,,,,,,,0,1,1
2026-01-12T11:30:00Z,2026-01-12T12:30:00Z,60,2025-12-17T14:07:59Z,1,621.3669444444445,,0,,,0,,23.0,17.6,0.0,40.6,2,1,1,23.0,19.5,102.5,,,,,,,,,,,,,,,,,,,,,,,,,,,,,,,,,,,,,,,0,1,1
2026-01-12T12:00:00Z,2026-01-12T12:30:00Z,30,2025-12-17T14:07:59Z,1,621.8669444444445,,0,,,0,,23.0,17.6,0.0,40.6,2,1,1,23.0,19.0,102.0,,,,,,,,,,,,,,,,,,,,,,,,,,,,,,,,,,,,,,,0,1,1
2026-01-12T12:00:00Z,2026-01-12T13:00:00Z,60,2025-12-17T14:07:59Z,1,621.8669444444445,,0,,,0,,23.0,17.6,0.0,40.6,2,1,1,23.0,19.0,102.0,,,,,,,,,,,,,,,,,,,,,,,,,,,,,,,,,,,,,,,0,1,1
2026-01-12T12:30:00Z,2026-01-12T13:00:00Z,30,2025-12-17T14:07:59Z,1,622.3669444444445,,0,,,0,,23.0,17.6,0.0,40.6,2,1,1,23.0,18.5,101.5,,,,,,,,,,,,,,,,,,,,,,,,,,,,,,,,,,,,,,,0,1,1
2026-01-12T12:30:00Z,2026-01-12T13:30:00Z,60,2025-12-17T14:07:59Z,1,622.3669444444445,,0,,,0,,23.0,17.6,0.0,40.6,2,1,1,23.0,18.5,101.5,,,,,,,,,,,,,,,,,,,,,,,,,,,,,,,,,,,,,,,0,1,1
2026-01-12T13:00:00Z,2026-01-12T13:30:00Z,30,2025-12-17T14:07:59Z,1,622.8669444444445,,0,,,0,,23.0,17.6,0.0,40.6,2,1,1,23.0,18.0,101.0,,,,,,,,,,,,,,,,,,,,,,,,,,,,,,,,,,,,,,,0,1,1
2026-01-12T13:00:00Z,2026-01-12T14:00:00Z,60,2025-12-17T14:07:59Z,1,622.8669444444445,,0,,,0,,23.0,17.6,0.0,40.6,2,1,1,23.0,18.0,101.0,,,,,,,,,,,,,,,,,,,,,,,,,,,,,,,,,,,,,,,0,1,1
2026-01-12T13:30:00Z,2026-01-12T14:00:00Z,30,2025-12-17T14:07:59Z,1,623.3669444444445,,0,,,0,,23.0,17.6,0.0,40.6,2,1,1,23.0,17.5,100.5,,,,,,,,,,,,,,,,,,,,,,,,,,,,,,,,,,,,,,,0,1,1
2026-01-12T13:30:00Z,2026-01-12T14:30:00Z,60,2025-12-17T14:07:59Z,1,623.3669444444445,,0,,,0,,23.0,17.6,0.0,40.6,2,1,1,23.0,17.5,100.5,,,,,,,,,,,,,,,,,,,,,,,,,,,,,,,,,,,,,,,0,1,1
2026-01-12T14:00:00Z,2026-01-12T14:30:00Z,30,2025-12-17T14:07:59Z,1,623.8669444444445,,0,,,0,,23.0,17.6,0.0,40.6,2,1,1,23.0,17.0,100.0,,,,,,,,,,,,,,,,,,,,,,,,,,,,,,,,,,,,,,,0,1,1
2026-01-12T14:00:00Z,2026-01-12T15:00:00Z,60,2025-12-17T14:07:59Z,1,623.8669444444445,,0,,,0,,23.0,17.6,0.0,40.6,2,1,1,23.0,17.0,100.0,,,,,,,,,,,,,,,,,,,,,,,,,,,,,,,,,,,,,,,0,1,1
2026-01-12T14:30:00Z,2026-01-12T15:00:00Z,30,2025-12-17T14:07:59Z,1,624.3669444444445,,0,,,0,,23.0,17.6,0.0,40.6,2,1,1,23.0,16.5,99.5,,,,,,,,,,,,,,,,,,,,,,,,,,,,,,,,,,,,,,,0,1,1
2026-01-12T14:30:00Z,2026-01-12T15:30:00Z,60,2025-12-17T14:07:59Z,1,624.3669444444445,,0,,,0,,23.0,17.6,0.0,40.6,2,1,1,23.0,16.5,99.5,,,,,,,,,,,,,,,,,,,,,,,,,,,,,,,,,,,,,,,0,1,1
2026-01-12T15:00:00Z,2026-01-12T15:30:00Z,30,2025-12-17T14:07:59Z,1,624.8669444444445,,0,,,0,,23.0,17.6,0.0,40.6,2,1,1,23.0,16.0,99.0,,,,,,,,,,,,,,,,,,,,,,,,,,,,,,,,,,,,,,,0,1,1
2026-01-12T15:00:00Z,2026-01-12T16:00:00Z,60,2025-12-17T14:07:59Z,1,624.8669444444445,,0,,,0,,23.0,17.6,0.0,40.6,2,1,1,23.0,16.0,99.0,,,,,,,,,,,,,,,,,,,,,,,,,,,,,,,,,,,,,,,0,1,1
2026-01-12T15:30:00Z,2026-01-12T16:00:00Z,30,2025-12-17T14:07:59Z,1,625.3669444444445,,0,,,0,,23.0,17.6,0.0,40.6,2,1,1,23.0,15.5,98.5,,,,,,,,,,,,,,,,,,,,,,,,,,,,,,,,,,,,,,,0,1,1
2026-01-12T15:30:00Z,2026-01-12T16:30:00Z,60,2025-12-17T14:07:59Z,1,625.3669444444445,,0,,,0,,23.0,17.6,0.0,40.6,2,1,1,23.0,15.5,98.5,,,,,,,,,,,,,,,,,,,,,,,,,,,,,,,,,,,,,,,0,1,1
2026-01-12T16:00:00Z,2026-01-12T16:30:00Z,30,2025-12-17T14:07:59Z,1,625.8669444444445,,0,,,0,,23.0,17.6,0.0,40.6,2,1,1,23.0,15.0,98.0,,,,,,,,,,,,,,,,,,,,,,,,,,,,,,,,,,,,,,,0,1,1
2026-01-12T16:00:00Z,2026-01-12T17:00:00Z,60,2025-12-17T14:07:59Z,1,625.8669444444445,,0,,,0,,23.0,17.6,0.0,40.6,2,1,1,23.0,15.0,98.0,,,,,,,,,,,,,,,,,,,,,,,,,,,,,,,,,,,,,,,0,1,1
2026-01-12T16:30:00Z,2026-01-12T17:00:00Z,30,2025-12-17T14:07:59Z,1,626.3669444444445,,0,,,0,,23.0,17.6,0.0,40.6,2,1,1,23.0,14.5,97.5,,,,,,,,,,,,,,,,,,,,,,,,,,,,,,,,,,,,,,,0,1,1
2026-01-12T16:30:00Z,2026-01-12T17:30:00Z,60,2025-12-17T14:07:59Z,1,626.3669444444445,,0,,,0,,23.0,17.6,0.0,40.6,2,1,1,23.0,14.5,97.5,,,,,,,,,,,,,,,,,,,,,,,,,,,,,,,,,,,,,,,0,1,1
2026-01-12T17:00:00Z,2026-01-12T17:30:00Z,30,2025-12-17T14:07:59Z,1,626.8669444444445,,0,,,0,,23.0,17.6,0.0,40.6,2,1,1,23.0,14.0,97.0,,,,,,,,,,,,,,,,,,,,,,,,,,,,,,,,,,,,,,,0,1,1
2026-01-12T17:00:00Z,2026-01-12T18:00:00Z,60,2025-12-17T14:07:59Z,1,626.8669444444445,,0,,,0,,23.0,17.6,0.0,40.6,2,1,1,23.0,14.0,97.0,,,,,,,,,,,,,,,,,,,,,,,,,,,,,,,,,,,,,,,0,1,1
2026-01-12T17:30:00Z,2026-01-12T18:00:00Z,30,2025-12-17T14:07:59Z,1,627.3669444444445,,0,,,0,,23.0,17.6,0.0,40.6,2,1,1,23.0,13.5,96.5,,,,,,,,,,,,,,,,,,,,,,,,,,,,,,,,,,,,,,,0,1,1
2026-01-12T17:30:00Z,2026-01-12T18:30:00Z,60,2025-12-17T14:07:59Z,1,627.3669444444445,,0,,,0,,23.0,17.6,0.0,40.6,2,1,1,23.0,13.5,96.5,,,,,,,,,,,,,,,,,,,,,,,,,,,,,,,,,,,,,,,0,1,1
2026-01-12T18:00:00Z,2026-01-12T18:30:00Z,30,2025-12-17T14:07:59Z,1,627.8669444444445,,0,,,0,,23.0,17.6,0.0,40.6,2,1,1,23.0,13.0,96.0,,,,,,,,,,,,,,,,,,,,,,,,,,,,,,,,,,,,,,,0,1,1
2026-01-12T18:00:00Z,2026-01-12T19:00:00Z,60,2025-12-17T14:07:59Z,1,627.8669444444445,,0,,,0,,23.0,17.6,0.0,40.6,2,1,1,23.0,13.0,96.0,,,,,,,,,,,,,,,,,,,,,,,,,,,,,,,,,,,,,,,0,1,1
2026-01-12T18:30:00Z,2026-01-12T19:00:00Z,30,2025-12-17T14:07:59Z,1,628.3669444444445,,0,,,0,,23.0,17.6,0.0,40.6,2,1,1,23.0,12.5,95.5,,,,,,,,,,,,,,,,,,,,,,,,,,,,,,,,,,,,,,,0,1,1
2026-01-12T18:30:00Z,2026-01-12T19:30:00Z,60,2025-12-17T14:07:59Z,1,628.3669444444445,,0,,,0,,23.0,17.6,0.0,40.6,2,1,1,23.0,12.5,95.5,,,,,,,,,,,,,,,,,,,,,,,,,,,,,,,,,,,,,,,0,1,1
2026-01-12T19:00:00Z,2026-01-12T19:30:00Z,30,2025-12-17T14:07:59Z,1,628.8669444444445,,0,,,0,,23.0,17.6,0.0,40.6,2,1,1,23.0,12.0,95.0,,,,,,,,,,,,,,,,,,,,,,,,,,,,,,,,,,,,,,,0,1,1
2026-01-12T19:00:00Z,2026-01-12T20:00:00Z,60,2025-12-17T14:07:59Z,1,628.8669444444445,,0,,,0,,23.0,17.6,0.0,40.6,2,1,1,23.0,12.0,95.0,,,,,,,,,,,,,,,,,,,,,,,,,,,,,,,,,,,,,,,0,1,1
2026-01-12T19:30:00Z,2026-01-12T20:00:00Z,30,2025-12-17T14:07:59Z,1,629.3669444444445,,0,,,0,,23.0,17.6,0.0,40.6,2,1,1,23.0,11.5,94.5,,,,,,,,,,,,,,,,,,,,,,,,,,,,,,,,,,,,,,,0,1,1
2026-01-12T19:30:00Z,2026-01-12T20:30:00Z,60,2025-12-17T14:07:59Z,1,629.3669444444445,,0,,,0,,23.0,17.6,0.0,40.6,2,1,1,23.0,11.5,94.5,,,,,,,,,,,,,,,,,,,,,,,,,,,,,,,,,,,,,,,0,1,1
2026-01-12T20:00:00Z,2026-01-12T20:30:00Z,30,2025-12-17T14:07:59Z,1,629.8669444444445,,0,,,0,,23.0,17.6,0.0,40.6,2,1,1,23.0,11.0,94.0,,,,,,,,,,,,,,,,,,,,,,,,,,,,,,,,,,,,,,,0,1,1
2026-01-12T20:00:00Z,2026-01-12T21:00:00Z,60,2025-12-17T14:07:59Z,1,629.8669444444445,,0,,,0,,23.0,17.6,0.0,40.6,2,1,1,23.0,11.0,94.0,,,,,,,,,,,,,,,,,,,,,,,,,,,,,,,,,,,,,,,0,1,1
2026-01-12T20:30:00Z,2026-01-12T21:00:00Z,30,2025-12-17T14:07:59Z,1,630.3669444444445,,0,,,0,,23.0,17.6,0.0,40.6,2,1,1,23.0,10.5,93.5,,,,,,,,,,,,,,,,,,,,,,,,,,,,,,,,,,,,,,,0,1,1
2026-01-12T20:30:00Z,2026-01-12T21:30:00Z,60,2025-12-17T14:07:59Z,1,630.3669444444445,,0,,,0,,23.0,17.6,0.0,40.6,2,1,1,23.0,10.5,93.5,,,,,,,,,,,,,,,,,,,,,,,,,,,,,,,,,,,,,,,0,1,1
2026-01-12T21:00:00Z,2026-01-12T21:30:00Z,30,2025-12-17T14:07:59Z,1,630.8669444444445,,0,,,0,,23.0,17.6,0.0,40.6,2,1,1,23.0,10.0,93.0,,,,,,,,,,,,,,,,,,,,,,,,,,,,,,,,,,,,,,,0,1,1
2026-01-12T21:00:00Z,2026-01-12T22:00:00Z,60,2025-12-17T14:07:59Z,1,630.8669444444445,,0,,,0,,23.0,17.6,0.0,40.6,2,1,1,23.0,10.0,93.0,,,,,,,,,,,,,,,,,,,,,,,,,,,,,,,,,,,,,,,0,1,1
2026-01-12T21:30:00Z,2026-01-12T22:00:00Z,30,2025-12-17T14:07:59Z,1,631.3669444444445,,0,,,0,,23.0,17.6,0.0,40.6,2,1,1,23.0,9.5,92.5,,,,,,,,,,,,,,,,,,,,,,,,,,,,,,,,,,,,,,,0,1,1
2026-01-12T21:30:00Z,2026-01-12T22:30:00Z,60,2025-12-17T14:07:59Z,1,631.3669444444445,,0,,,0,,23.0,17.6,0.0,40.6,2,1,1,23.0,9.5,92.5,,,,,,,,,,,,,,,,,,,,,,,,,,,,,,,,,,,,,,,0,1,1
2026-01-12T22:00:00Z,2026-01-12T22:30:00Z,30,2025-12-17T14:07:59Z,1,631.8669444444445,,0,,,0,,23.0,17.6,0.0,40.6,2,1,1,23.0,9.0,92.0,,,,,,,,,,,,,,,,,,,,,,,,,,,,,,,,,,,,,,,0,1,1
2026-01-12T22:00:00Z,2026-01-12T23:00:00Z,60,2025-12-17T14:07:59Z,1,631.8669444444445,,0,,,0,,23.0,17.6,0.0,40.6,2,1,1,23.0,9.0,92.0,,,,,,,,,,,,,,,,,,,,,,,,,,,,,,,,,,,,,,,0,1,1
2026-01-12T22:30:00Z,2026-01-12T23:00:00Z,30,2025-12-17T14:07:59Z,1,632.3669444444445,,0,,,0,,23.0,17.6,0.0,40.6,2,1,1,23.0,8.5,91.5,,,,,,,,,,,,,,,,,,,,,,,,,,,,,,,,,,,,,,,0,1,1
2026-01-12T22:30:00Z,2026-01-12T23:30:00Z,60,2025-12-17T14:07:59Z,1,632.3669444444445,,0,,,0,,23.0,17.6,0.0,40.6,2,1,1,23.0,8.5,91.5,,,,,,,,,,,,,,,,,,,,,,,,,,,,,,,,,,,,,,,0,1,1
2026-01-12T23:00:00Z,2026-01-12T23:30:00Z,30,2025-12-17T14:07:59Z,1,632.8669444444445,,0,,,0,,23.0,17.6,0.0,40.6,2,1,1,23.0,8.0,91.0,,,,,,,,,,,,,,,,,,,,,,,,,,,,,,,,,,,,,,,0,1,1
2026-01-12T23:00:00Z,2026-01-13T00:00:00Z,60,2025-12-17T14:07:59Z,1,632.8669444444445,,0,,,0,,23.0,17.6,0.0,40.6,2,1,1,23.0,8.0,91.0,,,,,,,,,,,,,,,,,,,,,,,,,,,,,,,,,,,,,,,0,1,1
2026-01-12T23:30:00Z,2026-01-13T00:00:00Z,30,2025-12-17T14:07:59Z,1,633.3669444444445,,0,,,0,,23.0,17.6,0.0,40.6,2,1,1,23.0,7.5,90.5,,,,,,,,,,,,,,,,,,,,,,,,,,,,,,,,,,,,,,,0,1,1
2026-01-12T23:30:00Z,2026-01-13T00:30:00Z,60,2025-12-17T14:07:59Z,1,633.3669444444445,,0,,,0,,23.0,17.6,0.0,40.6,2,1,1,23.0,7.5,90.5,,,,,,,,,,,,,,,,,,,,,,,,,,,,,,,,,,,,,,,0,1,1
2026-01-13T00:00:00Z,2026-01-13T00:30:00Z,30,2025-12-17T14:07:59Z,1,633.8669444444445,,0,,,0,,23.0,17.6,0.0,40.6,2,1,1,23.0,7.0,90.0,,,,,,,,,,,,,,,,,,,,,,,,,,,,,,,,,,,,,,,0,1,1
2026-01-13T00:00:00Z,2026-01-13T01:00:00Z,60,2025-12-17T14:07:59Z,1,633.8669444444445,,0,,,0,,23.0,17.6,0.0,40.6,2,1,1,23.0,7.0,90.0,,,,,,,,,,,,,,,,,,,,,,,,,,,,,,,,,,,,,,,0,1,1
2026-01-13T00:30:00Z,2026-01-13T01:00:00Z,30,2025-12-17T14:07:59Z,1,634.3669444444445,,0,,,0,,23.0,17.6,0.0,40.6,2,1,1,23.0,6.5,89.5,,,,,,,,,,,,,,,,,,,,,,,,,,,,,,,,,,,,,,,0,1,1
2026-01-13T00:30:00Z,2026-01-13T01:30:00Z,60,2025-12-17T14:07:59Z,1,634.3669444444445,,0,,,0,,23.0,17.6,0.0,40.6,2,1,1,23.0,6.5,89.5,,,,,,,,,,,,,,,,,,,,,,,,,,,,,,,,,,,,,,,0,1,1
2026-01-13T01:00:00Z,2026-01-13T01:30:00Z,30,2025-12-17T14:07:59Z,1,634.8669444444445,,0,,,0,,23.0,17.6,0.0,40.6,2,1,1,23.0,6.0,89.0,,,,,,,,,,,,,,,,,,,,,,,,,,,,,,,,,,,,,,,0,1,1
2026-01-13T01:00:00Z,2026-01-13T02:00:00Z,60,2025-12-17T14:07:59Z,1,634.8669444444445,,0,,,0,,23.0,17.6,0.0,40.6,2,1,1,23.0,6.0,89.0,,,,,,,,,,,,,,,,,,,,,,,,,,,,,,,,,,,,,,,0,1,1
2026-01-13T01:30:00Z,2026-01-13T02:00:00Z,30,2025-12-17T14:07:59Z,1,635.3669444444445,,0,,,0,,23.0,17.6,0.0,40.6,2,1,1,23.0,5.5,88.5,,,,,,,,,,,,,,,,,,,,,,,,,,,,,,,,,,,,,,,0,1,1
2026-01-13T01:30:00Z,2026-01-13T02:30:00Z,60,2025-12-17T14:07:59Z,1,635.3669444444445,,0,,,0,,23.0,17.6,0.0,40.6,2,1,1,23.0,5.5,88.5,,,,,,,,,,,,,,,,,,,,,,,,,,,,,,,,,,,,,,,0,1,1
2026-01-13T02:00:00Z,2026-01-13T02:30:00Z,30,2025-12-17T14:07:59Z,1,635.8669444444445,,0,,,0,,23.0,17.6,0.0,40.6,2,1,1,23.0,5.0,88.0,,,,,,,,,,,,,,,,,,,,,,,,,,,,,,,,,,,,,,,0,1,1
2026-01-13T02:00:00Z,2026-01-13T03:00:00Z,60,2025-12-17T14:07:59Z,1,635.8669444444445,,0,,,0,,23.0,17.6,0.0,40.6,2,1,1,23.0,5.0,88.0,,,,,,,,,,,,,,,,,,,,,,,,,,,,,,,,,,,,,,,0,1,1
2026-01-13T02:30:00Z,2026-01-13T03:00:00Z,30,2025-12-17T14:07:59Z,1,636.3669444444445,,0,,,0,,23.0,17.6,0.0,40.6,2,1,1,23.0,4.5,87.5,,,,,,,,,,,,,,,,,,,,,,,,,,,,,,,,,,,,,,,0,1,1
2026-01-13T02:30:00Z,2026-01-13T03:30:00Z,60,2025-12-17T14:07:59Z,1,636.3669444444445,,0,,,0,,23.0,17.6,0.0,40.6,2,1,1,23.0,4.5,87.5,,,,,,,,,,,,,,,,,,,,,,,,,,,,,,,,,,,,,,,0,1,1
2026-01-13T03:00:00Z,2026-01-13T03:30:00Z,30,2025-12-17T14:07:59Z,1,636.8669444444445,,0,,,0,,23.0,17.6,0.0,40.6,2,1,1,23.0,4.0,87.0,,,,,,,,,,,,,,,,,,,,,,,,,,,,,,,,,,,,,,,0,1,1
2026-01-13T03:00:00Z,2026-01-13T04:00:00Z,60,2025-12-17T14:07:59Z,1,636.8669444444445,,0,,,0,,23.0,17.6,0.0,40.6,2,1,1,23.0,4.0,87.0,,,,,,,,,,,,,,,,,,,,,,,,,,,,,,,,,,,,,,,0,1,1
2026-01-13T03:30:00Z,2026-01-13T04:00:00Z,30,2025-12-17T14:07:59Z,1,637.3669444444445,,0,,,0,,23.0,17.6,0.0,40.6,2,1,1,23.0,3.5,86.5,,,,,,,,,,,,,,,,,,,,,,,,,,,,,,,,,,,,,,,0,1,1
2026-01-13T03:30:00Z,2026-01-13T04:30:00Z,60,2025-12-17T14:07:59Z,1,637.3669444444445,,0,,,0,,23.0,17.6,0.0,40.6,2,1,1,23.0,3.5,86.5,,,,,,,,,,,,,,,,,,,,,,,,,,,,,,,,,,,,,,,0,1,1
2026-01-13T04:00:00Z,2026-01-13T04:30:00Z,30,2025-12-17T14:07:59Z,1,637.8669444444445,,0,,,0,,23.0,17.6,0.0,40.6,2,1,1,23.0,3.0,86.0,,,,,,,,,,,,,,,,,,,,,,,,,,,,,,,,,,,,,,,0,1,1
2026-01-13T04:00:00Z,2026-01-13T05:00:00Z,60,2025-12-17T14:07:59Z,1,637.8669444444445,,0,,,0,,23.0,17.6,0.0,40.6,2,1,1,23.0,3.0,86.0,,,,,,,,,,,,,,,,,,,,,,,,,,,,,,,,,,,,,,,0,1,1
2026-01-13T04:30:00Z,2026-01-13T05:00:00Z,30,2025-12-17T14:07:59Z,1,638.3669444444445,,0,,,0,,23.0,17.6,0.0,40.6,2,1,1,23.0,2.5,85.5,,,,,,,,,,,,,,,,,,,,,,,,,,,,,,,,,,,,,,,0,1,1
2026-01-13T04:30:00Z,2026-01-13T05:30:00Z,60,2025-12-17T14:07:59Z,1,638.3669444444445,,0,,,0,,23.0,17.6,0.0,40.6,2,1,1,23.0,2.5,85.5,,,,,,,,,,,,,,,,,,,,,,,,,,,,,,,,,,,,,,,0,1,1
2026-01-13T05:00:00Z,2026-01-13T05:30:00Z,30,2025-12-17T14:07:59Z,1,638.8669444444445,,0,,,0,,23.0,17.6,0.0,40.6,2,1,1,23.0,2.0,85.0,,,,,,,,,,,,,,,,,,,,,,,,,,,,,,,,,,,,,,,0,1,1
2026-01-13T05:00:00Z,2026-01-13T06:00:00Z,60,2025-12-17T14:07:59Z,1,638.8669444444445,,0,,,0,,23.0,17.6,0.0,40.6,2,1,1,23.0,2.0,85.0,,,,,,,,,,,,,,,,,,,,,,,,,,,,,,,,,,,,,,,0,1,1
2026-01-13T05:30:00Z,2026-01-13T06:00:00Z,30,2025-12-17T14:07:59Z,1,639.3669444444445,,0,,,0,,23.0,17.6,0.0,40.6,2,1,1,23.0,1.5,84.5,,,,,,,,,,,,,,,,,,,,,,,,,,,,,,,,,,,,,,,0,1,1
2026-01-13T05:30:00Z,2026-01-13T06:30:00Z,60,2025-12-17T14:07:59Z,1,639.3669444444445,,0,,,0,,23.0,17.6,0.0,40.6,2,1,1,23.0,1.5,84.5,,,,,,,,,,,,,,,,,,,,,,,,,,,,,,,,,,,,,,,0,1,1
2026-01-13T06:00:00Z,2026-01-13T06:30:00Z,30,2025-12-17T14:07:59Z,1,639.8669444444445,,0,,,0,,23.0,17.6,0.0,40.6,2,1,1,23.0,1.0,84.0,,,,,,,,,,,,,,,,,,,,,,,,,,,,,,,,,,,,,,,0,1,1
2026-01-13T06:00:00Z,2026-01-13T07:00:00Z,60,2025-12-17T14:07:59Z,1,639.8669444444445,,0,,,0,,373.0,17.6,0.0,390.6,3,2,1,350.0,1.0,62.0,,,,,,,,,,,,,,,,,,,,,,,,,,,,,,,,,,,,,,,0,1,1
2026-01-13T06:30:00Z,2026-01-13T07:00:00Z,30,2025-12-17T14:07:59Z,1,640.3669444444445,,0,,,0,,373.0,17.6,0.0,390.6,3,2,1,350.0,0.5,61.5,,,,,,,,,,,,,,,,,,,,,,,,,,,,,,,,,,,,,,,0,1,1
2026-01-13T06:30:00Z,2026-01-13T07:30:00Z,60,2025-12-17T14:07:59Z,1,640.3669444444445,,0,,,0,,373.0,17.6,0.0,390.6,3,2,1,350.0,0.5,61.5,,,,,,,,,,,,,,,,,,,,,,,,,,,,,,,,,,,,,,,0,1,1
2026-01-13T07:00:00Z,2026-01-13T07:30:00Z,30,2025-12-17T14:07:59Z,1,640.8669444444445,,0,,,0,,373.0,17.6,0.0,390.6,3,2,1,350.0,49.0,61.0,,,,,,,,,,,,,,,,,,,,,,,,,,,,,,,,,,,,,,,0,1,1
2026-01-13T07:00:00Z,2026-01-13T08:00:00Z,60,2025-12-17T14:07:59Z,1,640.8669444444445,,0,,,0,,373.0,17.6,0.0,390.6,3,2,1,350.0,49.0,61.0,,,,,,,,,,,,,,,,,,,,,,,,,,,,,,,,,,,,,,,0,1,1
2026-01-13T07:30:00Z,2026-01-13T08:00:00Z,30,2025-12-17T14:07:59Z,1,641.3669444444445,,0,,,0,,373.0,17.6,0.0,390.6,3,2,1,350.0,48.5,60.5,,,,,,,,,,,,,,,,,,,,,,,,,,,,,,,,,,,,,,,0,1,1
2026-01-13T07:30:00Z,2026-01-13T08:30:00Z,60,2025-12-17T14:07:59Z,1,641.3669444444445,,0,,,0,,373.0,17.6,0.0,390.6,3,2,1,350.0,48.5,60.5,,,,,,,,,,,,,,,,,,,,,,,,,,,,,,,,,,,,,,,0,1,1
2026-01-13T08:00:00Z,2026-01-13T08:30:00Z,30,2025-12-17T14:07:59Z,1,641.8669444444445,,0,,,0,,373.0,17.6,0.0,390.6,3,2,1,350.0,48.0,60.0,,,,,,,,,,,,,,,,,,,,,,,,,,,,,,,,,,,,,,,0,1,1
2026-01-13T08:00:00Z,2026-01-13T09:00:00Z,60,2025-12-17T14:07:59Z,1,641.8669444444445,,0,,,0,,373.0,17.6,0.0,390.6,3,2,1,350.0,48.0,60.0,,,,,,,,,,,,,,,,,,,,,,,,,,,,,,,,,,,,,,,0,1,1
2026-01-13T08:30:00Z,2026-01-13T09:00:00Z,30,2025-12-17T14:07:59Z,1,642.3669444444445,,0,,,0,,373.0,17.6,0.0,390.6,3,2,1,350.0,47.5,59.5,,,,,,,,,,,,,,,,,,,,,,,,,,,,,,,,,,,,,,,0,1,1
2026-01-13T08:30:00Z,2026-01-13T09:30:00Z,60,2025-12-17T14:07:59Z,1,642.3669444444445,,0,,,0,,373.0,17.6,0.0,390.6,3,2,1,350.0,47.5,59.5,,,,,,,,,,,,,,,,,,,,,,,,,,,,,,,,,,,,,,,0,1,1
2026-01-13T09:00:00Z,2026-01-13T09:30:00Z,30,2025-12-17T14:07:59Z,1,642.8669444444445,,0,,,0,,373.0,17.6,0.0,390.6,3,2,1,350.0,47.0,59.0,,,,,,,,,,,,,,,,,,,,,,,,,,,,,,,,,,,,,,,0,1,1
2026-01-13T09:00:00Z,2026-01-13T10:00:00Z,60,2025-12-17T14:07:59Z,1,642.8669444444445,,0,,,0,,373.0,17.6,0.0,390.6,3,2,1,350.0,47.0,59.0,,,,,,,,,,,,,,,,,,,,,,,,,,,,,,,,,,,,,,,0,1,1
2026-01-13T09:30:00Z,2026-01-13T10:00:00Z,30,2025-12-17T14:07:59Z,1,643.3669444444445,,0,,,0,,373.0,17.6,0.0,390.6,3,2,1,350.0,46.5,58.5,,,,,,,,,,,,,,,,,,,,,,,,,,,,,,,,,,,,,,,0,1,1
2026-01-13T09:30:00Z,2026-01-13T10:30:00Z,60,2025-12-17T14:07:59Z,1,643.3669444444445,,0,,,0,,373.0,17.6,0.0,390.6,3,2,1,350.0,46.5,58.5,,,,,,,,,,,,,,,,,,,,,,,,,,,,,,,,,,,,,,,0,1,1
2026-01-13T10:00:00Z,2026-01-13T10:30:00Z,30,2025-12-17T14:07:59Z,1,643.8669444444445,,0,,,0,,373.0,17.6,0.0,390.6,3,2,1,350.0,46.0,58.0,,,,,,,,,,,,,,,,,,,,,,,,,,,,,,,,,,,,,,,0,1,1
2026-01-13T10:00:00Z,2026-01-13T11:00:00Z,60,2025-12-17T14:07:59Z,1,643.8669444444445,,0,,,0,,373.0,17.6,0.0,390.6,3,2,1,350.0,46.0,58.0,,,,,,,,,,,,,,,,,,,,,,,,,,,,,,,,,,,,,,,0,1,1
2026-01-13T10:30:00Z,2026-01-13T11:00:00Z,30,2025-12-17T14:07:59Z,1,644.3669444444445,,0,,,0,,373.0,17.6,0.0,390.6,3,2,1,350.0,45.5,57.5,,,,,,,,,,,,,,,,,,,,,,,,,,,,,,,,,,,,,,,0,1,1
2026-01-13T10:30:00Z,2026-01-13T11:30:00Z,60,2025-12-17T14:07:59Z,1,644.3669444444445,,0,,,0,,373.0,17.6,0.0,390.6,3,2,1,350.0,45.5,57.5,,,,,,,,,,,,,,,,,,,,,,,,,,,,,,,,,,,,,,,0,1,1
2026-01-13T11:00:00Z,2026-01-13T11:30:00Z,30,2025-12-17T14:07:59Z,1,644.8669444444445,,0,,,0,,373.0,17.6,0.0,390.6,3,2,1,350.0,45.0,57.0,,,,,,,,,,,,,,,,,,,,,,,,,,,,,,,,,,,,,,,0,1,1
2026-01-13T11:00:00Z,2026-01-13T12:00:00Z,60,2025-12-17T14:07:59Z,1,644.8669444444445,,0,,,0,,373.0,17.6,0.0,390.6,3,2,1,350.0,45.0,57.0,,,,,,,,,,,,,,,,,,,,,,,,,,,,,,,,,,,,,,,0,1,1
2026-01-13T11:30:00Z,2026-01-13T12:00:00Z,30,2025-12-17T14:07:59Z,1,645.3669444444445,,0,,,0,,373.0,17.6,0.0,390.6,3,2,1,350.0,44.5,56.5,,,,,,,,,,,,,,,,,,,,,,,,,,,,,,,,,,,,,,,0,1,1
2026-01-13T11:30:00Z,2026-01-13T12:30:00Z,60,2025-12-17T14:07:59Z,1,645.3669444444445,,0,,,0,,373.0,17.6,0.0,390.6,3,2,1,350.0,44.5,56.5,,,,,,,,,,,,,,,,,,,,,,,,,,,,,,,,,,,,,,,0,1,1
2026-01-13T12:00:00Z,2026-01-13T12:30:00Z,30,2025-12-17T14:07:59Z,1,645.8669444444445,,0,,,0,,373.0,17.6,0.0,390.6,3,2,1,350.0,44.0,56.0,,,,,,,,,,,,,,,,,,,,,,,,,,,,,,,,,,,,,,,0,1,1
2026-01-13T12:00:00Z,2026-01-13T13:00:00Z,60,2025-12-17T14:07:59Z,1,645.8669444444445,,0,,,0,,373.0,17.6,0.0,390.6,3,2,1,350.0,44.0,56.0,,,,,,,,,,,,,,,,,,,,,,,,,,,,,,,,,,,,,,,0,1,1
2026-01-13T12:30:00Z,2026-01-13T13:00:00Z,30,2025-12-17T14:07:59Z,1,646.3669444444445,,0,,,0,,373.0,17.6,0.0,390.6,3,2,1,350.0,43.5,55.5,,,,,,,,,,,,,,,,,,,,,,,,,,,,,,,,,,,,,,,0,1,1
2026-01-13T12:30:00Z,2026-01-13T13:30:00Z,60,2025-12-17T14:07:59Z,1,646.3669444444445,,0,,,0,,373.0,17.6,0.0,390.6,3,2,1,350.0,43.5,55.5,,,,,,,,,,,,,,,,,,,,,,,,,,,,,,,,,,,,,,,0,1,1
2026-01-13T13:00:00Z,2026-01-13T13:30:00Z,30,2025-12-17T14:07:59Z,1,646.8669444444445,,0,,,0,,373.0,17.6,0.0,390.6,3,2,1,350.0,43.0,55.0,,,,,,,,,,,,,,,,,,,,,,,,,,,,,,,,,,,,,,,0,1,1
2026-01-13T13:00:00Z,2026-01-13T14:00:00Z,60,2025-12-17T14:07:59Z,1,646.8669444444445,,0,,,0,,373.0,17.6,0.0,390.6,3,2,1,350.0,43.0,55.0,,,,,,,,,,,,,,,,,,,,,,,,,,,,,,,,,,,,,,,0,1,1
2026-01-13T13:30:00Z,2026-01-13T14:00:00Z,30,2025-12-17T14:07:59Z,1,647.3669444444445,,0,,,0,,373.0,17.6,0.0,390.6,3,2,1,350.0,42.5,54.5,,,,,,,,,,,,,,,,,,,,,,,,,,,,,,,,,,,,,,,0,1,1
2026-01-13T13:30:00Z,2026-01-13T14:30:00Z,60,2025-12-17T14:07:59Z,1,647.3669444444445,,0,,,0,,373.0,17.6,0.0,390.6,3,2,1,350.0,42.5,54.5,,,,,,,,,,,,,,,,,,,,,,,,,,,,,,,,,,,,,,,0,1,1
2026-01-13T14:00:00Z,2026-01-13T14:30:00Z,30,2025-12-17T14:07:59Z,1,647.8669444444445,,0,,,0,,373.0,17.6,0.0,390.6,3,2,1,350.0,42.0,54.0,,,,,,,,,,,,,,,,,,,,,,,,,,,,,,,,,,,,,,,0,1,1
2026-01-13T14:00:00Z,2026-01-13T15:00:00Z,60,2025-12-17T14:07:59Z,1,647.8669444444445,,0,,,0,,373.0,17.6,0.0,390.6,3,2,1,350.0,42.0,54.0,,,,,,,,,,,,,,,,,,,,,,,,,,,,,,,,,,,,,,,0,1,1
2026-01-13T14:30:00Z,2026-01-13T15:00:00Z,30,2025-12-17T14:07:59Z,1,648.3669444444445,,0,,,0,,373.0,17.6,0.0,390.6,3,2,1,350.0,41.5,53.5,,,,,,,,,,,,,,,,,,,,,,,,,,,,,,,,,,,,,,,0,1,1
2026-01-13T14:30:00Z,2026-01-13T15:30:00Z,60,2025-12-17T14:07:59Z,1,648.3669444444445,,0,,,0,,373.0,17.6,0.0,390.6,3,2,1,350.0,41.5,53.5,,,,,,,,,,,,,,,,,,,,,,,,,,,,,,,,,,,,,,,0,1,1
2026-01-13T15:00:00Z,2026-01-13T15:30:00Z,30,2025-12-17T14:07:59Z,1,648.8669444444445,,0,,,0,,373.0,17.6,0.0,390.6,3,2,1,350.0,41.0,53.0,,,,,,,,,,,,,,,,,,,,,,,,,,,,,,,,,,,,,,,0,1,1
2026-01-13T15:00:00Z,2026-01-13T16:00:00Z,60,2025-12-17T14:07:59Z,1,648.8669444444445,,0,,,0,,373.0,17.6,0.0,390.6,3,2,1,350.0,41.0,53.0,,,,,,,,,,,,,,,,,,,,,,,,,,,,,,,,,,,,,,,0,1,1
2026-01-13T15:30:00Z,2026-01-13T16:00:00Z,30,2025-12-17T14:07:59Z,1,649.3669444444445,,0,,,0,,373.0,17.6,0.0,390.6,3,2,1,350.0,40.5,52.5,,,,,,,,,,,,,,,,,,,,,,,,,,,,,,,,,,,,,,,0,1,1
2026-01-13T15:30:00Z,2026-01-13T16:30:00Z,60,2025-12-17T14:07:59Z,1,649.3669444444445,,0,,,0,,373.0,17.6,0.0,390.6,3,2,1,350.0,40.5,52.5,,,,,,,,,,,,,,,,,,,,,,,,,,,,,,,,,,,,,,,0,1,1
2026-01-13T16:00:00Z,2026-01-13T16:30:00Z,30,2025-12-17T14:07:59Z,1,649.8669444444445,,0,,,0,,373.0,17.6,0.0,390.6,3,2,1,350.0,40.0,52.0,,,,,,,,,,,,,,,,,,,,,,,,,,,,,,,,,,,,,,,0,1,1
2026-01-13T16:00:00Z,2026-01-13T17:00:00Z,60,2025-12-17T14:07:59Z,1,649.8669444444445,,0,,,0,,373.0,17.6,0.0,390.6,3,2,1,350.0,40.0,52.0,,,,,,,,,,,,,,,,,,,,,,,,,,,,,,,,,,,,,,,0,1,1
2026-01-13T16:30:00Z,2026-01-13T17:00:00Z,30,2025-12-17T14:07:59Z,1,650.3669444444445,,0,,,0,,373.0,17.6,0.0,390.6,3,2,1,350.0,39.5,51.5,,,,,,,,,,,,,,,,,,,,,,,,,,,,,,,,,,,,,,,0,1,1
2026-01-13T16:30:00Z,2026-01-13T17:30:00Z,60,2025-12-17T14:07:59Z,1,650.3669444444445,,0,,,0,,373.0,17.6,0.0,390.6,3,2,1,350.0,39.5,51.5,,,,,,,,,,,,,,,,,,,,,,,,,,,,,,,,,,,,,,,0,1,1
2026-01-13T17:00:00Z,2026-01-13T17:30:00Z,30,2025-12-17T14:07:59Z,1,650.8669444444445,,0,,,0,,373.0,17.6,0.0,390.6,3,2,1,350.0,39.0,51.0,,,,,,,,,,,,,,,,,,,,,,,,,,,,,,,,,,,,,,,0,1,1
2026-01-13T17:00:00Z,2026-01-13T18:00:00Z,60,2025-12-17T14:07:59Z,1,650.8669444444445,,0,,,0,,373.0,17.6,0.0,390.6,3,2,1,350.0,39.0,51.0,,,,,,,,,,,,,,,,,,,,,,,,,,,,,,,,,,,,,,,0,1,1
2026-01-13T17:30:00Z,2026-01-13T18:00:00Z,30,2025-12-17T14:07:59Z,1,651.3669444444445,,0,,,0,,373.0,17.6,0.0,390.6,3,2,1,350.0,38.5,50.5,,,,,,,,,,,,,,,,,,,,,,,,,,,,,,,,,,,,,,,0,1,1
2026-01-13T17:30:00Z,2026-01-13T18:30:00Z,60,2025-12-17T14:07:59Z,1,651.3669444444445,,0,,,0,,373.0,17.6,0.0,390.6,3,2,1,350.0,38.5,50.5,,,,,,,,,,,,,,,,,,,,,,,,,,,,,,,,,,,,,,,0,1,1
2026-01-13T18:00:00Z,2026-01-13T18:30:00Z,30,2025-12-17T14:07:59Z,1,651.8669444444445,,0,,,0,,373.0,17.6,0.0,390.6,3,2,1,350.0,38.0,50.0,,,,,,,,,,,,,,,,,,,,,,,,,,,,,,,,,,,,,,,0,1,1
2026-01-13T18:00:00Z,2026-01-13T19:00:00Z,60,2025-12-17T14:07:59Z,1,651.8669444444445,,0,,,0,,373.0,17.6,0.0,390.6,3,2,1,350.0,38.0,50.0,,,,,,,,,,,,,,,,,,,,,,,,,,,,,,,,,,,,,,,0,1,1
2026-01-13T18:30:00Z,2026-01-13T19:00:00Z,30,2025-12-17T14:07:59Z,1,652.3669444444445,,0,,,0,,373.0,17.6,0.0,390.6,3,2,1,350.0,37.5,49.5,,,,,,,,,,,,,,,,,,,,,,,,,,,,,,,,,,,,,,,0,1,1
2026-01-13T18:30:00Z,2026-01-13T19:30:00Z,60,2025-12-17T14:07:59Z,1,652.3669444444445,,0,,,0,,373.0,17.6,0.0,390.6,3,2,1,350.0,37.5,49.5,,,,,,,,,,,,,,,,,,,,,,,,,,,,,,,,,,,,,,,0,1,1
2026-01-13T19:00:00Z,2026-01-13T19:30:00Z,30,2025-12-17T14:07:59Z,1,652.8669444444445,,0,,,0,,373.0,17.6,0.0,390.6,3,2,1,350.0,37.0,49.0,,,,,,,,,,,,,,,,,,,,,,,,,,,,,,,,,,,,,,,0,1,1
2026-01-13T19:00:00Z,2026-01-13T20:00:00Z,60,2025-12-17T14:07:59Z,1,652.8669444444445,,0,,,0,,373.0,17.6,0.0,390.6,3,2,1,350.0,37.0,49.0,,,,,,,,,,,,,,,,,,,,,,,,,,,,,,,,,,,,,,,0,1,1
2026-01-13T19:30:00Z,2026-01-13T20:00:00Z,30,2025-12-17T14:07:59Z,1,653.3669444444445,,0,,,0,,373.0,17.6,0.0,390.6,3,2,1,350.0,36.5,48.5,,,,,,,,,,,,,,,,,,,,,,,,,,,,,,,,,,,,,,,0,1,1
2026-01-13T19:30:00Z,2026-01-13T20:30:00Z,60,2025-12-17T14:07:59Z,1,653.3669444444445,,0,,,0,,373.0,17.6,0.0,390.6,3,2,1,350.0,36.5,48.5,,,,,,,,,,,,,,,,,,,,,,,,,,,,,,,,,,,,,,,0,1,1
2026-01-13T20:00:00Z,2026-01-13T20:30:00Z,30,2025-12-17T14:07:59Z,1,653.8669444444445,,0,,,0,,373.0,17.6,0.0,390.6,3,2,1,350.0,36.0,48.0,,,,,,,,,,,,,,,,,,,,,,,,,,,,,,,,,,,,,,,0,1,1
2026-01-13T20:00:00Z,2026-01-13T21:00:00Z,60,2025-12-17T14:07:59Z,1,653.8669444444445,,0,,,0,,373.0,17.6,0.0,390.6,3,2,1,350.0,36.0,48.0,,,,,,,,,,,,,,,,,,,,,,,,,,,,,,,,,,,,,,,0,1,1
2026-01-13T20:30:00Z,2026-01-13T21:00:00Z,30,2025-12-17T14:07:59Z,1,654.3669444444445,,0,,,0,,373.0,17.6,0.0,390.6,3,2,1,350.0,35.5,47.5,,,,,,,,,,,,,,,,,,,,,,,,,,,,,,,,,,,,,,,0,1,1
2026-01-13T20:30:00Z,2026-01-13T21:30:00Z,60,2025-12-17T14:07:59Z,1,654.3669444444445,,0,,,0,,373.0,17.6,0.0,390.6,3,2,1,350.0,35.5,47.5,,,,,,,,,,,,,,,,,,,,,,,,,,,,,,,,,,,,,,,0,1,1
2026-01-13T21:00:00Z,2026-01-13T21:30:00Z,30,2025-12-17T14:07:59Z,1,654.8669444444445,,0,,,0,,373.0,17.6,0.0,390.6,3,2,1,350.0,35.0,47.0,,,,,,,,,,,,,,,,,,,,,,,,,,,,,,,,,,,,,,,0,1,1
2026-01-13T21:00:00Z,2026-01-13T22:00:00Z,60,2025-12-17T14:07:59Z,1,654.8669444444445,,0,,,0,,373.0,17.6,0.0,390.6,3,2,1,350.0,35.0,47.0,,,,,,,,,,,,,,,,,,,,,,,,,,,,,,,,,,,,,,,0,1,1
2026-01-13T21:30:00Z,2026-01-13T22:00:00Z,30,2025-12-17T14:07:59Z,1,655.3669444444445,,0,,,0,,373.0,17.6,0.0,390.6,3,2,1,350.0,34.5,46.5,,,,,,,,,,,,,,,,,,,,,,,,,,,,,,,,,,,,,,,0,1,1
2026-01-13T21:30:00Z,2026-01-13T22:30:00Z,60,2025-12-17T14:07:59Z,1,655.3669444444445,,0,,,0,,373.0,17.6,0.0,390.6,3,2,1,350.0,34.5,46.5,,,,,,,,,,,,,,,,,,,,,,,,,,,,,,,,,,,,,,,0,1,1
2026-01-13T22:00:00Z,2026-01-13T22:30:00Z,30,2025-12-17T14:07:59Z,1,655.8669444444445,,0,,,0,,373.0,17.6,0.0,390.6,3,2,1,350.0,34.0,46.0,,,,,,,,,,,,,,,,,,,,,,,,,,,,,,,,,,,,,,,0,1,1
2026-01-13T22:00:00Z,2026-01-13T23:00:00Z,60,2025-12-17T14:07:59Z,1,655.8669444444445,,0,,,0,,373.0,17.6,0.0,390.6,3,2,1,350.0,34.0,46.0,,,,,,,,,,,,,,,,,,,,,,,,,,,,,,,,,,,,,,,0,1,1
2026-01-13T22:30:00Z,2026-01-13T23:00:00Z,30,2025-12-17T14:07:59Z,1,656.3669444444445,,0,,,0,,373.0,17.6,0.0,390.6,3,2,1,350.0,33.5,45.5,,,,,,,,,,,,,,,,,,,,,,,,,,,,,,,,,,,,,,,0,1,1
2026-01-13T22:30:00Z,2026-01-13T23:30:00Z,60,2025-12-17T14:07:59Z,1,656.3669444444445,,0,,,0,,373.0,17.6,0.0,390.6,3,2,1,350.0,33.5,45.5,,,,,,,,,,,,,,,,,,,,,,,,,,,,,,,,,,,,,,,0,1,1
2026-01-13T23:00:00Z,2026-01-13T23:30:00Z,30,2025-12-17T14:07:59Z,1,656.8669444444445,,0,,,0,,373.0,17.6,0.0,390.6,3,2,1,350.0,33.0,45.0,,,,,,,,,,,,,,,,,,,,,,,,,,,,,,,,,,,,,,,0,1,1
2026-01-13T23:00:00Z,2026-01-14T00:00:00Z,60,2025-12-17T14:07:59Z,1,656.8669444444445,,0,,,0,,373.0,17.6,0.0,390.6,3,2,1,350.0,33.0,45.0,,,,,,,,,,,,,,,,,,,,,,,,,,,,,,,,,,,,,,,0,1,1
2026-01-13T23:30:00Z,2026-01-14T00:00:00Z,30,2025-12-17T14:07:59Z,1,657.3669444444445,,0,,,0,,373.0,17.6,0.0,390.6,3,2,1,350.0,32.5,44.5,,,,,,,,,,,,,,,,,,,,,,,,,,,,,,,,,,,,,,,0,1,1
2026-01-13T23:30:00Z,2026-01-14T00:30:00Z,60,2025-12-17T14:07:59Z,1,657.3669444444445,,0,,,0,,373.0,17.6,0.0,390.6,3,2,1,350.0,32.5,44.5,,,,,,,,,,,,,,,,,,,,,,,,,,,,,,,,,,,,,,,0,1,1
2026-01-14T00:00:00Z,2026-01-14T00:30:00Z,30,2025-12-17T14:07:59Z,1,657.8669444444445,,0,,,0,,373.0,17.6,0.0,390.6,3,2,1,350.0,32.0,44.0,,,,,,,,,,,,,,,,,,,,,,,,,,,,,,,,,,,,,,,0,1,1
2026-01-14T00:00:00Z,2026-01-14T01:00:00Z,60,2025-12-17T14:07:59Z,1,657.8669444444445,,0,,,0,,373.0,17.6,0.0,390.6,3,2,1,350.0,32.0,44.0,,,,,,,,,,,,,,,,,,,,,,,,,,,,,,,,,,,,,,,0,1,1
2026-01-14T00:30:00Z,2026-01-14T01:00:00Z,30,2025-12-17T14:07:59Z,1,658.3669444444445,,0,,,0,,373.0,17.6,0.0,390.6,3,2,1,350.0,31.5,43.5,,,,,,,,,,,,,,,,,,,,,,,,,,,,,,,,,,,,,,,0,1,1
2026-01-14T00:30:00Z,2026-01-14T01:30:00Z,60,2025-12-17T14:07:59Z,1,658.3669444444445,,0,,,0,,373.0,17.6,0.0,390.6,3,2,1,350.0,31.5,43.5,,,,,,,,,,,,,,,,,,,,,,,,,,,,,,,,,,,,,,,0,1,1
2026-01-14T01:00:00Z,2026-01-14T01:30:00Z,30,2025-12-17T14:07:59Z,1,658.8669444444445,,0,,,0,,373.0,17.6,0.0,390.6,3,2,1,350.0,31.0,43.0,,,,,,,,,,,,,,,,,,,,,,,,,,,,,,,,,,,,,,,0,1,1
2026-01-14T01:00:00Z,2026-01-14T02:00:00Z,60,2025-12-17T14:07:59Z,1,658.8669444444445,,0,,,0,,373.0,17.6,0.0,390.6,3,2,1,350.0,31.0,43.0,,,,,,,,,,,,,,,,,,,,,,,,,,,,,,,,,,,,,,,0,1,1
2026-01-14T01:30:00Z,2026-01-14T02:00:00Z,30,2025-12-17T14:07:59Z,1,659.3669444444445,,0,,,0,,373.0,17.6,0.0,390.6,3,2,1,350.0,30.5,42.5,,,,,,,,,,,,,,,,,,,,,,,,,,,,,,,,,,,,,,,0,1,1
2026-01-14T01:30:00Z,2026-01-14T02:30:00Z,60,2025-12-17T14:07:59Z,1,659.3669444444445,,0,,,0,,373.0,17.6,0.0,390.6,3,2,1,350.0,30.5,42.5,,,,,,,,,,,,,,,,,,,,,,,,,,,,,,,,,,,,,,,0,1,1
2026-01-14T02:00:00Z,2026-01-14T02:30:00Z,30,2025-12-17T14:07:59Z,1,659.8669444444445,,0,,,0,,373.0,17.6,0.0,390.6,3,2,1,350.0,30.0,42.0,,,,,,,,,,,,,,,,,,,,,,,,,,,,,,,,,,,,,,,0,1,1
2026-01-14T02:00:00Z,2026-01-14T03:00:00Z,60,2025-12-17T14:07:59Z,1,659.8669444444445,,0,,,0,,373.0,17.6,0.0,390.6,3,2,1,350.0,30.0,42.0,,,,,,,,,,,,,,,,,,,,,,,,,,,,,,,,,,,,,,,0,1,1
2026-01-14T02:30:00Z,2026-01-14T03:00:00Z,30,2025-12-17T14:07:59Z,1,660.3669444444445,,0,,,0,,373.0,17.6,0.0,390.6,3,2,1,350.0,29.5,41.5,,,,,,,,,,,,,,,,,,,,,,,,,,,,,,,,,,,,,,,0,1,1
2026-01-14T02:30:00Z,2026-01-14T03:30:00Z,60,2025-12-17T14:07:59Z,1,660.3669444444445,,0,,,0,,373.0,17.6,0.0,390.6,3,2,1,350.0,29.5,41.5,,,,,,,,,,,,,,,,,,,,,,,,,,,,,,,,,,,,,,,0,1,1
2026-01-14T03:00:00Z,2026-01-14T03:30:00Z,30,2025-12-17T14:07:59Z,1,660.8669444444445,,0,,,0,,373.0,17.6,0.0,390.6,3,2,1,350.0,29.0,41.0,,,,,,,,,,,,,,,,,,,,,,,,,,,,,,,,,,,,,,,0,1,1
2026-01-14T03:00:00Z,2026-01-14T04:00:00Z,60,2025-12-17T14:07:59Z,1,660.8669444444445,,0,,,0,,373.0,17.6,0.0,390.6,3,2,1,350.0,29.0,41.0,,,,,,,,,,,,,,,,,,,,,,,,,,,,,,,,,,,,,,,0,1,1
2026-01-14T03:30:00Z,2026-01-14T04:00:00Z,30,2025-12-17T14:07:59Z,1,661.3669444444445,,0,,,0,,373.0,17.6,0.0,390.6,3,2,1,350.0,28.5,40.5,,,,,,,,,,,,,,,,,,,,,,,,,,,,,,,,,,,,,,,0,1,1
2026-01-14T03:30:00Z,2026-01-14T04:30:00Z,60,2025-12-17T14:07:59Z,1,661.3669444444445,,0,,,0,,373.0,17.6,0.0,390.6,3,2,1,350.0,28.5,40.5,,,,,,,,,,,,,,,,,,,,,,,,,,,,,,,,,,,,,,,0,1,1
2026-01-14T04:00:00Z,2026-01-14T04:30:00Z,30,2025-12-17T14:07:59Z,1,661.8669444444445,,0,,,0,,373.0,17.6,0.0,390.6,3,2,1,350.0,28.0,40.0,,,,,,,,,,,,,,,,,,,,,,,,,,,,,,,,,,,,,,,0,1,1
2026-01-14T04:00:00Z,2026-01-14T05:00:00Z,60,2025-12-17T14:07:59Z,1,661.8669444444445,,0,,,0,,373.0,17.6,0.0,390.6,3,2,1,350.0,28.0,40.0,,,,,,,,,,,,,,,,,,,,,,,,,,,,,,,,,,,,,,,0,1,1
2026-01-14T04:30:00Z,2026-01-14T05:00:00Z,30,2025-12-17T14:07:59Z,1,662.3669444444445,,0,,,0,,373.0,17.6,0.0,390.6,3,2,1,350.0,27.5,39.5,,,,,,,,,,,,,,,,,,,,,,,,,,,,,,,,,,,,,,,0,1,1
2026-01-14T04:30:00Z,2026-01-14T05:30:00Z,60,2025-12-17T14:07:59Z,1,662.3669444444445,,0,,,0,,373.0,17.6,0.0,390.6,3,2,1,350.0,27.5,39.5,,,,,,,,,,,,,,,,,,,,,,,,,,,,,,,,,,,,,,,0,1,1
2026-01-14T05:00:00Z,2026-01-14T05:30:00Z,30,2025-12-17T14:07:59Z,1,662.8669444444445,,0,,,0,,373.0,17.6,0.0,390.6,3,2,1,350.0,27.0,39.0,,,,,,,,,,,,,,,,,,,,,,,,,,,,,,,,,,,,,,,0,1,1
2026-01-14T05:00:00Z,2026-01-14T06:00:00Z,60,2025-12-17T14:07:59Z,1,662.8669444444445,,0,,,0,,373.0,17.6,0.0,390.6,3,2,1,350.0,27.0,39.0,,,,,,,,,,,,,,,,,,,,,,,,,,,,,,,,,,,,,,,0,1,1
2026-01-14T05:30:00Z,2026-01-14T06:00:00Z,30,2025-12-17T14:07:59Z,1,663.3669444444445,,0,,,0,,373.0,17.6,0.0,390.6,3,2,1,350.0,26.5,38.5,,,,,,,,,,,,,,,,,,,,,,,,,,,,,,,,,,,,,,,0,1,1
2026-01-14T05:30:00Z,2026-01-14T06:30:00Z,60,2025-12-17T14:07:59Z,1,663.3669444444445,,0,,,0,,373.0,17.6,0.0,390.6,3,2,1,350.0,26.5,38.5,,,,,,,,,,,,,,,,,,,,,,,,,,,,,,,,,,,,,,,0,1,1
2026-01-14T06:00:00Z,2026-01-14T06:30:00Z,30,2025-12-17T14:07:59Z,1,663.8669444444445,,0,,,0,,373.0,17.6,0.0,390.6,3,2,1,350.0,26.0,38.0,,,,,,,,,,,,,,,,,,,,,,,,,,,,,,,,,,,,,,,0,1,1
2026-01-14T06:00:00Z,2026-01-14T07:00:00Z,60,2025-12-17T14:07:59Z,1,663.8669444444445,,0,,,0,,373.0,17.6,0.0,390.6,3,2,1,350.0,26.0,38.0,,,,,,,,,,,,,,,,,,,,,,,,,,,,,,,,,,,,,,,0,1,1
2026-01-14T06:30:00Z,2026-01-14T07:00:00Z,30,2025-12-17T14:07:59Z,1,664.3669444444445,,0,,,0,,373.0,17.6,0.0,390.6,3,2,1,350.0,25.5,37.5,,,,,,,,,,,,,,,,,,,,,,,,,,,,,,,,,,,,,,,0,1,1
2026-01-14T06:30:00Z,2026-01-14T07:30:00Z,60,2025-12-17T14:07:59Z,1,664.3669444444445,,0,,,0,,373.0,17.6,0.0,390.6,3,2,1,350.0,25.5,37.5,,,,,,,,,,,,,,,,,,,,,,,,,,,,,,,,,,,,,,,0,1,1
2026-01-14T07:00:00Z,2026-01-14T07:30:00Z,30,2025-12-17T14:07:59Z,1,664.8669444444445,,0,,,0,,373.0,17.6,0.0,390.6,3,2,1,350.0,25.0,37.0,,,,,,,,,,,,,,,,,,,,,,,,,,,,,,,,,,,,,,,0,1,1
2026-01-14T07:00:00Z,2026-01-14T08:00:00Z,60,2025-12-17T14:07:59Z,1,664.8669444444445,,0,,,0,,373.0,17.6,0.0,390.6,3,2,1,350.0,25.0,37.0,,,,,,,,,,,,,,,,,,,,,,,,,,,,,,,,,,,,,,,0,1,1
2026-01-14T07:30:00Z,2026-01-14T08:00:00Z,30,2025-12-17T14:07:59Z,1,665.3669444444445,,0,,,0,,373.0,17.6,0.0,390.6,3,2,1,350.0,24.5,36.5,,,,,,,,,,,,,,,,,,,,,,,,,,,,,,,,,,,,,,,0,1,1
2026-01-14T07:30:00Z,2026-01-14T08:30:00Z,60,2025-12-17T14:07:59Z,1,665.3669444444445,,0,,,0,,373.0,17.6,0.0,390.6,3,2,1,350.0,24.5,36.5,,,,,,,,,,,,,,,,,,,,,,,,,,,,,,,,,,,,,,,0,1,1
2026-01-14T08:00:00Z,2026-01-14T08:30:00Z,30,2025-12-17T14:07:59Z,1,665.8669444444445,,0,,,0,,373.0,17.6,0.0,390.6,3,2,1,350.0,24.0,36.0,,,,,,,,,,,,,,,,,,,,,,,,,,,,,,,,,,,,,,,0,1,1
2026-01-14T08:00:00Z,2026-01-14T09:00:00Z,60,2025-12-17T14:07:59Z,1,665.8669444444445,,0,,,0,,373.0,17.6,0.0,390.6,3,2,1,350.0,24.0,36.0,,,,,,,,,,,,,,,,,,,,,,,,,,,,,,,,,,,,,,,0,1,1
2026-01-14T08:30:00Z,2026-01-14T09:00:00Z,30,2025-12-17T14:07:59Z,1,666.3669444444445,,0,,,0,,373.0,17.6,0.0,390.6,3,2,1,350.0,23.5,35.5,,,,,,,,,,,,,,,,,,,,,,,,,,,,,,,,,,,,,,,0,1,1
2026-01-14T08:30:00Z,2026-01-14T09:30:00Z,60,2025-12-17T14:07:59Z,1,666.3669444444445,,0,,,0,,373.0,17.6,0.0,390.6,3,2,1,350.0,23.5,35.5,,,,,,,,,,,,,,,,,,,,,,,,,,,,,,,,,,,,,,,0,1,1
2026-01-14T09:00:00Z,2026-01-14T09:30:00Z,30,2025-12-17T14:07:59Z,1,666.8669444444445,,0,,,0,,373.0,17.6,0.0,390.6,3,2,1,350.0,23.0,35.0,,,,,,,,,,,,,,,,,,,,,,,,,,,,,,,,,,,,,,,0,1,1
2026-01-14T09:00:00Z,2026-01-14T10:00:00Z,60,2025-12-17T14:07:59Z,1,666.8669444444445,,0,,,0,,373.0,17.6,0.0,390.6,3,2,1,350.0,23.0,35.0,,,,,,,,,,,,,,,,,,,,,,,,,,,,,,,,,,,,,,,0,1,1
2026-01-14T09:30:00Z,2026-01-14T10:00:00Z,30,2025-12-17T14:07:59Z,1,667.3669444444445,,0,,,0,,373.0,17.6,0.0,390.6,3,2,1,350.0,22.5,34.5,,,,,,,,,,,,,,,,,,,,,,,,,,,,,,,,,,,,,,,0,1,1
2026-01-14T09:30:00Z,2026-01-14T10:30:00Z,60,2025-12-17T14:07:59Z,1,667.3669444444445,,0,,,0,,373.0,17.6,0.0,390.6,3,2,1,350.0,22.5,34.5,,,,,,,,,,,,,,,,,,,,,,,,,,,,,,,,,,,,,,,0,1,1
2026-01-14T10:00:00Z,2026-01-14T10:30:00Z,30,2025-12-17T14:07:59Z,1,667.8669444444445,,0,,,0,,373.0,17.6,0.0,390.6,3,2,1,350.0,22.0,34.0,,,,,,,,,,,,,,,,,,,,,,,,,,,,,,,,,,,,,,,0,1,1
2026-01-14T10:00:00Z,2026-01-14T11:00:00Z,60,2025-12-17T14:07:59Z,1,667.8669444444445,,0,,,0,,373.0,17.6,0.0,390.6,3,2,1,350.0,22.0,34.0,,,,,,,,,,,,,,,,,,,,,,,,,,,,,,,,,,,,,,,0,1,1
2026-01-14T10:30:00Z,2026-01-14T11:00:00Z,30,2025-12-17T14:07:59Z,1,668.3669444444445,,0,,,0,,373.0,17.6,0.0,390.6,3,2,1,350.0,21.5,33.5,,,,,,,,,,,,,,,,,,,,,,,,,,,,,,,,,,,,,,,0,1,1
2026-01-14T10:30:00Z,2026-01-14T11:30:00Z,60,2025-12-17T14:07:59Z,1,668.3669444444445,,0,,,0,,373.0,17.6,0.0,390.6,3,2,1,350.0,21.5,33.5,,,,,,,,,,,,,,,,,,,,,,,,,,,,,,,,,,,,,,,0,1,1
2026-01-14T11:00:00Z,2026-01-14T11:30:00Z,30,2025-12-17T14:07:59Z,1,668.8669444444445,,0,,,0,,373.0,17.6,0.0,390.6,3,2,1,350.0,21.0,33.0,,,,,,,,,,,,,,,,,,,,,,,,,,,,,,,,,,,,,,,0,1,1
2026-01-14T11:00:00Z,2026-01-14T12:00:00Z,60,2025-12-17T14:07:59Z,1,668.8669444444445,,0,,,0,,373.0,17.6,0.0,390.6,3,2,1,350.0,21.0,33.0,,,,,,,,,,,,,,,,,,,,,,,,,,,,,,,,,,,,,,,0,1,1
2026-01-14T11:30:00Z,2026-01-14T12:00:00Z,30,2025-12-17T14:07:59Z,1,669.3669444444445,,0,,,0,,373.0,17.6,0.0,390.6,3,2,1,350.0,20.5,32.5,,,,,,,,,,,,,,,,,,,,,,,,,,,,,,,,,,,,,,,0,1,1
2026-01-14T11:30:00Z,2026-01-14T12:30:00Z,60,2025-12-17T14:07:59Z,1,669.3669444444445,,0,,,0,,373.0,17.6,0.0,390.6,3,2,1,350.0,20.5,32.5,,,,,,,,,,,,,,,,,,,,,,,,,,,,,,,,,,,,,,,0,1,1
2026-01-14T12:00:00Z,2026-01-14T12:30:00Z,30,2025-12-17T14:07:59Z,1,669.8669444444445,,0,,,0,,373.0,17.6,0.0,390.6,3,2,1,350.0,20.0,32.0,,,,,,,,,,,,,,,,,,,,,,,,,,,,,,,,,,,,,,,0,1,1
2026-01-14T12:00:00Z,2026-01-14T13:00:00Z,60,2025-12-17T14:07:59Z,1,669.8669444444445,,0,,,0,,373.0,17.6,0.0,390.6,3,2,1,350.0,20.0,32.0,,,,,,,,,,,,,,,,,,,,,,,,,,,,,,,,,,,,,,,0,1,1
2026-01-14T12:30:00Z,2026-01-14T13:00:00Z,30,2025-12-17T14:07:59Z,1,670.3669444444445,,0,,,0,,373.0,17.6,0.0,390.6,3,2,1,350.0,19.5,31.5,,,,,,,,,,,,,,,,,,,,,,,,,,,,,,,,,,,,,,,0,1,1
2026-01-14T12:30:00Z,2026-01-14T13:30:00Z,60,2025-12-17T14:07:59Z,1,670.3669444444445,,0,,,0,,373.0,17.6,0.0,390.6,3,2,1,350.0,19.5,31.5,,,,,,,,,,,,,,,,,,,,,,,,,,,,,,,,,,,,,,,0,1,1
2026-01-14T13:00:00Z,2026-01-14T13:30:00Z,30,2025-12-17T14:07:59Z,1,670.8669444444445,,0,,,0,,373.0,17.6,0.0,390.6,3,2,1,350.0,19.0,31.0,,,,,,,,,,,,,,,,,,,,,,,,,,,,,,,,,,,,,,,0,1,1
2026-01-14T13:00:00Z,2026-01-14T14:00:00Z,60,2025-12-17T14:07:59Z,1,670.8669444444445,,0,,,0,,373.0,17.6,0.0,390.6,3,2,1,350.0,19.0,31.0,,,,,,,,,,,,,,,,,,,,,,,,,,,,,,,,,,,,,,,0,1,1
2026-01-14T13:30:00Z,2026-01-14T14:00:00Z,30,2025-12-17T14:07:59Z,1,671.3669444444445,,0,,,0,,373.0,17.6,0.0,390.6,3,2,1,350.0,18.5,30.5,,,,,,,,,,,,,,,,,,,,,,,,,,,,,,,,,,,,,,,0,1,1
2026-01-14T13:30:00Z,2026-01-14T14:30:00Z,60,2025-12-17T14:07:59Z,1,671.3669444444445,,0,,,0,,373.0,17.6,0.0,390.6,3,2,1,350.0,18.5,30.5,,,,,,,,,,,,,,,,,,,,,,,,,,,,,,,,,,,,,,,0,1,1
2026-01-14T14:00:00Z,2026-01-14T14:30:00Z,30,2025-12-17T14:07:59Z,1,671.8669444444445,,0,,,0,,373.0,17.6,0.0,390.6,3,2,1,350.0,18.0,30.0,,,,,,,,,,,,,,,,,,,,,,,,,,,,,,,,,,,,,,,0,1,1
2026-01-14T14:00:00Z,2026-01-14T15:00:00Z,60,2025-12-17T14:07:59Z,1,671.8669444444445,,0,,,0,,373.0,17.6,0.0,390.6,3,2,1,350.0,18.0,30.0,,,,,,,,,,,,,,,,,,,,,,,,,,,,,,,,,,,,,,,0,1,1
2026-01-14T14:30:00Z,2026-01-14T15:00:00Z,30,2025-12-17T14:07:59Z,1,672.3669444444445,,0,,,0,,373.0,17.6,0.0,390.6,3,2,1,350.0,17.5,29.5,,,,,,,,,,,,,,,,,,,,,,,,,,,,,,,,,,,,,,,0,1,1
2026-01-14T14:30:00Z,2026-01-14T15:30:00Z,60,2025-12-17T14:07:59Z,1,672.3669444444445,,0,,,0,,373.0,17.6,0.0,390.6,3,2,1,350.0,17.5,29.5,,,,,,,,,,,,,,,,,,,,,,,,,,,,,,,,,,,,,,,0,1,1
2026-01-14T16:00:00Z,2026-01-14T16:30:00Z,30,2025-12-17T14:07:59Z,1,673.8669444444445,,0,,,0,,373.0,17.6,0.0,390.6,3,2,1,350.0,16.0,28.0,,,,,,,,,,,,,,,,,,,,,,,,,,,,,,,,,,,,,,,0,1,1
2026-01-14T16:00:00Z,2026-01-14T17:00:00Z,60,2025-12-17T14:07:59Z,1,673.8669444444445,,0,,,0,,373.0,17.6,0.0,390.6,3,2,1,350.0,16.0,28.0,,,,,,,,,,,,,,,,,,,,,,,,,,,,,,,,,,,,,,,0,1,1
2026-01-14T16:30:00Z,2026-01-14T17:00:00Z,30,2025-12-17T14:07:59Z,1,674.3669444444445,,0,,,0,,373.0,17.6,0.0,390.6,3,2,1,350.0,15.5,27.5,,,,,,,,,,,,,,,,,,,,,,,,,,,,,,,,,,,,,,,0,1,1
2026-01-14T16:30:00Z,2026-01-14T17:30:00Z,60,2025-12-17T14:07:59Z,1,674.3669444444445,,0,,,0,,373.0,17.6,0.0,390.6,3,2,1,350.0,15.5,27.5,,,,,,,,,,,,,,,,,,,,,,,,,,,,,,,,,,,,,,,0,1,1
2026-01-14T17:00:00Z,2026-01-14T17:30:00Z,30,2025-12-17T14:07:59Z,1,674.8669444444445,,0,,,0,,373.0,17.6,0.0,390.6,3,2,1,350.0,15.0,27.0,,,,,,,,,,,,,,,,,,,,,,,,,,,,,,,,,,,,,,,0,1,1
2026-01-14T17:00:00Z,2026-01-14T18:00:00Z,60,2025-12-17T14:07:59Z,1,674.8669444444445,,0,,,0,,373.0,17.6,0.0,390.6,3,2,1,350.0,15.0,27.0,,,,,,,,,,,,,,,,,,,,,,,,,,,,,,,,,,,,,,,0,1,1
2026-01-14T17:30:00Z,2026-01-14T18:00:00Z,30,2025-12-17T14:07:59Z,1,675.3669444444445,,0,,,0,,373.0,17.6,0.0,390.6,3,2,1,350.0,14.5,26.5,,,,,,,,,,,,,,,,,,,,,,,,,,,,,,,,,,,,,,,0,1,1
2026-01-14T17:30:00Z,2026-01-14T18:30:00Z,60,2025-12-17T14:07:59Z,1,675.3669444444445,,0,,,0,,373.0,17.6,0.0,390.6,3,2,1,350.0,14.5,26.5,,,,,,,,,,,,,,,,,,,,,,,,,,,,,,,,,,,,,,,0,1,1
2026-01-14T18:00:00Z,2026-01-14T18:30:00Z,30,2025-12-17T14:07:59Z,1,675.8669444444445,,0,,,0,,373.0,17.6,0.0,390.6,3,2,1,350.0,14.0,26.0,,,,,,,,,,,,,,,,,,,,,,,,,,,,,,,,,,,,,,,0,1,1
2026-01-14T18:00:00Z,2026-01-14T19:00:00Z,60,2025-12-17T14:07:59Z,1,675.8669444444445,,0,,,0,,373.0,17.6,0.0,390.6,3,2,1,350.0,14.0,26.0,,,,,,,,,,,,,,,,,,,,,,,,,,,,,,,,,,,,,,,0,1,1
2026-01-14T18:30:00Z,2026-01-14T19:00:00Z,30,2025-12-17T14:07:59Z,1,676.3669444444445,,0,,,0,,373.0,17.6,0.0,390.6,3,2,1,350.0,13.5,25.5,,,,,,,,,,,,,,,,,,,,,,,,,,,,,,,,,,,,,,,0,1,1
2026-01-14T18:30:00Z,2026-01-14T19:30:00Z,60,2025-12-17T14:07:59Z,1,676.3669444444445,,0,,,0,,373.0,17.6,0.0,390.6,3,2,1,350.0,13.5,25.5,,,,,,,,,,,,,,,,,,,,,,,,,,,,,,,,,,,,,,,0,1,1
2026-01-14T19:00:00Z,2026-01-14T19:30:00Z,30,2025-12-17T14:07:59Z,1,676.8669444444445,,0,,,0,,373.0,17.6,0.0,390.6,3,2,1,350.0,13.0,25.0,,,,,,,,,,,,,,,,,,,,,,,,,,,,,,,,,,,,,,,0,1,1
2026-01-14T19:00:00Z,2026-01-14T20:00:00Z,60,2025-12-17T14:07:59Z,1,676.8669444444445,,0,,,0,,373.0,17.6,0.0,390.6,3,2,1,350.0,13.0,25.0,,,,,,,,,,,,,,,,,,,,,,,,,,,,,,,,,,,,,,,0,1,1
2026-01-14T19:30:00Z,2026-01-14T20:00:00Z,30,2025-12-17T14:07:59Z,1,677.3669444444445,,0,,,0,,373.0,17.6,0.0,390.6,3,2,1,350.0,12.5,24.5,,,,,,,,,,,,,,,,,,,,,,,,,,,,,,,,,,,,,,,0,1,1
2026-01-14T19:30:00Z,2026-01-14T20:30:00Z,60,2025-12-17T14:07:59Z,1,677.3669444444445,,0,,,0,,373.0,17.6,0.0,390.6,3,2,1,350.0,12.5,24.5,,,,,,,,,,,,,,,,,,,,,,,,,,,,,,,,,,,,,,,0,1,1
2026-01-14T20:00:00Z,2026-01-14T20:30:00Z,30,2025-12-17T14:07:59Z,1,677.8669444444445,,0,,,0,,373.0,17.6,0.0,390.6,3,2,1,350.0,12.0,24.0,,,,,,,,,,,,,,,,,,,,,,,,,,,,,,,,,,,,,,,0,1,1
2026-01-14T20:00:00Z,2026-01-14T21:00:00Z,60,2025-12-17T14:07:59Z,1,677.8669444444445,,0,,,0,,373.0,17.6,0.0,390.6,3,2,1,350.0,12.0,24.0,,,,,,,,,,,,,,,,,,,,,,,,,,,,,,,,,,,,,,,0,1,1
2026-01-14T20:30:00Z,2026-01-14T21:00:00Z,30,2025-12-17T14:07:59Z,1,678.3669444444445,,0,,,0,,373.0,17.6,0.0,390.6,3,2,1,350.0,11.5,23.5,,,,,,,,,,,,,,,,,,,,,,,,,,,,,,,,,,,,,,,0,1,1
2026-01-14T20:30:00Z,2026-01-14T21:30:00Z,60,2025-12-17T14:07:59Z,1,678.3669444444445,,0,,,0,,373.0,17.6,0.0,390.6,3,2,1,350.0,11.5,23.5,,,,,,,,,,,,,,,,,,,,,,,,,,,,,,,,,,,,,,,0,1,1
2026-01-14T21:00:00Z,2026-01-14T21:30:00Z,30,2025-12-17T14:07:59Z,1,678.8669444444445,,0,,,0,,373.0,17.6,0.0,390.6,3,2,1,350.0,11.0,23.0,,,,,,,,,,,,,,,,,,,,,,,,,,,,,,,,,,,,,,,0,1,1
2026-01-14T21:00:00Z,2026-01-14T22:00:00Z,60,2025-12-17T14:07:59Z,1,678.8669444444445,,0,,,0,,373.0,17.6,0.0,390.6,3,2,1,350.0,11.0,23.0,,,,,,,,,,,,,,,,,,,,,,,,,,,,,,,,,,,,,,,0,1,1
2026-01-14T21:30:00Z,2026-01-14T22:00:00Z,30,2025-12-17T14:07:59Z,1,679.3669444444445,,0,,,0,,373.0,17.6,0.0,390.6,3,2,1,350.0,10.5,22.5,,,,,,,,,,,,,,,,,,,,,,,,,,,,,,,,,,,,,,,0,1,1
2026-01-14T21:30:00Z,2026-01-14T22:30:00Z,60,2025-12-17T14:07:59Z,1,679.3669444444445,,0,,,0,,373.0,17.6,0.0,390.6,3,2,1,350.0,10.5,22.5,,,,,,,,,,,,,,,,,,,,,,,,,,,,,,,,,,,,,,,0,1,1
2026-01-14T22:00:00Z,2026-01-14T22:30:00Z,30,2025-12-17T14:07:59Z,1,679.8669444444445,,0,,,0,,373.0,17.6,0.0,390.6,3,2,1,350.0,10.0,22.0,,,,,,,,,,,,,,,,,,,,,,,,,,,,,,,,,,,,,,,0,1,1
2026-01-14T22:00:00Z,2026-01-14T23:00:00Z,60,2025-12-17T14:07:59Z,1,679.8669444444445,,0,,,0,,373.0,17.6,0.0,390.6,3,2,1,350.0,10.0,22.0,,,,,,,,,,,,,,,,,,,,,,,,,,,,,,,,,,,,,,,0,1,1
2026-01-14T22:30:00Z,2026-01-14T23:00:00Z,30,2025-12-17T14:07:59Z,1,680.3669444444445,,0,,,0,,373.0,17.6,0.0,390.6,3,2,1,350.0,9.5,21.5,,,,,,,,,,,,,,,,,,,,,,,,,,,,,,,,,,,,,,,0,1,1
2026-01-14T22:30:00Z,2026-01-14T23:30:00Z,60,2025-12-17T14:07:59Z,1,680.3669444444445,,0,,,0,,373.0,17.6,0.0,390.6,3,2,1,350.0,9.5,21.5,,,,,,,,,,,,,,,,,,,,,,,,,,,,,,,,,,,,,,,0,1,1
2026-01-14T23:00:00Z,2026-01-14T23:30:00Z,30,2025-12-17T14:07:59Z,1,680.8669444444445,,0,,,0,,373.0,17.6,0.0,390.6,3,2,1,350.0,9.0,21.0,,,,,,,,,,,,,,,,,,,,,,,,,,,,,,,,,,,,,,,0,1,1
2026-01-14T23:00:00Z,2026-01-15T00:00:00Z,60,2025-12-17T14:07:59Z,1,680.8669444444445,,0,,,0,,373.0,17.6,0.0,390.6,3,2,1,350.0,9.0,21.0,,,,,,,,,,,,,,,,,,,,,,,,,,,,,,,,,,,,,,,0,1,1
2026-01-14T23:30:00Z,2026-01-15T00:00:00Z,30,2025-12-17T14:07:59Z,1,681.3669444444445,,0,,,0,,373.0,17.6,0.0,390.6,3,2,1,350.0,8.5,20.5,,,,,,,,,,,,,,,,,,,,,,,,,,,,,,,,,,,,,,,0,1,1
2026-01-14T23:30:00Z,2026-01-15T00:30:00Z,60,2025-12-17T14:07:59Z,1,681.3669444444445,,0,,,0,,373.0,17.6,0.0,390.6,3,2,1,350.0,8.5,20.5,,,,,,,,,,,,,,,,,,,,,,,,,,,,,,,,,,,,,,,0,1,1
2026-01-15T00:00:00Z,2026-01-15T00:30:00Z,30,2025-12-17T14:07:59Z,1,681.8669444444445,,0,,,0,,373.0,17.6,0.0,390.6,3,2,1,350.0,8.0,20.0,,,,,,,,,,,,,,,,,,,,,,,,,,,,,,,,,,,,,,,0,1,1
2026-01-15T00:00:00Z,2026-01-15T01:00:00Z,60,2025-12-17T14:07:59Z,1,681.8669444444445,,0,,,0,,373.0,17.6,0.0,390.6,3,2,1,350.0,8.0,20.0,,,,,,,,,,,,,,,,,,,,,,,,,,,,,,,,,,,,,,,0,1,1
2026-01-15T00:30:00Z,2026-01-15T01:00:00Z,30,2025-12-17T14:07:59Z,1,682.3669444444445,,0,,,0,,373.0,17.6,0.0,390.6,3,2,1,350.0,7.5,19.5,,,,,,,,,,,,,,,,,,,,,,,,,,,,,,,,,,,,,,,0,1,1
2026-01-15T00:30:00Z,2026-01-15T01:30:00Z,60,2025-12-17T14:07:59Z,1,682.3669444444445,,0,,,0,,373.0,17.6,0.0,390.6,3,2,1,350.0,7.5,19.5,,,,,,,,,,,,,,,,,,,,,,,,,,,,,,,,,,,,,,,0,1,1
2026-01-15T01:00:00Z,2026-01-15T01:30:00Z,30,2025-12-17T14:07:59Z,1,682.8669444444445,,0,,,0,,373.0,17.6,0.0,390.6,3,2,1,350.0,7.0,19.0,,,,,,,,,,,,,,,,,,,,,,,,,,,,,,,,,,,,,,,0,1,1
2026-01-15T01:00:00Z,2026-01-15T02:00:00Z,60,2025-12-17T14:07:59Z,1,682.8669444444445,,0,,,0,,373.0,17.6,0.0,390.6,3,2,1,350.0,7.0,19.0,,,,,,,,,,,,,,,,,,,,,,,,,,,,,,,,,,,,,,,0,1,1
2026-01-15T01:30:00Z,2026-01-15T02:00:00Z,30,2025-12-17T14:07:59Z,1,683.3669444444445,,0,,,0,,373.0,17.6,0.0,390.6,3,2,1,350.0,6.5,18.5,,,,,,,,,,,,,,,,,,,,,,,,,,,,,,,,,,,,,,,0,1,1
2026-01-15T01:30:00Z,2026-01-15T02:30:00Z,60,2025-12-17T14:07:59Z,1,683.3669444444445,,0,,,0,,373.0,17.6,0.0,390.6,3,2,1,350.0,6.5,18.5,,,,,,,,,,,,,,,,,,,,,,,,,,,,,,,,,,,,,,,0,1,1
2026-01-15T02:00:00Z,2026-01-15T02:30:00Z,30,2025-12-17T14:07:59Z,1,683.8669444444445,,0,,,0,,373.0,17.6,0.0,390.6,3,2,1,350.0,6.0,18.0,,,,,,,,,,,,,,,,,,,,,,,,,,,,,,,,,,,,,,,0,1,1
2026-01-15T02:00:00Z,2026-01-15T03:00:00Z,60,2025-12-17T14:07:59Z,1,683.8669444444445,,0,,,0,,373.0,17.6,0.0,390.6,3,2,1,350.0,6.0,18.0,,,,,,,,,,,,,,,,,,,,,,,,,,,,,,,,,,,,,,,0,1,1
2026-01-15T02:30:00Z,2026-01-15T03:00:00Z,30,2025-12-17T14:07:59Z,1,684.3669444444445,,0,,,0,,373.0,17.6,0.0,390.6,3,2,1,350.0,5.5,17.5,,,,,,,,,,,,,,,,,,,,,,,,,,,,,,,,,,,,,,,0,1,1
2026-01-15T02:30:00Z,2026-01-15T03:30:00Z,60,2025-12-17T14:07:59Z,1,684.3669444444445,,0,,,0,,373.0,17.6,0.0,390.6,3,2,1,350.0,5.5,17.5,,,,,,,,,,,,,,,,,,,,,,,,,,,,,,,,,,,,,,,0,1,1
2026-01-15T03:00:00Z,2026-01-15T03:30:00Z,30,2025-12-17T14:07:59Z,1,684.8669444444445,,0,,,0,,373.0,17.6,0.0,390.6,3,2,1,350.0,5.0,17.0,,,,,,,,,,,,,,,,,,,,,,,,,,,,,,,,,,,,,,,0,1,1
2026-01-15T03:00:00Z,2026-01-15T04:00:00Z,60,2025-12-17T14:07:59Z,1,684.8669444444445,,0,,,0,,373.0,17.6,0.0,390.6,3,2,1,350.0,5.0,17.0,,,,,,,,,,,,,,,,,,,,,,,,,,,,,,,,,,,,,,,0,1,1
2026-01-15T03:30:00Z,2026-01-15T04:00:00Z,30,2025-12-17T14:07:59Z,1,685.3669444444445,,0,,,0,,373.0,17.6,0.0,390.6,3,2,1,350.0,4.5,16.5,,,,,,,,,,,,,,,,,,,,,,,,,,,,,,,,,,,,,,,0,1,1
2026-01-15T03:30:00Z,2026-01-15T04:30:00Z,60,2025-12-17T14:07:59Z,1,685.3669444444445,,0,,,0,,373.0,17.6,0.0,390.6,3,2,1,350.0,4.5,16.5,,,,,,,,,,,,,,,,,,,,,,,,,,,,,,,,,,,,,,,0,1,1
2026-01-15T04:00:00Z,2026-01-15T04:30:00Z,30,2025-12-17T14:07:59Z,1,685.8669444444445,,0,,,0,,373.0,17.6,0.0,390.6,3,2,1,350.0,4.0,16.0,,,,,,,,,,,,,,,,,,,,,,,,,,,,,,,,,,,,,,,0,1,1
2026-01-15T04:00:00Z,2026-01-15T05:00:00Z,60,2025-12-17T14:07:59Z,1,685.8669444444445,,0,,,0,,373.0,17.6,0.0,390.6,3,2,1,350.0,4.0,16.0,,,,,,,,,,,,,,,,,,,,,,,,,,,,,,,,,,,,,,,0,1,1
2026-01-15T04:30:00Z,2026-01-15T05:00:00Z,30,2025-12-17T14:07:59Z,1,686.3669444444445,,0,,,0,,373.0,17.6,0.0,390.6,3,2,1,350.0,3.5,15.5,,,,,,,,,,,,,,,,,,,,,,,,,,,,,,,,,,,,,,,0,1,1
2026-01-15T04:30:00Z,2026-01-15T05:30:00Z,60,2025-12-17T14:07:59Z,1,686.3669444444445,,0,,,0,,373.0,17.6,0.0,390.6,3,2,1,350.0,3.5,15.5,,,,,,,,,,,,,,,,,,,,,,,,,,,,,,,,,,,,,,,0,1,1
2026-01-15T05:00:00Z,2026-01-15T05:30:00Z,30,2025-12-17T14:07:59Z,1,686.8669444444445,,0,,,0,,373.0,17.6,0.0,390.6,3,2,1,350.0,3.0,15.0,,,,,,,,,,,,,,,,,,,,,,,,,,,,,,,,,,,,,,,0,1,1
2026-01-15T05:00:00Z,2026-01-15T06:00:00Z,60,2025-12-17T14:07:59Z,1,686.8669444444445,,0,,,0,,373.0,17.6,0.0,390.6,3,2,1,350.0,3.0,15.0,,,,,,,,,,,,,,,,,,,,,,,,,,,,,,,,,,,,,,,0,1,1
2026-01-15T05:30:00Z,2026-01-15T06:00:00Z,30,2025-12-17T14:07:59Z,1,687.3669444444445,,0,,,0,,373.0,17.6,0.0,390.6,3,2,1,350.0,2.5,14.5,,,,,,,,,,,,,,,,,,,,,,,,,,,,,,,,,,,,,,,0,1,1
2026-01-15T05:30:00Z,2026-01-15T06:30:00Z,60,2025-12-17T14:07:59Z,1,687.3669444444445,,0,,,0,,373.0,17.6,0.0,390.6,3,2,1,350.0,2.5,14.5,,,,,,,,,,,,,,,,,,,,,,,,,,,,,,,,,,,,,,,0,1,1
2026-01-15T06:00:00Z,2026-01-15T06:30:00Z,30,2025-12-17T14:07:59Z,1,687.8669444444445,,0,,,0,,373.0,17.6,0.0,390.6,3,2,1,350.0,2.0,14.0,,,,,,,,,,,,,,,,,,,,,,,,,,,,,,,,,,,,,,,0,1,1
2026-01-15T06:00:00Z,2026-01-15T07:00:00Z,60,2025-12-17T14:07:59Z,1,687.8669444444445,,0,,,0,,373.0,17.6,0.0,390.6,3,2,1,350.0,2.0,14.0,,,,,,,,,,,,,,,,,,,,,,,,,,,,,,,,,,,,,,,0,1,1
2026-01-15T06:30:00Z,2026-01-15T07:00:00Z,30,2025-12-17T14:07:59Z,1,688.3669444444445,,0,,,0,,373.0,17.6,0.0,390.6,3,2,1,350.0,1.5,13.5,,,,,,,,,,,,,,,,,,,,,,,,,,,,,,,,,,,,,,,0,1,1
2026-01-15T06:30:00Z,2026-01-15T07:30:00Z,60,2025-12-17T14:07:59Z,1,688.3669444444445,,0,,,0,,373.0,17.6,0.0,390.6,3,2,1,350.0,1.5,13.5,,,,,,,,,,,,,,,,,,,,,,,,,,,,,,,,,,,,,,,0,1,1
2026-01-15T07:00:00Z,2026-01-15T07:30:00Z,30,2025-12-17T14:07:59Z,1,688.8669444444445,,0,,,0,,373.0,17.6,0.0,390.6,3,2,1,350.0,1.0,13.0,,,,,,,,,,,,,,,,,,,,,,,,,,,,,,,,,,,,,,,0,1,1
2026-01-15T07:00:00Z,2026-01-15T08:00:00Z,60,2025-12-17T14:07:59Z,1,688.8669444444445,,0,,,0,,373.0,17.6,29.0,419.6,4,2,1,350.0,1.0,9.0,,,,,,,,,,,,,,,,,,,,,,,,,,,,,,,,,,,,,,,0,1,1
2026-01-15T07:30:00Z,2026-01-15T08:00:00Z,30,2025-12-17T14:07:59Z,1,689.3669444444445,,0,,,0,,373.0,17.6,29.0,419.6,4,2,1,350.0,0.5,8.5,,,,,,,,,,,,,,,,,,,,,,,,,,,,,,,,,,,,,,,0,1,1
2026-01-15T07:30:00Z,2026-01-15T08:30:00Z,60,2025-12-17T14:07:59Z,1,689.3669444444445,,0,,,0,,373.0,17.6,29.0,419.6,4,2,1,350.0,0.5,8.5,,,,,,,,,,,,,,,,,,,,,,,,,,,,,,,,,,,,,,,0,1,1
2026-01-15T08:00:00Z,2026-01-15T08:30:00Z,30,2025-12-17T14:07:59Z,1,689.8669444444445,,0,,,0,,373.0,17.6,29.0,419.6,4,2,1,350.0,73.0,8.0,,,,,,,,,,,,,,,,,,,,,,,,,,,,,,,,,,,,,,,0,1,1
2026-01-15T08:00:00Z,2026-01-15T09:00:00Z,60,2025-12-17T14:07:59Z,1,689.8669444444445,,0,,,0,,373.0,17.6,29.0,419.6,4,2,1,350.0,73.0,8.0,,,,,,,,,,,,,,,,,,,,,,,,,,,,,,,,,,,,,,,0,1,1
2026-01-15T08:30:00Z,2026-01-15T09:00:00Z,30,2025-12-17T14:07:59Z,1,690.3669444444445,,0,,,0,,373.0,17.6,29.0,419.6,4,2,1,350.0,72.5,7.5,,,,,,,,,,,,,,,,,,,,,,,,,,,,,,,,,,,,,,,0,1,1
2026-01-15T08:30:00Z,2026-01-15T09:30:00Z,60,2025-12-17T14:07:59Z,1,690.3669444444445,,0,,,0,,373.0,17.6,29.0,419.6,4,2,1,350.0,72.5,7.5,,,,,,,,,,,,,,,,,,,,,,,,,,,,,,,,,,,,,,,0,1,1
2026-01-15T09:00:00Z,2026-01-15T09:30:00Z,30,2025-12-17T14:07:59Z,1,690.8669444444445,,0,,,0,,373.0,17.6,29.0,419.6,4,2,1,350.0,72.0,7.0,,,,,,,,,,,,,,,,,,,,,,,,,,,,,,,,,,,,,,,0,1,1
2026-01-15T09:00:00Z,2026-01-15T10:00:00Z,60,2025-12-17T14:07:59Z,1,690.8669444444445,,0,,,0,,373.0,17.6,29.0,419.6,4,2,1,350.0,72.0,7.0,,,,,,,,,,,,,,,,,,,,,,,,,,,,,,,,,,,,,,,0,1,1
2026-01-15T09:30:00Z,2026-01-15T10:00:00Z,30,2025-12-17T14:07:59Z,1,691.3669444444445,,0,,,0,,373.0,17.6,29.0,419.6,4,2,1,350.0,71.5,6.5,,,,,,,,,,,,,,,,,,,,,,,,,,,,,,,,,,,,,,,0,1,1
2026-01-15T09:30:00Z,2026-01-15T10:30:00Z,60,2025-12-17T14:07:59Z,1,691.3669444444445,,0,,,0,,373.0,17.6,29.0,419.6,4,2,1,350.0,71.5,6.5,,,,,,,,,,,,,,,,,,,,,,,,,,,,,,,,,,,,,,,0,1,1
2026-01-15T10:00:00Z,2026-01-15T10:30:00Z,30,2025-12-17T14:07:59Z,1,691.8669444444445,,0,,,0,,373.0,17.6,29.0,419.6,4,2,1,350.0,71.0,6.0,,,,,,,,,,,,,,,,,,,,,,,,,,,,,,,,,,,,,,,0,1,1
2026-01-15T10:00:00Z,2026-01-15T11:00:00Z,60,2025-12-17T14:07:59Z,1,691.8669444444445,,0,,,0,,373.0,17.6,29.0,419.6,4,2,1,350.0,71.0,6.0,,,,,,,,,,,,,,,,,,,,,,,,,,,,,,,,,,,,,,,0,1,1
2026-01-15T10:30:00Z,2026-01-15T11:00:00Z,30,2025-12-17T14:07:59Z,1,692.3669444444445,,0,,,0,,373.0,17.6,29.0,419.6,4,2,1,350.0,70.5,5.5,,,,,,,,,,,,,,,,,,,,,,,,,,,,,,,,,,,,,,,0,1,1
2026-01-15T10:30:00Z,2026-01-15T11:30:00Z,60,2025-12-17T14:07:59Z,1,692.3669444444445,,0,,,0,,373.0,17.6,29.0,419.6,4,2,1,350.0,70.5,5.5,,,,,,,,,,,,,,,,,,,,,,,,,,,,,,,,,,,,,,,0,1,1
2026-01-15T11:00:00Z,2026-01-15T11:30:00Z,30,2025-12-17T14:07:59Z,1,692.8669444444445,,0,,,0,,373.0,17.6,29.0,419.6,4,2,1,350.0,70.0,5.0,,,,,,,,,,,,,,,,,,,,,,,,,,,,,,,,,,,,,,,0,1,1
2026-01-15T11:00:00Z,2026-01-15T12:00:00Z,60,2025-12-17T14:07:59Z,1,692.8669444444445,,0,,,0,,373.0,17.6,29.0,419.6,4,2,1,350.0,70.0,5.0,,,,,,,,,,,,,,,,,,,,,,,,,,,,,,,,,,,,,,,0,1,1
2026-01-15T11:30:00Z,2026-01-15T12:00:00Z,30,2025-12-17T14:07:59Z,1,693.3669444444445,,0,,,0,,373.0,17.6,29.0,419.6,4,2,1,350.0,69.5,4.5,,,,,,,,,,,,,,,,,,,,,,,,,,,,,,,,,,,,,,,0,1,1
2026-01-15T11:30:00Z,2026-01-15T12:30:00Z,60,2025-12-17T14:07:59Z,1,693.3669444444445,,0,,,0,,373.0,17.6,29.0,419.6,4,2,1,350.0,69.5,4.5,,,,,,,,,,,,,,,,,,,,,,,,,,,,,,,,,,,,,,,0,1,1
2026-01-15T12:00:00Z,2026-01-15T12:30:00Z,30,2025-12-17T14:07:59Z,1,693.8669444444445,,0,,,0,,373.0,17.6,29.0,419.6,4,2,1,350.0,69.0,4.0,,,,,,,,,,,,,,,,,,,,,,,,,,,,,,,,,,,,,,,0,1,1
2026-01-15T12:00:00Z,2026-01-15T13:00:00Z,60,2025-12-17T14:07:59Z,1,693.8669444444445,,0,,,0,,373.0,17.6,29.0,419.6,4,2,1,350.0,69.0,4.0,,,,,,,,,,,,,,,,,,,,,,,,,,,,,,,,,,,,,,,0,1,1
2026-01-15T12:30:00Z,2026-01-15T13:00:00Z,30,2025-12-17T14:07:59Z,1,694.3669444444445,,0,,,0,,373.0,17.6,29.0,419.6,4,2,1,350.0,68.5,3.5,,,,,,,,,,,,,,,,,,,,,,,,,,,,,,,,,,,,,,,0,1,1
2026-01-15T12:30:00Z,2026-01-15T13:30:00Z,60,2025-12-17T14:07:59Z,1,694.3669444444445,,0,,,0,,373.0,17.6,29.0,419.6,4,2,1,350.0,68.5,3.5,,,,,,,,,,,,,,,,,,,,,,,,,,,,,,,,,,,,,,,0,1,1
2026-01-15T13:00:00Z,2026-01-15T13:30:00Z,30,2025-12-17T14:07:59Z,1,694.8669444444445,,0,,,0,,373.0,17.6,29.0,419.6,4,2,1,350.0,68.0,3.0,,,,,,,,,,,,,,,,,,,,,,,,,,,,,,,,,,,,,,,0,1,1
2026-01-15T13:00:00Z,2026-01-15T14:00:00Z,60,2025-12-17T14:07:59Z,1,694.8669444444445,,0,,,0,,373.0,17.6,29.0,419.6,4,2,1,350.0,68.0,3.0,,,,,,,,,,,,,,,,,,,,,,,,,,,,,,,,,,,,,,,0,1,1
2026-01-15T13:30:00Z,2026-01-15T14:00:00Z,30,2025-12-17T14:07:59Z,1,695.3669444444445,,0,,,0,,373.0,17.6,29.0,419.6,4,2,1,350.0,67.5,2.5,,,,,,,,,,,,,,,,,,,,,,,,,,,,,,,,,,,,,,,0,1,1
2026-01-15T13:30:00Z,2026-01-15T14:30:00Z,60,2025-12-17T14:07:59Z,1,695.3669444444445,,0,,,0,,373.0,17.6,29.0,419.6,4,2,1,350.0,67.5,2.5,,,,,,,,,,,,,,,,,,,,,,,,,,,,,,,,,,,,,,,0,1,1
2026-01-15T14:00:00Z,2026-01-15T14:30:00Z,30,2025-12-17T14:07:59Z,1,695.8669444444445,,0,,,0,,373.0,17.6,29.0,419.6,4,2,1,350.0,67.0,2.0,,,,,,,,,,,,,,,,,,,,,,,,,,,,,,,,,,,,,,,0,1,1
2026-01-15T14:00:00Z,2026-01-15T15:00:00Z,60,2025-12-17T14:07:59Z,1,695.8669444444445,,0,,,0,,373.0,17.6,29.0,419.6,4,2,1,350.0,67.0,2.0,,,,,,,,,,,,,,,,,,,,,,,,,,,,,,,,,,,,,,,0,1,1
2026-01-15T14:30:00Z,2026-01-15T15:00:00Z,30,2025-12-17T14:07:59Z,1,696.3669444444445,,0,,,0,,373.0,17.6,29.0,419.6,4,2,1,350.0,66.5,1.5,,,,,,,,,,,,,,,,,,,,,,,,,,,,,,,,,,,,,,,0,1,1
2026-01-15T14:30:00Z,2026-01-15T15:30:00Z,60,2025-12-17T14:07:59Z,1,696.3669444444445,,0,,,0,,373.0,17.6,29.0,419.6,4,2,1,350.0,66.5,1.5,,,,,,,,,,,,,,,,,,,,,,,,,,,,,,,,,,,,,,,0,1,1
2026-01-15T15:00:00Z,2026-01-15T15:30:00Z,30,2025-12-17T14:07:59Z,1,696.8669444444445,,0,,,0,,373.0,17.6,29.0,419.6,4,2,1,350.0,66.0,1.0,,,,,,,,,,,,,,,,,,,,,,,,,,,,,,,,,,,,,,,0,1,1
2026-01-15T15:00:00Z,2026-01-15T16:00:00Z,60,2025-12-17T14:07:59Z,1,696.8669444444445,,0,,,0,,373.0,17.6,0.0,390.6,3,2,1,350.0,66.0,5.0,,,,,,,,,,,,,,,,,,,,,,,,,,,,,,,,,,,,,,,0,1,1
2026-01-15T15:30:00Z,2026-01-15T16:00:00Z,30,2025-12-17T14:07:59Z,1,697.3669444444445,,0,,,0,,373.0,17.6,0.0,390.6,3,2,1,350.0,65.5,4.5,,,,,,,,,,,,,,,,,,,,,,,,,,,,,,,,,,,,,,,0,1,1
2026-01-15T15:30:00Z,2026-01-15T16:30:00Z,60,2025-12-17T14:07:59Z,1,697.3669444444445,,0,,,0,,373.0,17.6,0.0,390.6,3,2,1,350.0,65.5,4.5,,,,,,,,,,,,,,,,,,,,,,,,,,,,,,,,,,,,,,,0,1,1
2026-01-15T16:00:00Z,2026-01-15T16:30:00Z,30,2025-12-17T14:07:59Z,1,697.8669444444445,,0,,,0,,373.0,17.6,0.0,390.6,3,2,1,350.0,65.0,4.0,,,,,,,,,,,,,,,,,,,,,,,,,,,,,,,,,,,,,,,0,1,1
2026-01-15T16:00:00Z,2026-01-15T17:00:00Z,60,2025-12-17T14:07:59Z,1,697.8669444444445,,0,,,0,,373.0,17.6,0.0,390.6,3,2,1,350.0,65.0,4.0,,,,,,,,,,,,,,,,,,,,,,,,,,,,,,,,,,,,,,,0,1,1
2026-01-15T16:30:00Z,2026-01-15T17:00:00Z,30,2025-12-17T14:07:59Z,1,698.3669444444445,,0,,,0,,373.0,17.6,0.0,390.6,3,2,1,350.0,64.5,3.5,,,,,,,,,,,,,,,,,,,,,,,,,,,,,,,,,,,,,,,0,1,1
2026-01-15T16:30:00Z,2026-01-15T17:30:00Z,60,2025-12-17T14:07:59Z,1,698.3669444444445,,0,,,0,,373.0,17.6,0.0,390.6,3,2,1,350.0,64.5,3.5,,,,,,,,,,,,,,,,,,,,,,,,,,,,,,,,,,,,,,,0,1,1
2026-01-15T17:00:00Z,2026-01-15T17:30:00Z,30,2025-12-17T14:07:59Z,1,698.8669444444445,,0,,,0,,373.0,17.6,0.0,390.6,3,2,1,350.0,64.0,3.0,,,,,,,,,,,,,,,,,,,,,,,,,,,,,,,,,,,,,,,0,1,1
2026-01-15T17:00:00Z,2026-01-15T18:00:00Z,60,2025-12-17T14:07:59Z,1,698.8669444444445,,0,,,0,,373.0,17.6,0.0,390.6,3,2,1,350.0,64.0,3.0,,,,,,,,,,,,,,,,,,,,,,,,,,,,,,,,,,,,,,,0,1,1
2026-01-15T17:30:00Z,2026-01-15T18:00:00Z,30,2025-12-17T14:07:59Z,1,699.3669444444445,,0,,,0,,373.0,17.6,0.0,390.6,3,2,1,350.0,63.5,2.5,,,,,,,,,,,,,,,,,,,,,,,,,,,,,,,,,,,,,,,0,1,1
2026-01-15T17:30:00Z,2026-01-15T18:30:00Z,60,2025-12-17T14:07:59Z,1,699.3669444444445,,0,,,0,,373.0,17.6,0.0,390.6,3,2,1,350.0,63.5,2.5,,,,,,,,,,,,,,,,,,,,,,,,,,,,,,,,,,,,,,,0,1,1
2026-01-15T18:00:00Z,2026-01-15T18:30:00Z,30,2025-12-17T14:07:59Z,1,699.8669444444445,,0,,,0,,373.0,17.6,0.0,390.6,3,2,1,350.0,63.0,2.0,,,,,,,,,,,,,,,,,,,,,,,,,,,,,,,,,,,,,,,0,1,1
2026-01-15T18:00:00Z,2026-01-15T19:00:00Z,60,2025-12-17T14:07:59Z,1,699.8669444444445,,0,,,0,,373.0,17.6,0.0,390.6,3,2,1,350.0,63.0,2.0,,,,,,,,,,,,,,,,,,,,,,,,,,,,,,,,,,,,,,,0,1,1
2026-01-15T18:30:00Z,2026-01-15T19:00:00Z,30,2025-12-17T14:07:59Z,1,700.3669444444445,,0,,,0,,373.0,17.6,0.0,390.6,3,2,1,350.0,62.5,1.5,,,,,,,,,,,,,,,,,,,,,,,,,,,,,,,,,,,,,,,0,1,1
2026-01-15T18:30:00Z,2026-01-15T19:30:00Z,60,2025-12-17T14:07:59Z,1,700.3669444444445,,0,,,0,,373.0,17.6,0.0,390.6,3,2,1,350.0,62.5,1.5,,,,,,,,,,,,,,,,,,,,,,,,,,,,,,,,,,,,,,,0,1,1
2026-01-15T19:00:00Z,2026-01-15T19:30:00Z,30,2025-12-17T14:07:59Z,1,700.8669444444445,,0,,,0,,373.0,17.6,0.0,390.6,3,2,1,350.0,62.0,1.0,,,,,,,,,,,,,,,,,,,,,,,,,,,,,,,,,,,,,,,0,1,1
2026-01-15T19:00:00Z,2026-01-15T20:00:00Z,60,2025-12-17T14:07:59Z,1,700.8669444444445,,0,,,0,,23.0,17.6,0.0,40.6,2,1,1,23.0,62.0,23.0,,,,,,,,,,,,,,,,,,,,,,,,,,,,,,,,,,,,,,,0,1,1
2026-01-15T19:30:00Z,2026-01-15T20:00:00Z,30,2025-12-17T14:07:59Z,1,701.3669444444445,,0,,,0,,23.0,17.6,0.0,40.6,2,1,1,23.0,61.5,22.5,,,,,,,,,,,,,,,,,,,,,,,,,,,,,,,,,,,,,,,0,1,1
2026-01-15T19:30:00Z,2026-01-15T20:30:00Z,60,2025-12-17T14:07:59Z,1,701.3669444444445,,0,,,0,,23.0,17.6,0.0,40.6,2,1,1,23.0,61.5,22.5,,,,,,,,,,,,,,,,,,,,,,,,,,,,,,,,,,,,,,,0,1,1
2026-01-15T20:00:00Z,2026-01-15T20:30:00Z,30,2025-12-17T14:07:59Z,1,701.8669444444445,,0,,,0,,23.0,17.6,0.0,40.6,2,1,1,23.0,61.0,22.0,,,,,,,,,,,,,,,,,,,,,,,,,,,,,,,,,,,,,,,0,1,1
2026-01-15T20:00:00Z,2026-01-15T21:00:00Z,60,2025-12-17T14:07:59Z,1,701.8669444444445,,0,,,0,,23.0,17.6,0.0,40.6,2,1,1,23.0,61.0,22.0,,,,,,,,,,,,,,,,,,,,,,,,,,,,,,,,,,,,,,,0,1,1
2026-01-15T20:30:00Z,2026-01-15T21:00:00Z,30,2025-12-17T14:07:59Z,1,702.3669444444445,,0,,,0,,23.0,17.6,0.0,40.6,2,1,1,23.0,60.5,21.5,,,,,,,,,,,,,,,,,,,,,,,,,,,,,,,,,,,,,,,0,1,1
2026-01-15T20:30:00Z,2026-01-15T21:30:00Z,60,2025-12-17T14:07:59Z,1,702.3669444444445,,0,,,0,,23.0,17.6,0.0,40.6,2,1,1,23.0,60.5,21.5,,,,,,,,,,,,,,,,,,,,,,,,,,,,,,,,,,,,,,,0,1,1
2026-01-15T21:00:00Z,2026-01-15T21:30:00Z,30,2025-12-17T14:07:59Z,1,702.8669444444445,,0,,,0,,23.0,17.6,0.0,40.6,2,1,1,23.0,60.0,21.0,,,,,,,,,,,,,,,,,,,,,,,,,,,,,,,,,,,,,,,0,1,1
2026-01-15T21:00:00Z,2026-01-15T22:00:00Z,60,2025-12-17T14:07:59Z,1,702.8669444444445,,0,,,0,,23.0,17.6,0.0,40.6,2,1,1,23.0,60.0,21.0,,,,,,,,,,,,,,,,,,,,,,,,,,,,,,,,,,,,,,,0,1,1
2026-01-15T21:30:00Z,2026-01-15T22:00:00Z,30,2025-12-17T14:07:59Z,1,703.3669444444445,,0,,,0,,23.0,17.6,0.0,40.6,2,1,1,23.0,59.5,20.5,,,,,,,,,,,,,,,,,,,,,,,,,,,,,,,,,,,,,,,0,1,1
2026-01-15T21:30:00Z,2026-01-15T22:30:00Z,60,2025-12-17T14:07:59Z,1,703.3669444444445,,0,,,0,,23.0,17.6,0.0,40.6,2,1,1,23.0,59.5,20.5,,,,,,,,,,,,,,,,,,,,,,,,,,,,,,,,,,,,,,,0,1,1
2026-01-15T22:00:00Z,2026-01-15T22:30:00Z,30,2025-12-17T14:07:59Z,1,703.8669444444445,,0,,,0,,23.0,17.6,0.0,40.6,2,1,1,23.0,59.0,20.0,,,,,,,,,,,,,,,,,,,,,,,,,,,,,,,,,,,,,,,0,1,1
2026-01-15T22:00:00Z,2026-01-15T23:00:00Z,60,2025-12-17T14:07:59Z,1,703.8669444444445,,0,,,0,,23.0,17.6,0.0,40.6,2,1,1,23.0,59.0,20.0,,,,,,,,,,,,,,,,,,,,,,,,,,,,,,,,,,,,,,,0,1,1
2026-01-15T22:30:00Z,2026-01-15T23:00:00Z,30,2025-12-17T14:07:59Z,1,704.3669444444445,,0,,,0,,23.0,17.6,0.0,40.6,2,1,1,23.0,58.5,19.5,,,,,,,,,,,,,,,,,,,,,,,,,,,,,,,,,,,,,,,0,1,1
2026-01-15T22:30:00Z,2026-01-15T23:30:00Z,60,2025-12-17T14:07:59Z,1,704.3669444444445,,0,,,0,,23.0,17.6,0.0,40.6,2,1,1,23.0,58.5,19.5,,,,,,,,,,,,,,,,,,,,,,,,,,,,,,,,,,,,,,,0,1,1
2026-01-15T23:00:00Z,2026-01-15T23:30:00Z,30,2025-12-17T14:07:59Z,1,704.8669444444445,,0,,,0,,23.0,17.6,0.0,40.6,2,1,1,23.0,58.0,19.0,,,,,,,,,,,,,,,,,,,,,,,,,,,,,,,,,,,,,,,0,1,1
2026-01-15T23:00:00Z,2026-01-16T00:00:00Z,60,2025-12-17T14:07:59Z,1,704.8669444444445,,0,,,0,,23.0,17.6,0.0,40.6,2,1,1,23.0,58.0,19.0,,,,,,,,,,,,,,,,,,,,,,,,,,,,,,,,,,,,,,,0,1,1
2026-01-15T23:30:00Z,2026-01-16T00:00:00Z,30,2025-12-17T14:07:59Z,1,705.3669444444445,,0,,,0,,23.0,17.6,0.0,40.6,2,1,1,23.0,57.5,18.5,,,,,,,,,,,,,,,,,,,,,,,,,,,,,,,,,,,,,,,0,1,1
2026-01-15T23:30:00Z,2026-01-16T00:30:00Z,60,2025-12-17T14:07:59Z,1,705.3669444444445,,0,,,0,,23.0,17.6,0.0,40.6,2,1,1,23.0,57.5,18.5,,,,,,,,,,,,,,,,,,,,,,,,,,,,,,,,,,,,,,,0,1,1
2026-01-16T00:00:00Z,2026-01-16T00:30:00Z,30,2025-12-17T14:07:59Z,1,705.8669444444445,,0,,,0,,23.0,17.6,0.0,40.6,2,1,1,23.0,57.0,18.0,,,,,,,,,,,,,,,,,,,,,,,,,,,,,,,,,,,,,,,0,1,1
2026-01-16T00:00:00Z,2026-01-16T01:00:00Z,60,2025-12-17T14:07:59Z,1,705.8669444444445,,0,,,0,,23.0,17.6,0.0,40.6,2,1,1,23.0,57.0,18.0,,,,,,,,,,,,,,,,,,,,,,,,,,,,,,,,,,,,,,,0,1,1
2026-01-16T00:30:00Z,2026-01-16T01:00:00Z,30,2025-12-17T14:07:59Z,1,706.3669444444445,,0,,,0,,23.0,17.6,0.0,40.6,2,1,1,23.0,56.5,17.5,,,,,,,,,,,,,,,,,,,,,,,,,,,,,,,,,,,,,,,0,1,1
2026-01-16T00:30:00Z,2026-01-16T01:30:00Z,60,2025-12-17T14:07:59Z,1,706.3669444444445,,0,,,0,,23.0,17.6,0.0,40.6,2,1,1,23.0,56.5,17.5,,,,,,,,,,,,,,,,,,,,,,,,,,,,,,,,,,,,,,,0,1,1
2026-01-16T01:00:00Z,2026-01-16T01:30:00Z,30,2025-12-17T14:07:59Z,1,706.8669444444445,,0,,,0,,23.0,17.6,0.0,40.6,2,1,1,23.0,56.0,17.0,,,,,,,,,,,,,,,,,,,,,,,,,,,,,,,,,,,,,,,0,1,1
2026-01-16T01:00:00Z,2026-01-16T02:00:00Z,60,2025-12-17T14:07:59Z,1,706.8669444444445,,0,,,0,,23.0,17.6,0.0,40.6,2,1,1,23.0,56.0,17.0,,,,,,,,,,,,,,,,,,,,,,,,,,,,,,,,,,,,,,,0,1,1
2026-01-16T01:30:00Z,2026-01-16T02:00:00Z,30,2025-12-17T14:07:59Z,1,707.3669444444445,,0,,,0,,23.0,17.6,0.0,40.6,2,1,1,23.0,55.5,16.5,,,,,,,,,,,,,,,,,,,,,,,,,,,,,,,,,,,,,,,0,1,1
2026-01-16T01:30:00Z,2026-01-16T02:30:00Z,60,2025-12-17T14:07:59Z,1,707.3669444444445,,0,,,0,,23.0,17.6,0.0,40.6,2,1,1,23.0,55.5,16.5,,,,,,,,,,,,,,,,,,,,,,,,,,,,,,,,,,,,,,,0,1,1
2026-01-16T02:00:00Z,2026-01-16T02:30:00Z,30,2025-12-17T14:07:59Z,1,707.8669444444445,,0,,,0,,23.0,17.6,0.0,40.6,2,1,1,23.0,55.0,16.0,,,,,,,,,,,,,,,,,,,,,,,,,,,,,,,,,,,,,,,0,1,1
2026-01-16T02:00:00Z,2026-01-16T03:00:00Z,60,2025-12-17T14:07:59Z,1,707.8669444444445,,0,,,0,,23.0,17.6,0.0,40.6,2,1,1,23.0,55.0,16.0,,,,,,,,,,,,,,,,,,,,,,,,,,,,,,,,,,,,,,,0,1,1
2026-01-16T02:30:00Z,2026-01-16T03:00:00Z,30,2025-12-17T14:07:59Z,1,708.3669444444445,,0,,,0,,23.0,17.6,0.0,40.6,2,1,1,23.0,54.5,15.5,,,,,,,,,,,,,,,,,,,,,,,,,,,,,,,,,,,,,,,0,1,1
2026-01-16T02:30:00Z,2026-01-16T03:30:00Z,60,2025-12-17T14:07:59Z,1,708.3669444444445,,0,,,0,,23.0,17.6,0.0,40.6,2,1,1,23.0,54.5,15.5,,,,,,,,,,,,,,,,,,,,,,,,,,,,,,,,,,,,,,,0,1,1
2026-01-16T03:00:00Z,2026-01-16T03:30:00Z,30,2025-12-17T14:07:59Z,1,708.8669444444445,,0,,,0,,23.0,17.6,0.0,40.6,2,1,1,23.0,54.0,15.0,,,,,,,,,,,,,,,,,,,,,,,,,,,,,,,,,,,,,,,0,1,1
2026-01-16T03:00:00Z,2026-01-16T04:00:00Z,60,2025-12-17T14:07:59Z,1,708.8669444444445,,0,,,0,,23.0,17.6,0.0,40.6,2,1,1,23.0,54.0,15.0,,,,,,,,,,,,,,,,,,,,,,,,,,,,,,,,,,,,,,,0,1,1
2026-01-16T03:30:00Z,2026-01-16T04:00:00Z,30,2025-12-17T14:07:59Z,1,709.3669444444445,,0,,,0,,23.0,17.6,0.0,40.6,2,1,1,23.0,53.5,14.5,,,,,,,,,,,,,,,,,,,,,,,,,,,,,,,,,,,,,,,0,1,1
2026-01-16T03:30:00Z,2026-01-16T04:30:00Z,60,2025-12-17T14:07:59Z,1,709.3669444444445,,0,,,0,,23.0,17.6,0.0,40.6,2,1,1,23.0,53.5,14.5,,,,,,,,,,,,,,,,,,,,,,,,,,,,,,,,,,,,,,,0,1,1
2026-01-16T04:00:00Z,2026-01-16T04:30:00Z,30,2025-12-17T14:07:59Z,1,709.8669444444445,,0,,,0,,23.0,17.6,0.0,40.6,2,1,1,23.0,53.0,14.0,,,,,,,,,,,,,,,,,,,,,,,,,,,,,,,,,,,,,,,0,1,1
2026-01-16T04:00:00Z,2026-01-16T05:00:00Z,60,2025-12-17T14:07:59Z,1,709.8669444444445,,0,,,0,,23.0,17.6,0.0,40.6,2,1,1,23.0,53.0,14.0,,,,,,,,,,,,,,,,,,,,,,,,,,,,,,,,,,,,,,,0,1,1
2026-01-16T04:30:00Z,2026-01-16T05:00:00Z,30,2025-12-17T14:07:59Z,1,710.3669444444445,,0,,,0,,23.0,17.6,0.0,40.6,2,1,1,23.0,52.5,13.5,,,,,,,,,,,,,,,,,,,,,,,,,,,,,,,,,,,,,,,0,1,1
2026-01-16T04:30:00Z,2026-01-16T05:30:00Z,60,2025-12-17T14:07:59Z,1,710.3669444444445,,0,,,0,,23.0,17.6,0.0,40.6,2,1,1,23.0,52.5,13.5,,,,,,,,,,,,,,,,,,,,,,,,,,,,,,,,,,,,,,,0,1,1
2026-01-16T05:00:00Z,2026-01-16T05:30:00Z,30,2025-12-17T14:07:59Z,1,710.8669444444445,,0,,,0,,23.0,17.6,0.0,40.6,2,1,1,23.0,52.0,13.0,,,,,,,,,,,,,,,,,,,,,,,,,,,,,,,,,,,,,,,0,1,1
2026-01-16T05:00:00Z,2026-01-16T06:00:00Z,60,2025-12-17T14:07:59Z,1,710.8669444444445,,0,,,0,,23.0,17.6,0.0,40.6,2,1,1,23.0,52.0,13.0,,,,,,,,,,,,,,,,,,,,,,,,,,,,,,,,,,,,,,,0,1,1
2026-01-16T05:30:00Z,2026-01-16T06:00:00Z,30,2025-12-17T14:07:59Z,1,711.3669444444445,,0,,,0,,23.0,17.6,0.0,40.6,2,1,1,23.0,51.5,12.5,,,,,,,,,,,,,,,,,,,,,,,,,,,,,,,,,,,,,,,0,1,1
2026-01-16T05:30:00Z,2026-01-16T06:30:00Z,60,2025-12-17T14:07:59Z,1,711.3669444444445,,0,,,0,,23.0,17.6,0.0,40.6,2,1,1,23.0,51.5,12.5,,,,,,,,,,,,,,,,,,,,,,,,,,,,,,,,,,,,,,,0,1,1
2026-01-16T06:00:00Z,2026-01-16T06:30:00Z,30,2025-12-17T14:07:59Z,1,711.8669444444445,,0,,,0,,23.0,17.6,0.0,40.6,2,1,1,23.0,51.0,12.0,,,,,,,,,,,,,,,,,,,,,,,,,,,,,,,,,,,,,,,0,1,1
2026-01-16T06:00:00Z,2026-01-16T07:00:00Z,60,2025-12-17T14:07:59Z,1,711.8669444444445,,0,,,0,,23.0,17.6,0.0,40.6,2,1,1,23.0,51.0,12.0,,,,,,,,,,,,,,,,,,,,,,,,,,,,,,,,,,,,,,,0,1,1
2026-01-16T06:30:00Z,2026-01-16T07:00:00Z,30,2025-12-17T14:07:59Z,1,712.3669444444445,,0,,,0,,23.0,17.6,0.0,40.6,2,1,1,23.0,50.5,11.5,,,,,,,,,,,,,,,,,,,,,,,,,,,,,,,,,,,,,,,0,1,1
2026-01-16T06:30:00Z,2026-01-16T07:30:00Z,60,2025-12-17T14:07:59Z,1,712.3669444444445,,0,,,0,,23.0,17.6,0.0,40.6,2,1,1,23.0,50.5,11.5,,,,,,,,,,,,,,,,,,,,,,,,,,,,,,,,,,,,,,,0,1,1
2026-01-16T07:00:00Z,2026-01-16T07:30:00Z,30,2025-12-17T14:07:59Z,1,712.8669444444445,,0,,,0,,23.0,17.6,0.0,40.6,2,1,1,23.0,50.0,11.0,,,,,,,,,,,,,,,,,,,,,,,,,,,,,,,,,,,,,,,0,1,1
2026-01-16T07:00:00Z,2026-01-16T08:00:00Z,60,2025-12-17T14:07:59Z,1,712.8669444444445,,0,,,0,,23.0,17.6,0.0,40.6,2,1,1,23.0,50.0,11.0,,,,,,,,,,,,,,,,,,,,,,,,,,,,,,,,,,,,,,,0,1,1
2026-01-16T07:30:00Z,2026-01-16T08:00:00Z,30,2025-12-17T14:07:59Z,1,713.3669444444445,,0,,,0,,23.0,17.6,0.0,40.6,2,1,1,23.0,49.5,10.5,,,,,,,,,,,,,,,,,,,,,,,,,,,,,,,,,,,,,,,0,1,1
2026-01-16T07:30:00Z,2026-01-16T08:30:00Z,60,2025-12-17T14:07:59Z,1,713.3669444444445,,0,,,0,,23.0,17.6,0.0,40.6,2,1,1,23.0,49.5,10.5,,,,,,,,,,,,,,,,,,,,,,,,,,,,,,,,,,,,,,,0,1,1
2026-01-16T08:00:00Z,2026-01-16T08:30:00Z,30,2025-12-17T14:07:59Z,1,713.8669444444445,,0,,,0,,23.0,17.6,0.0,40.6,2,1,1,23.0,49.0,10.0,,,,,,,,,,,,,,,,,,,,,,,,,,,,,,,,,,,,,,,0,1,1
2026-01-16T08:00:00Z,2026-01-16T09:00:00Z,60,2025-12-17T14:07:59Z,1,713.8669444444445,,0,,,0,,23.0,17.6,0.0,40.6,2,1,1,23.0,49.0,10.0,,,,,,,,,,,,,,,,,,,,,,,,,,,,,,,,,,,,,,,0,1,1
2026-01-16T08:30:00Z,2026-01-16T09:00:00Z,30,2025-12-17T14:07:59Z,1,714.3669444444445,,0,,,0,,23.0,17.6,0.0,40.6,2,1,1,23.0,48.5,9.5,,,,,,,,,,,,,,,,,,,,,,,,,,,,,,,,,,,,,,,0,1,1
2026-01-16T08:30:00Z,2026-01-16T09:30:00Z,60,2025-12-17T14:07:59Z,1,714.3669444444445,,0,,,0,,23.0,17.6,0.0,40.6,2,1,1,23.0,48.5,9.5,,,,,,,,,,,,,,,,,,,,,,,,,,,,,,,,,,,,,,,0,1,1
2026-01-16T09:00:00Z,2026-01-16T09:30:00Z,30,2025-12-17T14:07:59Z,1,714.8669444444445,,0,,,0,,23.0,17.6,0.0,40.6,2,1,1,23.0,48.0,9.0,,,,,,,,,,,,,,,,,,,,,,,,,,,,,,,,,,,,,,,0,1,1
2026-01-16T09:00:00Z,2026-01-16T10:00:00Z,60,2025-12-17T14:07:59Z,1,714.8669444444445,,0,,,0,,23.0,17.6,0.0,40.6,2,1,1,23.0,48.0,9.0,,,,,,,,,,,,,,,,,,,,,,,,,,,,,,,,,,,,,,,0,1,1
2026-01-16T09:30:00Z,2026-01-16T10:00:00Z,30,2025-12-17T14:07:59Z,1,715.3669444444445,,0,,,0,,23.0,17.6,0.0,40.6,2,1,1,23.0,47.5,8.5,,,,,,,,,,,,,,,,,,,,,,,,,,,,,,,,,,,,,,,0,1,1
2026-01-16T09:30:00Z,2026-01-16T10:30:00Z,60,2025-12-17T14:07:59Z,1,715.3669444444445,,0,,,0,,23.0,17.6,0.0,40.6,2,1,1,23.0,47.5,8.5,,,,,,,,,,,,,,,,,,,,,,,,,,,,,,,,,,,,,,,0,1,1
2026-01-16T10:00:00Z,2026-01-16T10:30:00Z,30,2025-12-17T14:07:59Z,1,715.8669444444445,,0,,,0,,23.0,17.6,0.0,40.6,2,1,1,23.0,47.0,8.0,,,,,,,,,,,,,,,,,,,,,,,,,,,,,,,,,,,,,,,0,1,1
2026-01-16T10:00:00Z,2026-01-16T11:00:00Z,60,2025-12-17T14:07:59Z,1,715.8669444444445,,0,,,0,,23.0,17.6,0.0,40.6,2,1,1,23.0,47.0,8.0,,,,,,,,,,,,,,,,,,,,,,,,,,,,,,,,,,,,,,,0,1,1
2026-01-16T10:30:00Z,2026-01-16T11:00:00Z,30,2025-12-17T14:07:59Z,1,716.3669444444445,,0,,,0,,23.0,17.6,0.0,40.6,2,1,1,23.0,46.5,7.5,,,,,,,,,,,,,,,,,,,,,,,,,,,,,,,,,,,,,,,0,1,1
2026-01-16T10:30:00Z,2026-01-16T11:30:00Z,60,2025-12-17T14:07:59Z,1,716.3669444444445,,0,,,0,,23.0,17.6,0.0,40.6,2,1,1,23.0,46.5,7.5,,,,,,,,,,,,,,,,,,,,,,,,,,,,,,,,,,,,,,,0,1,1
2026-01-16T11:00:00Z,2026-01-16T11:30:00Z,30,2025-12-17T14:07:59Z,1,716.8669444444445,,0,,,0,,23.0,17.6,0.0,40.6,2,1,1,23.0,46.0,7.0,,,,,,,,,,,,,,,,,,,,,,,,,,,,,,,,,,,,,,,0,1,1
2026-01-16T11:00:00Z,2026-01-16T12:00:00Z,60,2025-12-17T14:07:59Z,1,716.8669444444445,,0,,,0,,23.0,17.6,0.0,40.6,2,1,1,23.0,46.0,7.0,,,,,,,,,,,,,,,,,,,,,,,,,,,,,,,,,,,,,,,0,1,1
2026-01-16T11:30:00Z,2026-01-16T12:00:00Z,30,2025-12-17T14:07:59Z,1,717.3669444444445,,0,,,0,,23.0,17.6,0.0,40.6,2,1,1,23.0,45.5,6.5,,,,,,,,,,,,,,,,,,,,,,,,,,,,,,,,,,,,,,,0,1,1
2026-01-16T11:30:00Z,2026-01-16T12:30:00Z,60,2025-12-17T14:07:59Z,1,717.3669444444445,,0,,,0,,23.0,17.6,0.0,40.6,2,1,1,23.0,45.5,6.5,,,,,,,,,,,,,,,,,,,,,,,,,,,,,,,,,,,,,,,0,1,1
2026-01-16T12:00:00Z,2026-01-16T12:30:00Z,30,2025-12-17T14:07:59Z,1,717.8669444444445,,0,,,0,,23.0,17.6,0.0,40.6,2,1,1,23.0,45.0,6.0,,,,,,,,,,,,,,,,,,,,,,,,,,,,,,,,,,,,,,,0,1,1
2026-01-16T12:00:00Z,2026-01-16T13:00:00Z,60,2025-12-17T14:07:59Z,1,717.8669444444445,,0,,,0,,23.0,17.6,0.0,40.6,2,1,1,23.0,45.0,6.0,,,,,,,,,,,,,,,,,,,,,,,,,,,,,,,,,,,,,,,0,1,1
2026-01-16T12:30:00Z,2026-01-16T13:00:00Z,30,2025-12-17T14:07:59Z,1,718.3669444444445,,0,,,0,,23.0,17.6,0.0,40.6,2,1,1,23.0,44.5,5.5,,,,,,,,,,,,,,,,,,,,,,,,,,,,,,,,,,,,,,,0,1,1
2026-01-16T12:30:00Z,2026-01-16T13:30:00Z,60,2025-12-17T14:07:59Z,1,718.3669444444445,,0,,,0,,23.0,17.6,0.0,40.6,2,1,1,23.0,44.5,5.5,,,,,,,,,,,,,,,,,,,,,,,,,,,,,,,,,,,,,,,0,1,1
2026-01-16T13:00:00Z,2026-01-16T13:30:00Z,30,2025-12-17T14:07:59Z,1,718.8669444444445,,0,,,0,,23.0,17.6,0.0,40.6,2,1,1,23.0,44.0,5.0,,,,,,,,,,,,,,,,,,,,,,,,,,,,,,,,,,,,,,,0,1,1
2026-01-16T13:00:00Z,2026-01-16T14:00:00Z,60,2025-12-17T14:07:59Z,1,718.8669444444445,,0,,,0,,23.0,17.6,0.0,40.6,2,1,1,23.0,44.0,5.0,,,,,,,,,,,,,,,,,,,,,,,,,,,,,,,,,,,,,,,0,1,1
2026-01-16T13:30:00Z,2026-01-16T14:00:00Z,30,2025-12-17T14:07:59Z,1,719.3669444444445,,0,,,0,,23.0,17.6,0.0,40.6,2,1,1,23.0,43.5,4.5,,,,,,,,,,,,,,,,,,,,,,,,,,,,,,,,,,,,,,,0,1,1
2026-01-16T13:30:00Z,2026-01-16T14:30:00Z,60,2025-12-17T14:07:59Z,1,719.3669444444445,,0,,,0,,23.0,17.6,0.0,40.6,2,1,1,23.0,43.5,4.5,,,,,,,,,,,,,,,,,,,,,,,,,,,,,,,,,,,,,,,0,1,1
2026-01-16T14:00:00Z,2026-01-16T14:30:00Z,30,2025-12-17T14:07:59Z,1,719.8669444444445,,0,,,0,,23.0,17.6,0.0,40.6,2,1,1,23.0,43.0,4.0,,,,,,,,,,,,,,,,,,,,,,,,,,,,,,,,,,,,,,,0,1,1
2026-01-16T14:00:00Z,2026-01-16T15:00:00Z,60,2025-12-17T14:07:59Z,1,719.8669444444445,,0,,,0,,23.0,17.6,0.0,40.6,2,1,1,23.0,43.0,4.0,,,,,,,,,,,,,,,,,,,,,,,,,,,,,,,,,,,,,,,0,1,1
2026-01-16T14:30:00Z,2026-01-16T15:00:00Z,30,2025-12-17T14:07:59Z,1,720.3669444444445,,0,,,0,,23.0,17.6,0.0,40.6,2,1,1,23.0,42.5,3.5,,,,,,,,,,,,,,,,,,,,,,,,,,,,,,,,,,,,,,,0,1,1
2026-01-16T14:30:00Z,2026-01-16T15:30:00Z,60,2025-12-17T14:07:59Z,1,720.3669444444445,,0,,,0,,23.0,17.6,0.0,40.6,2,1,1,23.0,42.5,3.5,,,,,,,,,,,,,,,,,,,,,,,,,,,,,,,,,,,,,,,0,1,1
2026-01-16T15:00:00Z,2026-01-16T15:30:00Z,30,2025-12-17T14:07:59Z,1,720.8669444444445,,0,,,0,,23.0,17.6,0.0,40.6,2,1,1,23.0,42.0,3.0,,,,,,,,,,,,,,,,,,,,,,,,,,,,,,,,,,,,,,,0,1,1
2026-01-16T15:00:00Z,2026-01-16T16:00:00Z,60,2025-12-17T14:07:59Z,1,720.8669444444445,,0,,,0,,23.0,17.6,0.0,40.6,2,1,1,23.0,42.0,3.0,,,,,,,,,,,,,,,,,,,,,,,,,,,,,,,,,,,,,,,0,1,1
2026-01-16T15:30:00Z,2026-01-16T16:00:00Z,30,2025-12-17T14:07:59Z,1,721.3669444444445,,0,,,0,,23.0,17.6,0.0,40.6,2,1,1,23.0,41.5,2.5,,,,,,,,,,,,,,,,,,,,,,,,,,,,,,,,,,,,,,,0,1,1
2026-01-16T15:30:00Z,2026-01-16T16:30:00Z,60,2025-12-17T14:07:59Z,1,721.3669444444445,,0,,,0,,23.0,17.6,0.0,40.6,2,1,1,23.0,41.5,2.5,,,,,,,,,,,,,,,,,,,,,,,,,,,,,,,,,,,,,,,0,1,1
2026-01-16T16:00:00Z,2026-01-16T16:30:00Z,30,2025-12-17T14:07:59Z,1,721.8669444444445,,0,,,0,,23.0,17.6,0.0,40.6,2,1,1,23.0,41.0,2.0,,,,,,,,,,,,,,,,,,,,,,,,,,,,,,,,,,,,,,,0,1,1
2026-01-16T16:00:00Z,2026-01-16T17:00:00Z,60,2025-12-17T14:07:59Z,1,721.8669444444445,,0,,,0,,23.0,17.6,0.0,40.6,2,1,1,23.0,41.0,2.0,,,,,,,,,,,,,,,,,,,,,,,,,,,,,,,,,,,,,,,0,1,1
2026-01-16T16:30:00Z,2026-01-16T17:00:00Z,30,2025-12-17T14:07:59Z,1,722.3669444444445,,0,,,0,,23.0,17.6,0.0,40.6,2,1,1,23.0,40.5,1.5,,,,,,,,,,,,,,,,,,,,,,,,,,,,,,,,,,,,,,,0,1,1
2026-01-16T16:30:00Z,2026-01-16T17:30:00Z,60,2025-12-17T14:07:59Z,1,722.3669444444445,,0,,,0,,23.0,17.6,0.0,40.6,2,1,1,23.0,40.5,1.5,,,,,,,,,,,,,,,,,,,,,,,,,,,,,,,,,,,,,,,0,1,1
2026-01-16T17:00:00Z,2026-01-16T17:30:00Z,30,2025-12-17T14:07:59Z,1,722.8669444444445,,0,,,0,,23.0,17.6,0.0,40.6,2,1,1,23.0,40.0,1.0,,,,,,,,,,,,,,,,,,,,,,,,,,,,,,,,,,,,,,,0,1,1
2026-01-16T17:00:00Z,2026-01-16T18:00:00Z,60,2025-12-17T14:07:59Z,1,722.8669444444445,,0,,,0,,23.0,0.0,0.0,23.0,1,1,0,23.0,40.0,5910.0,,,,,,,,,,,,,,,,,,,,,,,,,,,,,,,,,,,,,,,0,1,1
2026-01-16T17:30:00Z,2026-01-16T18:00:00Z,30,2025-12-17T14:07:59Z,1,723.3669444444445,,0,,,0,,23.0,0.0,0.0,23.0,1,1,0,23.0,39.5,5909.5,,,,,,,,,,,,,,,,,,,,,,,,,,,,,,,,,,,,,,,0,1,1
2026-01-16T17:30:00Z,2026-01-16T18:30:00Z,60,2025-12-17T14:07:59Z,1,723.3669444444445,,0,,,0,,23.0,0.0,0.0,23.0,1,1,0,23.0,39.5,5909.5,,,,,,,,,,,,,,,,,,,,,,,,,,,,,,,,,,,,,,,0,1,1
2026-01-16T18:00:00Z,2026-01-16T18:30:00Z,30,2025-12-17T14:07:59Z,1,723.8669444444445,,0,,,0,,23.0,0.0,0.0,23.0,1,1,0,23.0,39.0,5909.0,,,,,,,,,,,,,,,,,,,,,,,,,,,,,,,,,,,,,,,0,1,1
2026-01-16T18:00:00Z,2026-01-16T19:00:00Z,60,2025-12-17T14:07:59Z,1,723.8669444444445,,0,,,0,,23.0,0.0,0.0,23.0,1,1,0,23.0,39.0,5909.0,,,,,,,,,,,,,,,,,,,,,,,,,,,,,,,,,,,,,,,0,1,1
2026-01-16T18:30:00Z,2026-01-16T19:00:00Z,30,2025-12-17T14:07:59Z,1,724.3669444444445,,0,,,0,,23.0,0.0,0.0,23.0,1,1,0,23.0,38.5,5908.5,,,,,,,,,,,,,,,,,,,,,,,,,,,,,,,,,,,,,,,0,1,1
2026-01-16T18:30:00Z,2026-01-16T19:30:00Z,60,2025-12-17T14:07:59Z,1,724.3669444444445,,0,,,0,,23.0,0.0,0.0,23.0,1,1,0,23.0,38.5,5908.5,,,,,,,,,,,,,,,,,,,,,,,,,,,,,,,,,,,,,,,0,1,1
2026-01-16T19:00:00Z,2026-01-16T19:30:00Z,30,2025-12-17T14:07:59Z,1,724.8669444444445,,0,,,0,,23.0,0.0,0.0,23.0,1,1,0,23.0,38.0,5908.0,,,,,,,,,,,,,,,,,,,,,,,,,,,,,,,,,,,,,,,0,1,1
2026-01-16T19:00:00Z,2026-01-16T20:00:00Z,60,2025-12-17T14:07:59Z,1,724.8669444444445,,0,,,0,,23.0,0.0,0.0,23.0,1,1,0,23.0,38.0,5908.0,,,,,,,,,,,,,,,,,,,,,,,,,,,,,,,,,,,,,,,0,1,1
2026-01-16T19:30:00Z,2026-01-16T20:00:00Z,30,2025-12-17T14:07:59Z,1,725.3669444444445,,0,,,0,,23.0,0.0,0.0,23.0,1,1,0,23.0,37.5,5907.5,,,,,,,,,,,,,,,,,,,,,,,,,,,,,,,,,,,,,,,0,1,1
2026-01-16T19:30:00Z,2026-01-16T20:30:00Z,60,2025-12-17T14:07:59Z,1,725.3669444444445,,0,,,0,,23.0,0.0,0.0,23.0,1,1,0,23.0,37.5,5907.5,,,,,,,,,,,,,,,,,,,,,,,,,,,,,,,,,,,,,,,0,1,1
2026-01-16T20:00:00Z,2026-01-16T20:30:00Z,30,2025-12-17T14:07:59Z,1,725.8669444444445,,0,,,0,,23.0,0.0,0.0,23.0,1,1,0,23.0,37.0,5907.0,,,,,,,,,,,,,,,,,,,,,,,,,,,,,,,,,,,,,,,0,1,1
2026-01-16T20:00:00Z,2026-01-16T21:00:00Z,60,2025-12-17T14:07:59Z,1,725.8669444444445,,0,,,0,,23.0,0.0,0.0,23.0,1,1,0,23.0,37.0,5907.0,,,,,,,,,,,,,,,,,,,,,,,,,,,,,,,,,,,,,,,0,1,1
2026-01-16T20:30:00Z,2026-01-16T21:00:00Z,30,2025-12-17T14:07:59Z,1,726.3669444444445,,0,,,0,,23.0,0.0,0.0,23.0,1,1,0,23.0,36.5,5906.5,,,,,,,,,,,,,,,,,,,,,,,,,,,,,,,,,,,,,,,0,1,1
2026-01-16T20:30:00Z,2026-01-16T21:30:00Z,60,2025-12-17T14:07:59Z,1,726.3669444444445,,0,,,0,,23.0,0.0,0.0,23.0,1,1,0,23.0,36.5,5906.5,,,,,,,,,,,,,,,,,,,,,,,,,,,,,,,,,,,,,,,0,1,1
2026-01-16T21:00:00Z,2026-01-16T21:30:00Z,30,2025-12-17T14:07:59Z,1,726.8669444444445,,0,,,0,,23.0,0.0,0.0,23.0,1,1,0,23.0,36.0,5906.0,,,,,,,,,,,,,,,,,,,,,,,,,,,,,,,,,,,,,,,0,1,1
2026-01-16T21:00:00Z,2026-01-16T22:00:00Z,60,2025-12-17T14:07:59Z,1,726.8669444444445,,0,,,0,,23.0,0.0,0.0,23.0,1,1,0,23.0,36.0,5906.0,,,,,,,,,,,,,,,,,,,,,,,,,,,,,,,,,,,,,,,0,1,1
2026-01-16T21:30:00Z,2026-01-16T22:00:00Z,30,2025-12-17T14:07:59Z,1,727.3669444444445,,0,,,0,,23.0,0.0,0.0,23.0,1,1,0,23.0,35.5,5905.5,,,,,,,,,,,,,,,,,,,,,,,,,,,,,,,,,,,,,,,0,1,1
2026-01-16T21:30:00Z,2026-01-16T22:30:00Z,60,2025-12-17T14:07:59Z,1,727.3669444444445,,0,,,0,,23.0,0.0,0.0,23.0,1,1,0,23.0,35.5,5905.5,,,,,,,,,,,,,,,,,,,,,,,,,,,,,,,,,,,,,,,0,1,1
2026-01-16T22:00:00Z,2026-01-16T22:30:00Z,30,2025-12-17T14:07:59Z,1,727.8669444444445,,0,,,0,,23.0,0.0,0.0,23.0,1,1,0,23.0,35.0,5905.0,,,,,,,,,,,,,,,,,,,,,,,,,,,,,,,,,,,,,,,0,1,1
2026-01-16T22:00:00Z,2026-01-16T23:00:00Z,60,2025-12-17T14:07:59Z,1,727.8669444444445,,0,,,0,,23.0,0.0,0.0,23.0,1,1,0,23.0,35.0,5905.0,,,,,,,,,,,,,,,,,,,,,,,,,,,,,,,,,,,,,,,0,1,1
2026-01-16T22:30:00Z,2026-01-16T23:00:00Z,30,2025-12-17T14:07:59Z,1,728.3669444444445,,0,,,0,,23.0,0.0,0.0,23.0,1,1,0,23.0,34.5,5904.5,,,,,,,,,,,,,,,,,,,,,,,,,,,,,,,,,,,,,,,0,1,1
2026-01-16T22:30:00Z,2026-01-16T23:30:00Z,60,2025-12-17T14:07:59Z,1,728.3669444444445,,0,,,0,,23.0,0.0,0.0,23.0,1,1,0,23.0,34.5,5904.5,,,,,,,,,,,,,,,,,,,,,,,,,,,,,,,,,,,,,,,0,1,1
2026-01-16T23:00:00Z,2026-01-16T23:30:00Z,30,2025-12-17T14:07:59Z,1,728.8669444444445,,0,,,0,,23.0,0.0,0.0,23.0,1,1,0,23.0,34.0,5904.0,,,,,,,,,,,,,,,,,,,,,,,,,,,,,,,,,,,,,,,0,1,1
2026-01-16T23:00:00Z,2026-01-17T00:00:00Z,60,2025-12-17T14:07:59Z,1,728.8669444444445,,0,,,0,,23.0,0.0,0.0,23.0,1,1,0,23.0,34.0,5904.0,,,,,,,,,,,,,,,,,,,,,,,,,,,,,,,,,,,,,,,0,1,1
2026-01-16T23:30:00Z,2026-01-17T00:00:00Z,30,2025-12-17T14:07:59Z,1,729.3669444444445,,0,,,0,,23.0,0.0,0.0,23.0,1,1,0,23.0,33.5,5903.5,,,,,,,,,,,,,,,,,,,,,,,,,,,,,,,,,,,,,,,0,1,1
2026-01-16T23:30:00Z,2026-01-17T00:30:00Z,60,2025-12-17T14:07:59Z,1,729.3669444444445,,0,,,0,,23.0,0.0,0.0,23.0,1,1,0,23.0,33.5,5903.5,,,,,,,,,,,,,,,,,,,,,,,,,,,,,,,,,,,,,,,0,1,1
2026-01-17T00:00:00Z,2026-01-17T00:30:00Z,30,2025-12-17T14:07:59Z,1,729.8669444444445,,0,,,0,,23.0,0.0,0.0,23.0,1,1,0,23.0,33.0,5903.0,,,,,,,,,,,,,,,,,,,,,,,,,,,,,,,,,,,,,,,0,1,1
2026-01-17T00:00:00Z,2026-01-17T01:00:00Z,60,2025-12-17T14:07:59Z,1,729.8669444444445,,0,,,0,,23.0,0.0,0.0,23.0,1,1,0,23.0,33.0,5903.0,,,,,,,,,,,,,,,,,,,,,,,,,,,,,,,,,,,,,,,0,1,1
2026-01-17T00:30:00Z,2026-01-17T01:00:00Z,30,2025-12-17T14:07:59Z,1,730.3669444444445,,0,,,0,,23.0,0.0,0.0,23.0,1,1,0,23.0,32.5,5902.5,,,,,,,,,,,,,,,,,,,,,,,,,,,,,,,,,,,,,,,0,1,1
2026-01-17T00:30:00Z,2026-01-17T01:30:00Z,60,2025-12-17T14:07:59Z,1,730.3669444444445,,0,,,0,,23.0,0.0,0.0,23.0,1,1,0,23.0,32.5,5902.5,,,,,,,,,,,,,,,,,,,,,,,,,,,,,,,,,,,,,,,0,1,1
2026-01-17T01:00:00Z,2026-01-17T01:30:00Z,30,2025-12-17T14:07:59Z,1,730.8669444444445,,0,,,0,,23.0,0.0,0.0,23.0,1,1,0,23.0,32.0,5902.0,,,,,,,,,,,,,,,,,,,,,,,,,,,,,,,,,,,,,,,0,1,1
2026-01-17T01:00:00Z,2026-01-17T02:00:00Z,60,2025-12-17T14:07:59Z,1,730.8669444444445,,0,,,0,,23.0,0.0,0.0,23.0,1,1,0,23.0,32.0,5902.0,,,,,,,,,,,,,,,,,,,,,,,,,,,,,,,,,,,,,,,0,1,1
2026-01-17T01:30:00Z,2026-01-17T02:00:00Z,30,2025-12-17T14:07:59Z,1,731.3669444444445,,0,,,0,,23.0,0.0,0.0,23.0,1,1,0,23.0,31.5,5901.5,,,,,,,,,,,,,,,,,,,,,,,,,,,,,,,,,,,,,,,0,1,1
2026-01-17T01:30:00Z,2026-01-17T02:30:00Z,60,2025-12-17T14:07:59Z,1,731.3669444444445,,0,,,0,,23.0,0.0,0.0,23.0,1,1,0,23.0,31.5,5901.5,,,,,,,,,,,,,,,,,,,,,,,,,,,,,,,,,,,,,,,0,1,1
2026-01-17T02:00:00Z,2026-01-17T02:30:00Z,30,2025-12-17T14:07:59Z,1,731.8669444444445,,0,,,0,,23.0,0.0,0.0,23.0,1,1,0,23.0,31.0,5901.0,,,,,,,,,,,,,,,,,,,,,,,,,,,,,,,,,,,,,,,0,1,1
2026-01-17T02:00:00Z,2026-01-17T03:00:00Z,60,2025-12-17T14:07:59Z,1,731.8669444444445,,0,,,0,,23.0,0.0,0.0,23.0,1,1,0,23.0,31.0,5901.0,,,,,,,,,,,,,,,,,,,,,,,,,,,,,,,,,,,,,,,0,1,1
2026-01-17T02:30:00Z,2026-01-17T03:00:00Z,30,2025-12-17T14:07:59Z,1,732.3669444444445,,0,,,0,,23.0,0.0,0.0,23.0,1,1,0,23.0,30.5,5900.5,,,,,,,,,,,,,,,,,,,,,,,,,,,,,,,,,,,,,,,0,1,1
2026-01-17T02:30:00Z,2026-01-17T03:30:00Z,60,2025-12-17T14:07:59Z,1,732.3669444444445,,0,,,0,,23.0,0.0,0.0,23.0,1,1,0,23.0,30.5,5900.5,,,,,,,,,,,,,,,,,,,,,,,,,,,,,,,,,,,,,,,0,1,1
2026-01-17T03:00:00Z,2026-01-17T03:30:00Z,30,2025-12-17T14:07:59Z,1,732.8669444444445,,0,,,0,,23.0,0.0,0.0,23.0,1,1,0,23.0,30.0,5900.0,,,,,,,,,,,,,,,,,,,,,,,,,,,,,,,,,,,,,,,0,1,1
2026-01-17T03:00:00Z,2026-01-17T04:00:00Z,60,2025-12-17T14:07:59Z,1,732.8669444444445,,0,,,0,,23.0,0.0,0.0,23.0,1,1,0,23.0,30.0,5900.0,,,,,,,,,,,,,,,,,,,,,,,,,,,,,,,,,,,,,,,0,1,1
2026-01-17T03:30:00Z,2026-01-17T04:00:00Z,30,2025-12-17T14:07:59Z,1,733.3669444444445,,0,,,0,,23.0,0.0,0.0,23.0,1,1,0,23.0,29.5,5899.5,,,,,,,,,,,,,,,,,,,,,,,,,,,,,,,,,,,,,,,0,1,1
2026-01-17T03:30:00Z,2026-01-17T04:30:00Z,60,2025-12-17T14:07:59Z,1,733.3669444444445,,0,,,0,,23.0,0.0,0.0,23.0,1,1,0,23.0,29.5,5899.5,,,,,,,,,,,,,,,,,,,,,,,,,,,,,,,,,,,,,,,0,1,1
2026-01-17T04:00:00Z,2026-01-17T04:30:00Z,30,2025-12-17T14:07:59Z,1,733.8669444444445,,0,,,0,,23.0,0.0,0.0,23.0,1,1,0,23.0,29.0,5899.0,,,,,,,,,,,,,,,,,,,,,,,,,,,,,,,,,,,,,,,0,1,1
2026-01-17T04:00:00Z,2026-01-17T05:00:00Z,60,2025-12-17T14:07:59Z,1,733.8669444444445,,0,,,0,,23.0,0.0,0.0,23.0,1,1,0,23.0,29.0,5899.0,,,,,,,,,,,,,,,,,,,,,,,,,,,,,,,,,,,,,,,0,1,1
2026-01-17T04:30:00Z,2026-01-17T05:00:00Z,30,2025-12-17T14:07:59Z,1,734.3669444444445,,0,,,0,,23.0,0.0,0.0,23.0,1,1,0,23.0,28.5,5898.5,,,,,,,,,,,,,,,,,,,,,,,,,,,,,,,,,,,,,,,0,1,1
2026-01-17T04:30:00Z,2026-01-17T05:30:00Z,60,2025-12-17T14:07:59Z,1,734.3669444444445,,0,,,0,,23.0,0.0,0.0,23.0,1,1,0,23.0,28.5,5898.5,,,,,,,,,,,,,,,,,,,,,,,,,,,,,,,,,,,,,,,0,1,1
2026-01-17T05:00:00Z,2026-01-17T05:30:00Z,30,2025-12-17T14:07:59Z,1,734.8669444444445,,0,,,0,,23.0,0.0,0.0,23.0,1,1,0,23.0,28.0,5898.0,,,,,,,,,,,,,,,,,,,,,,,,,,,,,,,,,,,,,,,0,1,1
2026-01-17T05:00:00Z,2026-01-17T06:00:00Z,60,2025-12-17T14:07:59Z,1,734.8669444444445,,0,,,0,,23.0,0.0,0.0,23.0,1,1,0,23.0,28.0,5898.0,,,,,,,,,,,,,,,,,,,,,,,,,,,,,,,,,,,,,,,0,1,1
2026-01-17T05:30:00Z,2026-01-17T06:00:00Z,30,2025-12-17T14:07:59Z,1,735.3669444444445,,0,,,0,,23.0,0.0,0.0,23.0,1,1,0,23.0,27.5,5897.5,,,,,,,,,,,,,,,,,,,,,,,,,,,,,,,,,,,,,,,0,1,1
2026-01-17T05:30:00Z,2026-01-17T06:30:00Z,60,2025-12-17T14:07:59Z,1,735.3669444444445,,0,,,0,,23.0,0.0,0.0,23.0,1,1,0,23.0,27.5,5897.5,,,,,,,,,,,,,,,,,,,,,,,,,,,,,,,,,,,,,,,0,1,1
2026-01-17T06:00:00Z,2026-01-17T06:30:00Z,30,2025-12-17T14:07:59Z,1,735.8669444444445,,0,,,0,,23.0,0.0,0.0,23.0,1,1,0,23.0,27.0,5897.0,,,,,,,,,,,,,,,,,,,,,,,,,,,,,,,,,,,,,,,0,1,1
2026-01-17T06:00:00Z,2026-01-17T07:00:00Z,60,2025-12-17T14:07:59Z,1,735.8669444444445,,0,,,0,,23.0,0.0,0.0,23.0,1,1,0,23.0,27.0,5897.0,,,,,,,,,,,,,,,,,,,,,,,,,,,,,,,,,,,,,,,0,1,1
2026-01-17T06:30:00Z,2026-01-17T07:00:00Z,30,2025-12-17T14:07:59Z,1,736.3669444444445,,0,,,0,,23.0,0.0,0.0,23.0,1,1,0,23.0,26.5,5896.5,,,,,,,,,,,,,,,,,,,,,,,,,,,,,,,,,,,,,,,0,1,1
2026-01-17T06:30:00Z,2026-01-17T07:30:00Z,60,2025-12-17T14:07:59Z,1,736.3669444444445,,0,,,0,,23.0,0.0,0.0,23.0,1,1,0,23.0,26.5,5896.5,,,,,,,,,,,,,,,,,,,,,,,,,,,,,,,,,,,,,,,0,1,1
2026-01-17T07:00:00Z,2026-01-17T07:30:00Z,30,2025-12-17T14:07:59Z,1,736.8669444444445,,0,,,0,,23.0,0.0,0.0,23.0,1,1,0,23.0,26.0,5896.0,,,,,,,,,,,,,,,,,,,,,,,,,,,,,,,,,,,,,,,0,1,1
2026-01-17T07:00:00Z,2026-01-17T08:00:00Z,60,2025-12-17T14:07:59Z,1,736.8669444444445,,0,,,0,,23.0,0.0,0.0,23.0,1,1,0,23.0,26.0,5896.0,,,,,,,,,,,,,,,,,,,,,,,,,,,,,,,,,,,,,,,0,1,1
2026-01-17T07:30:00Z,2026-01-17T08:00:00Z,30,2025-12-17T14:07:59Z,1,737.3669444444445,,0,,,0,,23.0,0.0,0.0,23.0,1,1,0,23.0,25.5,5895.5,,,,,,,,,,,,,,,,,,,,,,,,,,,,,,,,,,,,,,,0,1,1
2026-01-17T07:30:00Z,2026-01-17T08:30:00Z,60,2025-12-17T14:07:59Z,1,737.3669444444445,,0,,,0,,23.0,0.0,0.0,23.0,1,1,0,23.0,25.5,5895.5,,,,,,,,,,,,,,,,,,,,,,,,,,,,,,,,,,,,,,,0,1,1
2026-01-17T08:00:00Z,2026-01-17T08:30:00Z,30,2025-12-17T14:07:59Z,1,737.8669444444445,,0,,,0,,23.0,0.0,0.0,23.0,1,1,0,23.0,25.0,5895.0,,,,,,,,,,,,,,,,,,,,,,,,,,,,,,,,,,,,,,,0,1,1
2026-01-17T08:00:00Z,2026-01-17T09:00:00Z,60,2025-12-17T14:07:59Z,1,737.8669444444445,,0,,,0,,23.0,0.0,0.0,23.0,1,1,0,23.0,25.0,5895.0,,,,,,,,,,,,,,,,,,,,,,,,,,,,,,,,,,,,,,,0,1,1
2026-01-17T08:30:00Z,2026-01-17T09:00:00Z,30,2025-12-17T14:07:59Z,1,738.3669444444445,,0,,,0,,23.0,0.0,0.0,23.0,1,1,0,23.0,24.5,5894.5,,,,,,,,,,,,,,,,,,,,,,,,,,,,,,,,,,,,,,,0,1,1
2026-01-17T08:30:00Z,2026-01-17T09:30:00Z,60,2025-12-17T14:07:59Z,1,738.3669444444445,,0,,,0,,23.0,0.0,0.0,23.0,1,1,0,23.0,24.5,5894.5,,,,,,,,,,,,,,,,,,,,,,,,,,,,,,,,,,,,,,,0,1,1
2026-01-17T09:00:00Z,2026-01-17T09:30:00Z,30,2025-12-17T14:07:59Z,1,738.8669444444445,,0,,,0,,23.0,0.0,0.0,23.0,1,1,0,23.0,24.0,5894.0,,,,,,,,,,,,,,,,,,,,,,,,,,,,,,,,,,,,,,,0,1,1
2026-01-17T09:00:00Z,2026-01-17T10:00:00Z,60,2025-12-17T14:07:59Z,1,738.8669444444445,,0,,,0,,23.0,0.0,0.0,23.0,1,1,0,23.0,24.0,5894.0,,,,,,,,,,,,,,,,,,,,,,,,,,,,,,,,,,,,,,,0,1,1
2026-01-17T09:30:00Z,2026-01-17T10:00:00Z,30,2025-12-17T14:07:59Z,1,739.3669444444445,,0,,,0,,23.0,0.0,0.0,23.0,1,1,0,23.0,23.5,5893.5,,,,,,,,,,,,,,,,,,,,,,,,,,,,,,,,,,,,,,,0,1,1
2026-01-17T09:30:00Z,2026-01-17T10:30:00Z,60,2025-12-17T14:07:59Z,1,739.3669444444445,,0,,,0,,23.0,0.0,0.0,23.0,1,1,0,23.0,23.5,5893.5,,,,,,,,,,,,,,,,,,,,,,,,,,,,,,,,,,,,,,,0,1,1
2026-01-17T10:00:00Z,2026-01-17T10:30:00Z,30,2025-12-17T14:07:59Z,1,739.8669444444445,,0,,,0,,23.0,0.0,0.0,23.0,1,1,0,23.0,23.0,5893.0,,,,,,,,,,,,,,,,,,,,,,,,,,,,,,,,,,,,,,,0,1,1
2026-01-17T10:00:00Z,2026-01-17T11:00:00Z,60,2025-12-17T14:07:59Z,1,739.8669444444445,,0,,,0,,23.0,0.0,0.0,23.0,1,1,0,23.0,23.0,5893.0,,,,,,,,,,,,,,,,,,,,,,,,,,,,,,,,,,,,,,,0,1,1
2026-01-17T10:30:00Z,2026-01-17T11:00:00Z,30,2025-12-17T14:07:59Z,1,740.3669444444445,,0,,,0,,23.0,0.0,0.0,23.0,1,1,0,23.0,22.5,5892.5,,,,,,,,,,,,,,,,,,,,,,,,,,,,,,,,,,,,,,,0,1,1
2026-01-17T10:30:00Z,2026-01-17T11:30:00Z,60,2025-12-17T14:07:59Z,1,740.3669444444445,,0,,,0,,23.0,0.0,0.0,23.0,1,1,0,23.0,22.5,5892.5,,,,,,,,,,,,,,,,,,,,,,,,,,,,,,,,,,,,,,,0,1,1
2026-01-17T11:00:00Z,2026-01-17T11:30:00Z,30,2025-12-17T14:07:59Z,1,740.8669444444445,,0,,,0,,23.0,0.0,0.0,23.0,1,1,0,23.0,22.0,5892.0,,,,,,,,,,,,,,,,,,,,,,,,,,,,,,,,,,,,,,,0,1,1
2026-01-17T11:00:00Z,2026-01-17T12:00:00Z,60,2025-12-17T14:07:59Z,1,740.8669444444445,,0,,,0,,23.0,0.0,0.0,23.0,1,1,0,23.0,22.0,5892.0,,,,,,,,,,,,,,,,,,,,,,,,,,,,,,,,,,,,,,,0,1,1
2026-01-17T11:30:00Z,2026-01-17T12:00:00Z,30,2025-12-17T14:07:59Z,1,741.3669444444445,,0,,,0,,23.0,0.0,0.0,23.0,1,1,0,23.0,21.5,5891.5,,,,,,,,,,,,,,,,,,,,,,,,,,,,,,,,,,,,,,,0,1,1
2026-01-17T11:30:00Z,2026-01-17T12:30:00Z,60,2025-12-17T14:07:59Z,1,741.3669444444445,,0,,,0,,23.0,0.0,0.0,23.0,1,1,0,23.0,21.5,5891.5,,,,,,,,,,,,,,,,,,,,,,,,,,,,,,,,,,,,,,,0,1,1
2026-01-17T12:00:00Z,2026-01-17T12:30:00Z,30,2025-12-17T14:07:59Z,1,741.8669444444445,,0,,,0,,23.0,0.0,0.0,23.0,1,1,0,23.0,21.0,5891.0,,,,,,,,,,,,,,,,,,,,,,,,,,,,,,,,,,,,,,,0,1,1
2026-01-17T12:00:00Z,2026-01-17T13:00:00Z,60,2025-12-17T14:07:59Z,1,741.8669444444445,,0,,,0,,23.0,0.0,0.0,23.0,1,1,0,23.0,21.0,5891.0,,,,,,,,,,,,,,,,,,,,,,,,,,,,,,,,,,,,,,,0,1,1
2026-01-17T12:30:00Z,2026-01-17T13:00:00Z,30,2025-12-17T14:07:59Z,1,742.3669444444445,,0,,,0,,23.0,0.0,0.0,23.0,1,1,0,23.0,20.5,5890.5,,,,,,,,,,,,,,,,,,,,,,,,,,,,,,,,,,,,,,,0,1,1
2026-01-17T12:30:00Z,2026-01-17T13:30:00Z,60,2025-12-17T14:07:59Z,1,742.3669444444445,,0,,,0,,23.0,0.0,0.0,23.0,1,1,0,23.0,20.5,5890.5,,,,,,,,,,,,,,,,,,,,,,,,,,,,,,,,,,,,,,,0,1,1
2026-01-17T13:00:00Z,2026-01-17T13:30:00Z,30,2025-12-17T14:07:59Z,1,742.8669444444445,,0,,,0,,23.0,0.0,0.0,23.0,1,1,0,23.0,20.0,5890.0,,,,,,,,,,,,,,,,,,,,,,,,,,,,,,,,,,,,,,,0,1,1
2026-01-17T13:00:00Z,2026-01-17T14:00:00Z,60,2025-12-17T14:07:59Z,1,742.8669444444445,,0,,,0,,23.0,0.0,0.0,23.0,1,1,0,23.0,20.0,5890.0,,,,,,,,,,,,,,,,,,,,,,,,,,,,,,,,,,,,,,,0,1,1
2026-01-17T13:30:00Z,2026-01-17T14:00:00Z,30,2025-12-17T14:07:59Z,1,743.3669444444445,,0,,,0,,23.0,0.0,0.0,23.0,1,1,0,23.0,19.5,5889.5,,,,,,,,,,,,,,,,,,,,,,,,,,,,,,,,,,,,,,,0,1,1
2026-01-17T13:30:00Z,2026-01-17T14:30:00Z,60,2025-12-17T14:07:59Z,1,743.3669444444445,,0,,,0,,23.0,0.0,0.0,23.0,1,1,0,23.0,19.5,5889.5,,,,,,,,,,,,,,,,,,,,,,,,,,,,,,,,,,,,,,,0,1,1
2026-01-17T14:00:00Z,2026-01-17T14:30:00Z,30,2025-12-17T14:07:59Z,1,743.8669444444445,,0,,,0,,23.0,0.0,0.0,23.0,1,1,0,23.0,19.0,5889.0,,,,,,,,,,,,,,,,,,,,,,,,,,,,,,,,,,,,,,,0,1,1
2026-01-17T14:00:00Z,2026-01-17T15:00:00Z,60,2025-12-17T14:07:59Z,1,743.8669444444445,,0,,,0,,23.0,0.0,0.0,23.0,1,1,0,23.0,19.0,5889.0,,,,,,,,,,,,,,,,,,,,,,,,,,,,,,,,,,,,,,,0,1,1
2026-01-17T14:30:00Z,2026-01-17T15:00:00Z,30,2025-12-17T14:07:59Z,1,744.3669444444445,,0,,,0,,23.0,0.0,0.0,23.0,1,1,0,23.0,18.5,5888.5,,,,,,,,,,,,,,,,,,,,,,,,,,,,,,,,,,,,,,,0,1,1
2026-01-17T14:30:00Z,2026-01-17T15:30:00Z,60,2025-12-17T14:07:59Z,1,744.3669444444445,,0,,,0,,23.0,0.0,0.0,23.0,1,1,0,23.0,18.5,5888.5,,,,,,,,,,,,,,,,,,,,,,,,,,,,,,,,,,,,,,,0,1,1
2026-01-17T15:00:00Z,2026-01-17T15:30:00Z,30,2025-12-17T14:07:59Z,1,744.8669444444445,,0,,,0,,23.0,0.0,0.0,23.0,1,1,0,23.0,18.0,5888.0,,,,,,,,,,,,,,,,,,,,,,,,,,,,,,,,,,,,,,,0,1,1
2026-01-17T15:00:00Z,2026-01-17T16:00:00Z,60,2025-12-17T14:07:59Z,1,744.8669444444445,,0,,,0,,23.0,0.0,0.0,23.0,1,1,0,23.0,18.0,5888.0,,,,,,,,,,,,,,,,,,,,,,,,,,,,,,,,,,,,,,,0,1,1
2026-01-17T15:30:00Z,2026-01-17T16:00:00Z,30,2025-12-17T14:07:59Z,1,745.3669444444445,,0,,,0,,23.0,0.0,0.0,23.0,1,1,0,23.0,17.5,5887.5,,,,,,,,,,,,,,,,,,,,,,,,,,,,,,,,,,,,,,,0,1,1
2026-01-17T15:30:00Z,2026-01-17T16:30:00Z,60,2025-12-17T14:07:59Z,1,745.3669444444445,,0,,,0,,23.0,0.0,0.0,23.0,1,1,0,23.0,17.5,5887.5,,,,,,,,,,,,,,,,,,,,,,,,,,,,,,,,,,,,,,,0,1,1
2026-01-17T16:00:00Z,2026-01-17T16:30:00Z,30,2025-12-17T14:07:59Z,1,745.8669444444445,,0,,,0,,23.0,0.0,0.0,23.0,1,1,0,23.0,17.0,5887.0,,,,,,,,,,,,,,,,,,,,,,,,,,,,,,,,,,,,,,,0,1,1
2026-01-17T16:00:00Z,2026-01-17T17:00:00Z,60,2025-12-17T14:07:59Z,1,745.8669444444445,,0,,,0,,23.0,0.0,0.0,23.0,1,1,0,23.0,17.0,5887.0,,,,,,,,,,,,,,,,,,,,,,,,,,,,,,,,,,,,,,,0,1,1
2026-01-17T16:30:00Z,2026-01-17T17:00:00Z,30,2025-12-17T14:07:59Z,1,746.3669444444445,,0,,,0,,23.0,0.0,0.0,23.0,1,1,0,23.0,16.5,5886.5,,,,,,,,,,,,,,,,,,,,,,,,,,,,,,,,,,,,,,,0,1,1
2026-01-17T16:30:00Z,2026-01-17T17:30:00Z,60,2025-12-17T14:07:59Z,1,746.3669444444445,,0,,,0,,23.0,0.0,0.0,23.0,1,1,0,23.0,16.5,5886.5,,,,,,,,,,,,,,,,,,,,,,,,,,,,,,,,,,,,,,,0,1,1
2026-01-17T17:00:00Z,2026-01-17T17:30:00Z,30,2025-12-17T14:07:59Z,1,746.8669444444445,,0,,,0,,23.0,0.0,0.0,23.0,1,1,0,23.0,16.0,5886.0,,,,,,,,,,,,,,,,,,,,,,,,,,,,,,,,,,,,,,,0,1,1
2026-01-17T17:00:00Z,2026-01-17T18:00:00Z,60,2025-12-17T14:07:59Z,1,746.8669444444445,,0,,,0,,23.0,0.0,0.0,23.0,1,1,0,23.0,16.0,5886.0,,,,,,,,,,,,,,,,,,,,,,,,,,,,,,,,,,,,,,,0,1,1
2026-01-17T17:30:00Z,2026-01-17T18:00:00Z,30,2025-12-17T14:07:59Z,1,747.3669444444445,,0,,,0,,23.0,0.0,0.0,23.0,1,1,0,23.0,15.5,5885.5,,,,,,,,,,,,,,,,,,,,,,,,,,,,,,,,,,,,,,,0,1,1
2026-01-17T17:30:00Z,2026-01-17T18:30:00Z,60,2025-12-17T14:07:59Z,1,747.3669444444445,,0,,,0,,23.0,0.0,0.0,23.0,1,1,0,23.0,15.5,5885.5,,,,,,,,,,,,,,,,,,,,,,,,,,,,,,,,,,,,,,,0,1,1
2026-01-17T18:00:00Z,2026-01-17T18:30:00Z,30,2025-12-17T14:07:59Z,1,747.8669444444445,,0,,,0,,23.0,0.0,0.0,23.0,1,1,0,23.0,15.0,5885.0,,,,,,,,,,,,,,,,,,,,,,,,,,,,,,,,,,,,,,,0,1,1
2026-01-17T18:00:00Z,2026-01-17T19:00:00Z,60,2025-12-17T14:07:59Z,1,747.8669444444445,,0,,,0,,23.0,0.0,0.0,23.0,1,1,0,23.0,15.0,5885.0,,,,,,,,,,,,,,,,,,,,,,,,,,,,,,,,,,,,,,,0,1,1
2026-01-17T18:30:00Z,2026-01-17T19:00:00Z,30,2025-12-17T14:07:59Z,1,748.3669444444445,,0,,,0,,23.0,0.0,0.0,23.0,1,1,0,23.0,14.5,5884.5,,,,,,,,,,,,,,,,,,,,,,,,,,,,,,,,,,,,,,,0,1,1
2026-01-17T18:30:00Z,2026-01-17T19:30:00Z,60,2025-12-17T14:07:59Z,1,748.3669444444445,,0,,,0,,23.0,0.0,0.0,23.0,1,1,0,23.0,14.5,5884.5,,,,,,,,,,,,,,,,,,,,,,,,,,,,,,,,,,,,,,,0,1,1
2026-01-17T19:00:00Z,2026-01-17T19:30:00Z,30,2025-12-17T14:07:59Z,1,748.8669444444445,,0,,,0,,23.0,0.0,0.0,23.0,1,1,0,23.0,14.0,5884.0,,,,,,,,,,,,,,,,,,,,,,,,,,,,,,,,,,,,,,,0,1,1
2026-01-17T19:00:00Z,2026-01-17T20:00:00Z,60,2025-12-17T14:07:59Z,1,748.8669444444445,,0,,,0,,23.0,0.0,0.0,23.0,1,1,0,23.0,14.0,5884.0,,,,,,,,,,,,,,,,,,,,,,,,,,,,,,,,,,,,,,,0,1,1
2026-01-17T19:30:00Z,2026-01-17T20:00:00Z,30,2025-12-17T14:07:59Z,1,749.3669444444445,,0,,,0,,23.0,0.0,0.0,23.0,1,1,0,23.0,13.5,5883.5,,,,,,,,,,,,,,,,,,,,,,,,,,,,,,,,,,,,,,,0,1,1
2026-01-17T19:30:00Z,2026-01-17T20:30:00Z,60,2025-12-17T14:07:59Z,1,749.3669444444445,,0,,,0,,23.0,0.0,0.0,23.0,1,1,0,23.0,13.5,5883.5,,,,,,,,,,,,,,,,,,,,,,,,,,,,,,,,,,,,,,,0,1,1
2026-01-17T20:00:00Z,2026-01-17T20:30:00Z,30,2025-12-17T14:07:59Z,1,749.8669444444445,,0,,,0,,23.0,0.0,0.0,23.0,1,1,0,23.0,13.0,5883.0,,,,,,,,,,,,,,,,,,,,,,,,,,,,,,,,,,,,,,,0,1,1
2026-01-17T20:00:00Z,2026-01-17T21:00:00Z,60,2025-12-17T14:07:59Z,1,749.8669444444445,,0,,,0,,23.0,0.0,0.0,23.0,1,1,0,23.0,13.0,5883.0,,,,,,,,,,,,,,,,,,,,,,,,,,,,,,,,,,,,,,,0,1,1
2026-01-17T20:30:00Z,2026-01-17T21:00:00Z,30,2025-12-17T14:07:59Z,1,750.3669444444445,,0,,,0,,23.0,0.0,0.0,23.0,1,1,0,23.0,12.5,5882.5,,,,,,,,,,,,,,,,,,,,,,,,,,,,,,,,,,,,,,,0,1,1
2026-01-17T20:30:00Z,2026-01-17T21:30:00Z,60,2025-12-17T14:07:59Z,1,750.3669444444445,,0,,,0,,23.0,0.0,0.0,23.0,1,1,0,23.0,12.5,5882.5,,,,,,,,,,,,,,,,,,,,,,,,,,,,,,,,,,,,,,,0,1,1
2026-01-17T21:00:00Z,2026-01-17T21:30:00Z,30,2025-12-17T14:07:59Z,1,750.8669444444445,,0,,,0,,23.0,0.0,0.0,23.0,1,1,0,23.0,12.0,5882.0,,,,,,,,,,,,,,,,,,,,,,,,,,,,,,,,,,,,,,,0,1,1
2026-01-17T21:00:00Z,2026-01-17T22:00:00Z,60,2025-12-17T14:07:59Z,1,750.8669444444445,,0,,,0,,23.0,0.0,0.0,23.0,1,1,0,23.0,12.0,5882.0,,,,,,,,,,,,,,,,,,,,,,,,,,,,,,,,,,,,,,,0,1,1
2026-01-17T21:30:00Z,2026-01-17T22:00:00Z,30,2025-12-17T14:07:59Z,1,751.3669444444445,,0,,,0,,23.0,0.0,0.0,23.0,1,1,0,23.0,11.5,5881.5,,,,,,,,,,,,,,,,,,,,,,,,,,,,,,,,,,,,,,,0,1,1
2026-01-17T21:30:00Z,2026-01-17T22:30:00Z,60,2025-12-17T14:07:59Z,1,751.3669444444445,,0,,,0,,23.0,0.0,0.0,23.0,1,1,0,23.0,11.5,5881.5,,,,,,,,,,,,,,,,,,,,,,,,,,,,,,,,,,,,,,,0,1,1
2026-01-17T22:00:00Z,2026-01-17T22:30:00Z,30,2025-12-17T14:07:59Z,1,751.8669444444445,,0,,,0,,23.0,0.0,0.0,23.0,1,1,0,23.0,11.0,5881.0,,,,,,,,,,,,,,,,,,,,,,,,,,,,,,,,,,,,,,,0,1,1
2026-01-17T22:00:00Z,2026-01-17T23:00:00Z,60,2025-12-17T14:07:59Z,1,751.8669444444445,,0,,,0,,23.0,0.0,0.0,23.0,1,1,0,23.0,11.0,5881.0,,,,,,,,,,,,,,,,,,,,,,,,,,,,,,,,,,,,,,,0,1,1
2026-01-17T22:30:00Z,2026-01-17T23:00:00Z,30,2025-12-17T14:07:59Z,1,752.3669444444445,,0,,,0,,23.0,0.0,0.0,23.0,1,1,0,23.0,10.5,5880.5,,,,,,,,,,,,,,,,,,,,,,,,,,,,,,,,,,,,,,,0,1,1
2026-01-17T22:30:00Z,2026-01-17T23:30:00Z,60,2025-12-17T14:07:59Z,1,752.3669444444445,,0,,,0,,23.0,0.0,0.0,23.0,1,1,0,23.0,10.5,5880.5,,,,,,,,,,,,,,,,,,,,,,,,,,,,,,,,,,,,,,,0,1,1
2026-01-17T23:00:00Z,2026-01-17T23:30:00Z,30,2025-12-17T14:07:59Z,1,752.8669444444445,,0,,,0,,23.0,0.0,0.0,23.0,1,1,0,23.0,10.0,5880.0,,,,,,,,,,,,,,,,,,,,,,,,,,,,,,,,,,,,,,,0,1,1
2026-01-17T23:00:00Z,2026-01-18T00:00:00Z,60,2025-12-17T14:07:59Z,1,752.8669444444445,,0,,,0,,23.0,0.0,0.0,23.0,1,1,0,23.0,10.0,5880.0,,,,,,,,,,,,,,,,,,,,,,,,,,,,,,,,,,,,,,,0,1,1
2026-01-17T23:30:00Z,2026-01-18T00:00:00Z,30,2025-12-17T14:07:59Z,1,753.3669444444445,,0,,,0,,23.0,0.0,0.0,23.0,1,1,0,23.0,9.5,5879.5,,,,,,,,,,,,,,,,,,,,,,,,,,,,,,,,,,,,,,,0,1,1
2026-01-17T23:30:00Z,2026-01-18T00:30:00Z,60,2025-12-17T14:07:59Z,1,753.3669444444445,,0,,,0,,23.0,0.0,0.0,23.0,1,1,0,23.0,9.5,5879.5,,,,,,,,,,,,,,,,,,,,,,,,,,,,,,,,,,,,,,,0,1,1
2026-01-18T00:00:00Z,2026-01-18T00:30:00Z,30,2025-12-17T14:07:59Z,1,753.8669444444445,,0,,,0,,23.0,0.0,0.0,23.0,1,1,0,23.0,9.0,5879.0,,,,,,,,,,,,,,,,,,,,,,,,,,,,,,,,,,,,,,,0,1,1
2026-01-18T00:00:00Z,2026-01-18T01:00:00Z,60,2025-12-17T14:07:59Z,1,753.8669444444445,,0,,,0,,23.0,0.0,0.0,23.0,1,1,0,23.0,9.0,5879.0,,,,,,,,,,,,,,,,,,,,,,,,,,,,,,,,,,,,,,,0,1,1
2026-01-18T00:30:00Z,2026-01-18T01:00:00Z,30,2025-12-17T14:07:59Z,1,754.3669444444445,,0,,,0,,23.0,0.0,0.0,23.0,1,1,0,23.0,8.5,5878.5,,,,,,,,,,,,,,,,,,,,,,,,,,,,,,,,,,,,,,,0,1,1
2026-01-18T00:30:00Z,2026-01-18T01:30:00Z,60,2025-12-17T14:07:59Z,1,754.3669444444445,,0,,,0,,23.0,0.0,0.0,23.0,1,1,0,23.0,8.5,5878.5,,,,,,,,,,,,,,,,,,,,,,,,,,,,,,,,,,,,,,,0,1,1
2026-01-18T01:00:00Z,2026-01-18T01:30:00Z,30,2025-12-17T14:07:59Z,1,754.8669444444445,,0,,,0,,23.0,0.0,0.0,23.0,1,1,0,23.0,8.0,5878.0,,,,,,,,,,,,,,,,,,,,,,,,,,,,,,,,,,,,,,,0,1,1
2026-01-18T01:00:00Z,2026-01-18T02:00:00Z,60,2025-12-17T14:07:59Z,1,754.8669444444445,,0,,,0,,23.0,0.0,0.0,23.0,1,1,0,23.0,8.0,5878.0,,,,,,,,,,,,,,,,,,,,,,,,,,,,,,,,,,,,,,,0,1,1
2026-01-18T01:30:00Z,2026-01-18T02:00:00Z,30,2025-12-17T14:07:59Z,1,755.3669444444445,,0,,,0,,23.0,0.0,0.0,23.0,1,1,0,23.0,7.5,5877.5,,,,,,,,,,,,,,,,,,,,,,,,,,,,,,,,,,,,,,,0,1,1
2026-01-18T01:30:00Z,2026-01-18T02:30:00Z,60,2025-12-17T14:07:59Z,1,755.3669444444445,,0,,,0,,23.0,0.0,0.0,23.0,1,1,0,23.0,7.5,5877.5,,,,,,,,,,,,,,,,,,,,,,,,,,,,,,,,,,,,,,,0,1,1
2026-01-18T02:00:00Z,2026-01-18T02:30:00Z,30,2025-12-17T14:07:59Z,1,755.8669444444445,,0,,,0,,23.0,0.0,0.0,23.0,1,1,0,23.0,7.0,5877.0,,,,,,,,,,,,,,,,,,,,,,,,,,,,,,,,,,,,,,,0,1,1
2026-01-18T02:00:00Z,2026-01-18T03:00:00Z,60,2025-12-17T14:07:59Z,1,755.8669444444445,,0,,,0,,23.0,0.0,0.0,23.0,1,1,0,23.0,7.0,5877.0,,,,,,,,,,,,,,,,,,,,,,,,,,,,,,,,,,,,,,,0,1,1
2026-01-18T02:30:00Z,2026-01-18T03:00:00Z,30,2025-12-17T14:07:59Z,1,756.3669444444445,,0,,,0,,23.0,0.0,0.0,23.0,1,1,0,23.0,6.5,5876.5,,,,,,,,,,,,,,,,,,,,,,,,,,,,,,,,,,,,,,,0,1,1
2026-01-18T02:30:00Z,2026-01-18T03:30:00Z,60,2025-12-17T14:07:59Z,1,756.3669444444445,,0,,,0,,23.0,0.0,0.0,23.0,1,1,0,23.0,6.5,5876.5,,,,,,,,,,,,,,,,,,,,,,,,,,,,,,,,,,,,,,,0,1,1
2026-01-18T03:00:00Z,2026-01-18T03:30:00Z,30,2025-12-17T14:07:59Z,1,756.8669444444445,,0,,,0,,23.0,0.0,0.0,23.0,1,1,0,23.0,6.0,5876.0,,,,,,,,,,,,,,,,,,,,,,,,,,,,,,,,,,,,,,,0,1,1
2026-01-18T03:00:00Z,2026-01-18T04:00:00Z,60,2025-12-17T14:07:59Z,1,756.8669444444445,,0,,,0,,23.0,0.0,0.0,23.0,1,1,0,23.0,6.0,5876.0,,,,,,,,,,,,,,,,,,,,,,,,,,,,,,,,,,,,,,,0,1,1
2026-01-18T03:30:00Z,2026-01-18T04:00:00Z,30,2025-12-17T14:07:59Z,1,757.3669444444445,,0,,,0,,23.0,0.0,0.0,23.0,1,1,0,23.0,5.5,5875.5,,,,,,,,,,,,,,,,,,,,,,,,,,,,,,,,,,,,,,,0,1,1
2026-01-18T03:30:00Z,2026-01-18T04:30:00Z,60,2025-12-17T14:07:59Z,1,757.3669444444445,,0,,,0,,23.0,0.0,0.0,23.0,1,1,0,23.0,5.5,5875.5,,,,,,,,,,,,,,,,,,,,,,,,,,,,,,,,,,,,,,,0,1,1
2026-01-18T04:00:00Z,2026-01-18T04:30:00Z,30,2025-12-17T14:07:59Z,1,757.8669444444445,,0,,,0,,23.0,0.0,0.0,23.0,1,1,0,23.0,5.0,5875.0,,,,,,,,,,,,,,,,,,,,,,,,,,,,,,,,,,,,,,,0,1,1
2026-01-18T04:00:00Z,2026-01-18T05:00:00Z,60,2025-12-17T14:07:59Z,1,757.8669444444445,,0,,,0,,23.0,0.0,0.0,23.0,1,1,0,23.0,5.0,5875.0,,,,,,,,,,,,,,,,,,,,,,,,,,,,,,,,,,,,,,,0,1,1
2026-01-18T04:30:00Z,2026-01-18T05:00:00Z,30,2025-12-17T14:07:59Z,1,758.3669444444445,,0,,,0,,23.0,0.0,0.0,23.0,1,1,0,23.0,4.5,5874.5,,,,,,,,,,,,,,,,,,,,,,,,,,,,,,,,,,,,,,,0,1,1
2026-01-18T04:30:00Z,2026-01-18T05:30:00Z,60,2025-12-17T14:07:59Z,1,758.3669444444445,,0,,,0,,23.0,0.0,0.0,23.0,1,1,0,23.0,4.5,5874.5,,,,,,,,,,,,,,,,,,,,,,,,,,,,,,,,,,,,,,,0,1,1
2026-01-18T05:00:00Z,2026-01-18T05:30:00Z,30,2025-12-17T14:07:59Z,1,758.8669444444445,,0,,,0,,23.0,0.0,0.0,23.0,1,1,0,23.0,4.0,5874.0,,,,,,,,,,,,,,,,,,,,,,,,,,,,,,,,,,,,,,,0,1,1
2026-01-18T05:00:00Z,2026-01-18T06:00:00Z,60,2025-12-17T14:07:59Z,1,758.8669444444445,,0,,,0,,23.0,0.0,0.0,23.0,1,1,0,23.0,4.0,5874.0,,,,,,,,,,,,,,,,,,,,,,,,,,,,,,,,,,,,,,,0,1,1
2026-01-18T05:30:00Z,2026-01-18T06:00:00Z,30,2025-12-17T14:07:59Z,1,759.3669444444445,,0,,,0,,23.0,0.0,0.0,23.0,1,1,0,23.0,3.5,5873.5,,,,,,,,,,,,,,,,,,,,,,,,,,,,,,,,,,,,,,,0,1,1
2026-01-18T05:30:00Z,2026-01-18T06:30:00Z,60,2025-12-17T14:07:59Z,1,759.3669444444445,,0,,,0,,23.0,0.0,0.0,23.0,1,1,0,23.0,3.5,5873.5,,,,,,,,,,,,,,,,,,,,,,,,,,,,,,,,,,,,,,,0,1,1
2026-01-18T06:00:00Z,2026-01-18T06:30:00Z,30,2025-12-17T14:07:59Z,1,759.8669444444445,,0,,,0,,23.0,0.0,0.0,23.0,1,1,0,23.0,3.0,5873.0,,,,,,,,,,,,,,,,,,,,,,,,,,,,,,,,,,,,,,,0,1,1
2026-01-18T06:00:00Z,2026-01-18T07:00:00Z,60,2025-12-17T14:07:59Z,1,759.8669444444445,,0,,,0,,23.0,0.0,0.0,23.0,1,1,0,23.0,3.0,5873.0,,,,,,,,,,,,,,,,,,,,,,,,,,,,,,,,,,,,,,,0,1,1
2026-01-18T06:30:00Z,2026-01-18T07:00:00Z,30,2025-12-17T14:07:59Z,1,760.3669444444445,,0,,,0,,23.0,0.0,0.0,23.0,1,1,0,23.0,2.5,5872.5,,,,,,,,,,,,,,,,,,,,,,,,,,,,,,,,,,,,,,,0,1,1
2026-01-18T06:30:00Z,2026-01-18T07:30:00Z,60,2025-12-17T14:07:59Z,1,760.3669444444445,,0,,,0,,23.0,0.0,0.0,23.0,1,1,0,23.0,2.5,5872.5,,,,,,,,,,,,,,,,,,,,,,,,,,,,,,,,,,,,,,,0,1,1
2026-01-18T07:00:00Z,2026-01-18T07:30:00Z,30,2025-12-17T14:07:59Z,1,760.8669444444445,,0,,,0,,23.0,0.0,0.0,23.0,1,1,0,23.0,2.0,5872.0,,,,,,,,,,,,,,,,,,,,,,,,,,,,,,,,,,,,,,,0,1,1
2026-01-18T07:00:00Z,2026-01-18T08:00:00Z,60,2025-12-17T14:07:59Z,1,760.8669444444445,,0,,,0,,23.0,0.0,0.0,23.0,1,1,0,23.0,2.0,5872.0,,,,,,,,,,,,,,,,,,,,,,,,,,,,,,,,,,,,,,,0,1,1
2026-01-18T07:30:00Z,2026-01-18T08:00:00Z,30,2025-12-17T14:07:59Z,1,761.3669444444445,,0,,,0,,23.0,0.0,0.0,23.0,1,1,0,23.0,1.5,5871.5,,,,,,,,,,,,,,,,,,,,,,,,,,,,,,,,,,,,,,,0,1,1
2026-01-18T07:30:00Z,2026-01-18T08:30:00Z,60,2025-12-17T14:07:59Z,1,761.3669444444445,,0,,,0,,23.0,0.0,0.0,23.0,1,1,0,23.0,1.5,5871.5,,,,,,,,,,,,,,,,,,,,,,,,,,,,,,,,,,,,,,,0,1,1
2026-01-18T08:00:00Z,2026-01-18T08:30:00Z,30,2025-12-17T14:07:59Z,1,761.8669444444445,,0,,,0,,23.0,0.0,0.0,23.0,1,1,0,23.0,1.0,5871.0,,,,,,,,,,,,,,,,,,,,,,,,,,,,,,,,,,,,,,,0,1,1
2026-01-18T08:00:00Z,2026-01-18T09:00:00Z,60,2025-12-17T14:07:59Z,1,761.8669444444445,,0,,,0,,23.0,500.0,0.0,523.0,2,1,1,500.0,1.0,15.0,,,,,,,,,,,,,,,,,,,,,,,,,,,,,,,,,,,,,,,0,1,1
2026-01-18T08:30:00Z,2026-01-18T09:00:00Z,30,2025-12-17T14:07:59Z,1,762.3669444444445,,0,,,0,,23.0,500.0,0.0,523.0,2,1,1,500.0,0.5,14.5,,,,,,,,,,,,,,,,,,,,,,,,,,,,,,,,,,,,,,,0,1,1
2026-01-18T08:30:00Z,2026-01-18T09:30:00Z,60,2025-12-17T14:07:59Z,1,762.3669444444445,,0,,,0,,23.0,500.0,0.0,523.0,2,1,1,500.0,0.5,14.5,,,,,,,,,,,,,,,,,,,,,,,,,,,,,,,,,,,,,,,0,1,1
2026-01-18T09:00:00Z,2026-01-18T09:30:00Z,30,2025-12-17T14:07:59Z,1,762.8669444444445,,0,,,0,,23.0,500.0,0.0,523.0,2,1,1,500.0,21.0,14.0,,,,,,,,,,,,,,,,,,,,,,,,,,,,,,,,,,,,,,,0,1,1
2026-01-18T09:00:00Z,2026-01-18T10:00:00Z,60,2025-12-17T14:07:59Z,1,762.8669444444445,,0,,,0,,23.0,500.0,0.0,523.0,2,1,1,500.0,21.0,14.0,,,,,,,,,,,,,,,,,,,,,,,,,,,,,,,,,,,,,,,0,1,1
2026-01-18T09:30:00Z,2026-01-18T10:00:00Z,30,2025-12-17T14:07:59Z,1,763.3669444444445,,0,,,0,,23.0,500.0,0.0,523.0,2,1,1,500.0,20.5,13.5,,,,,,,,,,,,,,,,,,,,,,,,,,,,,,,,,,,,,,,0,1,1
2026-01-18T09:30:00Z,2026-01-18T10:30:00Z,60,2025-12-17T14:07:59Z,1,763.3669444444445,,0,,,0,,23.0,500.0,0.0,523.0,2,1,1,500.0,20.5,13.5,,,,,,,,,,,,,,,,,,,,,,,,,,,,,,,,,,,,,,,0,1,1
2026-01-18T10:00:00Z,2026-01-18T10:30:00Z,30,2025-12-17T14:07:59Z,1,763.8669444444445,,0,,,0,,23.0,500.0,0.0,523.0,2,1,1,500.0,20.0,13.0,,,,,,,,,,,,,,,,,,,,,,,,,,,,,,,,,,,,,,,0,1,1
2026-01-18T10:00:00Z,2026-01-18T11:00:00Z,60,2025-12-17T14:07:59Z,1,763.8669444444445,,0,,,0,,23.0,500.0,0.0,523.0,2,1,1,500.0,20.0,13.0,,,,,,,,,,,,,,,,,,,,,,,,,,,,,,,,,,,,,,,0,1,1
2026-01-18T10:30:00Z,2026-01-18T11:00:00Z,30,2025-12-17T14:07:59Z,1,764.3669444444445,,0,,,0,,23.0,500.0,0.0,523.0,2,1,1,500.0,19.5,12.5,,,,,,,,,,,,,,,,,,,,,,,,,,,,,,,,,,,,,,,0,1,1
2026-01-18T10:30:00Z,2026-01-18T11:30:00Z,60,2025-12-17T14:07:59Z,1,764.3669444444445,,0,,,0,,23.0,500.0,0.0,523.0,2,1,1,500.0,19.5,12.5,,,,,,,,,,,,,,,,,,,,,,,,,,,,,,,,,,,,,,,0,1,1
2026-01-18T11:00:00Z,2026-01-18T11:30:00Z,30,2025-12-17T14:07:59Z,1,764.8669444444445,,0,,,0,,23.0,500.0,0.0,523.0,2,1,1,500.0,19.0,12.0,,,,,,,,,,,,,,,,,,,,,,,,,,,,,,,,,,,,,,,0,1,1
2026-01-18T11:00:00Z,2026-01-18T12:00:00Z,60,2025-12-17T14:07:59Z,1,764.8669444444445,,0,,,0,,23.0,500.0,0.0,523.0,2,1,1,500.0,19.0,12.0,,,,,,,,,,,,,,,,,,,,,,,,,,,,,,,,,,,,,,,0,1,1
2026-01-18T11:30:00Z,2026-01-18T12:00:00Z,30,2025-12-17T14:07:59Z,1,765.3669444444445,,0,,,0,,23.0,500.0,0.0,523.0,2,1,1,500.0,18.5,11.5,,,,,,,,,,,,,,,,,,,,,,,,,,,,,,,,,,,,,,,0,1,1
2026-01-18T11:30:00Z,2026-01-18T12:30:00Z,60,2025-12-17T14:07:59Z,1,765.3669444444445,,0,,,0,,23.0,500.0,0.0,523.0,2,1,1,500.0,18.5,11.5,,,,,,,,,,,,,,,,,,,,,,,,,,,,,,,,,,,,,,,0,1,1
2026-01-18T12:00:00Z,2026-01-18T12:30:00Z,30,2025-12-17T14:07:59Z,1,765.8669444444445,,0,,,0,,23.0,500.0,0.0,523.0,2,1,1,500.0,18.0,11.0,,,,,,,,,,,,,,,,,,,,,,,,,,,,,,,,,,,,,,,0,1,1
2026-01-18T12:00:00Z,2026-01-18T13:00:00Z,60,2025-12-17T14:07:59Z,1,765.8669444444445,,0,,,0,,23.0,500.0,0.0,523.0,2,1,1,500.0,18.0,11.0,,,,,,,,,,,,,,,,,,,,,,,,,,,,,,,,,,,,,,,0,1,1
2026-01-18T12:30:00Z,2026-01-18T13:00:00Z,30,2025-12-17T14:07:59Z,1,766.3669444444445,,0,,,0,,23.0,500.0,0.0,523.0,2,1,1,500.0,17.5,10.5,,,,,,,,,,,,,,,,,,,,,,,,,,,,,,,,,,,,,,,0,1,1
2026-01-18T12:30:00Z,2026-01-18T13:30:00Z,60,2025-12-17T14:07:59Z,1,766.3669444444445,,0,,,0,,23.0,500.0,0.0,523.0,2,1,1,500.0,17.5,10.5,,,,,,,,,,,,,,,,,,,,,,,,,,,,,,,,,,,,,,,0,1,1
2026-01-18T13:00:00Z,2026-01-18T13:30:00Z,30,2025-12-17T14:07:59Z,1,766.8669444444445,,0,,,0,,23.0,500.0,0.0,523.0,2,1,1,500.0,17.0,10.0,,,,,,,,,,,,,,,,,,,,,,,,,,,,,,,,,,,,,,,0,1,1
2026-01-18T13:00:00Z,2026-01-18T14:00:00Z,60,2025-12-17T14:07:59Z,1,766.8669444444445,,0,,,0,,23.0,500.0,0.0,523.0,2,1,1,500.0,17.0,10.0,,,,,,,,,,,,,,,,,,,,,,,,,,,,,,,,,,,,,,,0,1,1
2026-01-18T13:30:00Z,2026-01-18T14:00:00Z,30,2025-12-17T14:07:59Z,1,767.3669444444445,,0,,,0,,23.0,500.0,0.0,523.0,2,1,1,500.0,16.5,9.5,,,,,,,,,,,,,,,,,,,,,,,,,,,,,,,,,,,,,,,0,1,1
2026-01-18T13:30:00Z,2026-01-18T14:30:00Z,60,2025-12-17T14:07:59Z,1,767.3669444444445,,0,,,0,,23.0,500.0,0.0,523.0,2,1,1,500.0,16.5,9.5,,,,,,,,,,,,,,,,,,,,,,,,,,,,,,,,,,,,,,,0,1,1
2026-01-18T14:00:00Z,2026-01-18T14:30:00Z,30,2025-12-17T14:07:59Z,1,767.8669444444445,,0,,,0,,23.0,500.0,0.0,523.0,2,1,1,500.0,16.0,9.0,,,,,,,,,,,,,,,,,,,,,,,,,,,,,,,,,,,,,,,0,1,1
2026-01-18T14:00:00Z,2026-01-18T15:00:00Z,60,2025-12-17T14:07:59Z,1,767.8669444444445,,0,,,0,,23.0,500.0,0.0,523.0,2,1,1,500.0,16.0,9.0,,,,,,,,,,,,,,,,,,,,,,,,,,,,,,,,,,,,,,,0,1,1
2026-01-18T14:30:00Z,2026-01-18T15:00:00Z,30,2025-12-17T14:07:59Z,1,768.3669444444445,,0,,,0,,23.0,500.0,0.0,523.0,2,1,1,500.0,15.5,8.5,,,,,,,,,,,,,,,,,,,,,,,,,,,,,,,,,,,,,,,0,1,1
2026-01-18T14:30:00Z,2026-01-18T15:30:00Z,60,2025-12-17T14:07:59Z,1,768.3669444444445,,0,,,0,,23.0,500.0,0.0,523.0,2,1,1,500.0,15.5,8.5,,,,,,,,,,,,,,,,,,,,,,,,,,,,,,,,,,,,,,,0,1,1
2026-01-18T15:00:00Z,2026-01-18T15:30:00Z,30,2025-12-17T14:07:59Z,1,768.8669444444445,,0,,,0,,23.0,500.0,0.0,523.0,2,1,1,500.0,15.0,8.0,,,,,,,,,,,,,,,,,,,,,,,,,,,,,,,,,,,,,,,0,1,1
2026-01-18T15:00:00Z,2026-01-18T16:00:00Z,60,2025-12-17T14:07:59Z,1,768.8669444444445,,0,,,0,,23.0,500.0,0.0,523.0,2,1,1,500.0,15.0,8.0,,,,,,,,,,,,,,,,,,,,,,,,,,,,,,,,,,,,,,,0,1,1
2026-01-18T15:30:00Z,2026-01-18T16:00:00Z,30,2025-12-17T14:07:59Z,1,769.3669444444445,,0,,,0,,23.0,500.0,0.0,523.0,2,1,1,500.0,14.5,7.5,,,,,,,,,,,,,,,,,,,,,,,,,,,,,,,,,,,,,,,0,1,1
2026-01-18T15:30:00Z,2026-01-18T16:30:00Z,60,2025-12-17T14:07:59Z,1,769.3669444444445,,0,,,0,,23.0,500.0,0.0,523.0,2,1,1,500.0,14.5,7.5,,,,,,,,,,,,,,,,,,,,,,,,,,,,,,,,,,,,,,,0,1,1
2026-01-18T16:00:00Z,2026-01-18T16:30:00Z,30,2025-12-17T14:07:59Z,1,769.8669444444445,,0,,,0,,23.0,500.0,0.0,523.0,2,1,1,500.0,14.0,7.0,,,,,,,,,,,,,,,,,,,,,,,,,,,,,,,,,,,,,,,0,1,1
2026-01-18T16:00:00Z,2026-01-18T17:00:00Z,60,2025-12-17T14:07:59Z,1,769.8669444444445,,0,,,0,,23.0,500.0,0.0,523.0,2,1,1,500.0,14.0,7.0,,,,,,,,,,,,,,,,,,,,,,,,,,,,,,,,,,,,,,,0,1,1
2026-01-18T16:30:00Z,2026-01-18T17:00:00Z,30,2025-12-17T14:07:59Z,1,770.3669444444445,,0,,,0,,23.0,500.0,0.0,523.0,2,1,1,500.0,13.5,6.5,,,,,,,,,,,,,,,,,,,,,,,,,,,,,,,,,,,,,,,0,1,1
2026-01-18T16:30:00Z,2026-01-18T17:30:00Z,60,2025-12-17T14:07:59Z,1,770.3669444444445,,0,,,0,,23.0,500.0,0.0,523.0,2,1,1,500.0,13.5,6.5,,,,,,,,,,,,,,,,,,,,,,,,,,,,,,,,,,,,,,,0,1,1
2026-01-18T17:00:00Z,2026-01-18T17:30:00Z,30,2025-12-17T14:07:59Z,1,770.8669444444445,,0,,,0,,23.0,500.0,0.0,523.0,2,1,1,500.0,13.0,6.0,,,,,,,,,,,,,,,,,,,,,,,,,,,,,,,,,,,,,,,0,1,1
2026-01-18T17:00:00Z,2026-01-18T18:00:00Z,60,2025-12-17T14:07:59Z,1,770.8669444444445,,0,,,0,,23.0,500.0,0.0,523.0,2,1,1,500.0,13.0,6.0,,,,,,,,,,,,,,,,,,,,,,,,,,,,,,,,,,,,,,,0,1,1
2026-01-18T17:30:00Z,2026-01-18T18:00:00Z,30,2025-12-17T14:07:59Z,1,771.3669444444445,,0,,,0,,23.0,500.0,0.0,523.0,2,1,1,500.0,12.5,5.5,,,,,,,,,,,,,,,,,,,,,,,,,,,,,,,,,,,,,,,0,1,1
2026-01-18T17:30:00Z,2026-01-18T18:30:00Z,60,2025-12-17T14:07:59Z,1,771.3669444444445,,0,,,0,,23.0,500.0,0.0,523.0,2,1,1,500.0,12.5,5.5,,,,,,,,,,,,,,,,,,,,,,,,,,,,,,,,,,,,,,,0,1,1
2026-01-18T18:00:00Z,2026-01-18T18:30:00Z,30,2025-12-17T14:07:59Z,1,771.8669444444445,,0,,,0,,23.0,500.0,0.0,523.0,2,1,1,500.0,12.0,5.0,,,,,,,,,,,,,,,,,,,,,,,,,,,,,,,,,,,,,,,0,1,1
2026-01-18T18:00:00Z,2026-01-18T19:00:00Z,60,2025-12-17T14:07:59Z,1,771.8669444444445,,0,,,0,,23.0,500.0,0.0,523.0,2,1,1,500.0,12.0,5.0,,,,,,,,,,,,,,,,,,,,,,,,,,,,,,,,,,,,,,,0,1,1
2026-01-18T18:30:00Z,2026-01-18T19:00:00Z,30,2025-12-17T14:07:59Z,1,772.3669444444445,,0,,,0,,23.0,500.0,0.0,523.0,2,1,1,500.0,11.5,4.5,,,,,,,,,,,,,,,,,,,,,,,,,,,,,,,,,,,,,,,0,1,1
2026-01-18T18:30:00Z,2026-01-18T19:30:00Z,60,2025-12-17T14:07:59Z,1,772.3669444444445,,0,,,0,,23.0,500.0,0.0,523.0,2,1,1,500.0,11.5,4.5,,,,,,,,,,,,,,,,,,,,,,,,,,,,,,,,,,,,,,,0,1,1
2026-01-18T19:00:00Z,2026-01-18T19:30:00Z,30,2025-12-17T14:07:59Z,1,772.8669444444445,,0,,,0,,23.0,500.0,0.0,523.0,2,1,1,500.0,11.0,4.0,,,,,,,,,,,,,,,,,,,,,,,,,,,,,,,,,,,,,,,0,1,1
2026-01-18T19:00:00Z,2026-01-18T20:00:00Z,60,2025-12-17T14:07:59Z,1,772.8669444444445,,0,,,0,,23.0,500.0,0.0,523.0,2,1,1,500.0,11.0,4.0,,,,,,,,,,,,,,,,,,,,,,,,,,,,,,,,,,,,,,,0,1,1
2026-01-18T19:30:00Z,2026-01-18T20:00:00Z,30,2025-12-17T14:07:59Z,1,773.3669444444445,,0,,,0,,23.0,500.0,0.0,523.0,2,1,1,500.0,10.5,3.5,,,,,,,,,,,,,,,,,,,,,,,,,,,,,,,,,,,,,,,0,1,1
2026-01-18T19:30:00Z,2026-01-18T20:30:00Z,60,2025-12-17T14:07:59Z,1,773.3669444444445,,0,,,0,,23.0,500.0,0.0,523.0,2,1,1,500.0,10.5,3.5,,,,,,,,,,,,,,,,,,,,,,,,,,,,,,,,,,,,,,,0,1,1
2026-01-18T20:00:00Z,2026-01-18T20:30:00Z,30,2025-12-17T14:07:59Z,1,773.8669444444445,,0,,,0,,23.0,500.0,0.0,523.0,2,1,1,500.0,10.0,3.0,,,,,,,,,,,,,,,,,,,,,,,,,,,,,,,,,,,,,,,0,1,1
2026-01-18T20:00:00Z,2026-01-18T21:00:00Z,60,2025-12-17T14:07:59Z,1,773.8669444444445,,0,,,0,,23.0,500.0,0.0,523.0,2,1,1,500.0,10.0,3.0,,,,,,,,,,,,,,,,,,,,,,,,,,,,,,,,,,,,,,,0,1,1
2026-01-18T20:30:00Z,2026-01-18T21:00:00Z,30,2025-12-17T14:07:59Z,1,774.3669444444445,,0,,,0,,23.0,500.0,0.0,523.0,2,1,1,500.0,9.5,2.5,,,,,,,,,,,,,,,,,,,,,,,,,,,,,,,,,,,,,,,0,1,1
2026-01-18T20:30:00Z,2026-01-18T21:30:00Z,60,2025-12-17T14:07:59Z,1,774.3669444444445,,0,,,0,,23.0,500.0,0.0,523.0,2,1,1,500.0,9.5,2.5,,,,,,,,,,,,,,,,,,,,,,,,,,,,,,,,,,,,,,,0,1,1
2026-01-18T21:00:00Z,2026-01-18T21:30:00Z,30,2025-12-17T14:07:59Z,1,774.8669444444445,,0,,,0,,23.0,500.0,0.0,523.0,2,1,1,500.0,9.0,2.0,,,,,,,,,,,,,,,,,,,,,,,,,,,,,,,,,,,,,,,0,1,1
2026-01-18T21:00:00Z,2026-01-18T22:00:00Z,60,2025-12-17T14:07:59Z,1,774.8669444444445,,0,,,0,,23.0,500.0,0.0,523.0,2,1,1,500.0,9.0,2.0,,,,,,,,,,,,,,,,,,,,,,,,,,,,,,,,,,,,,,,0,1,1
2026-01-18T21:30:00Z,2026-01-18T22:00:00Z,30,2025-12-17T14:07:59Z,1,775.3669444444445,,0,,,0,,23.0,500.0,0.0,523.0,2,1,1,500.0,8.5,1.5,,,,,,,,,,,,,,,,,,,,,,,,,,,,,,,,,,,,,,,0,1,1
2026-01-18T21:30:00Z,2026-01-18T22:30:00Z,60,2025-12-17T14:07:59Z,1,775.3669444444445,,0,,,0,,23.0,500.0,0.0,523.0,2,1,1,500.0,8.5,1.5,,,,,,,,,,,,,,,,,,,,,,,,,,,,,,,,,,,,,,,0,1,1
2026-01-18T22:00:00Z,2026-01-18T22:30:00Z,30,2025-12-17T14:07:59Z,1,775.8669444444445,,0,,,0,,23.0,500.0,0.0,523.0,2,1,1,500.0,8.0,1.0,,,,,,,,,,,,,,,,,,,,,,,,,,,,,,,,,,,,,,,0,1,1
2026-01-18T22:00:00Z,2026-01-18T23:00:00Z,60,2025-12-17T14:07:59Z,1,775.8669444444445,,0,,,0,,23.0,0.0,0.0,23.0,1,1,0,23.0,8.0,5857.0,,,,,,,,,,,,,,,,,,,,,,,,,,,,,,,,,,,,,,,0,1,1
2026-01-18T22:30:00Z,2026-01-18T23:00:00Z,30,2025-12-17T14:07:59Z,1,776.3669444444445,,0,,,0,,23.0,0.0,0.0,23.0,1,1,0,23.0,7.5,5856.5,,,,,,,,,,,,,,,,,,,,,,,,,,,,,,,,,,,,,,,0,1,1
2026-01-18T22:30:00Z,2026-01-18T23:30:00Z,60,2025-12-17T14:07:59Z,1,776.3669444444445,,0,,,0,,23.0,0.0,0.0,23.0,1,1,0,23.0,7.5,5856.5,,,,,,,,,,,,,,,,,,,,,,,,,,,,,,,,,,,,,,,0,1,1
2026-01-18T23:00:00Z,2026-01-18T23:30:00Z,30,2025-12-17T14:07:59Z,1,776.8669444444445,,0,,,0,,23.0,0.0,0.0,23.0,1,1,0,23.0,7.0,5856.0,,,,,,,,,,,,,,,,,,,,,,,,,,,,,,,,,,,,,,,0,1,1
2026-01-18T23:00:00Z,2026-01-19T00:00:00Z,60,2025-12-17T14:07:59Z,1,776.8669444444445,,0,,,0,,23.0,0.0,0.0,23.0,1,1,0,23.0,7.0,5856.0,,,,,,,,,,,,,,,,,,,,,,,,,,,,,,,,,,,,,,,0,1,1
2026-01-18T23:30:00Z,2026-01-19T00:00:00Z,30,2025-12-17T14:07:59Z,1,777.3669444444445,,0,,,0,,23.0,0.0,0.0,23.0,1,1,0,23.0,6.5,5855.5,,,,,,,,,,,,,,,,,,,,,,,,,,,,,,,,,,,,,,,0,1,1
2026-01-18T23:30:00Z,2026-01-19T00:30:00Z,60,2025-12-17T14:07:59Z,1,777.3669444444445,,0,,,0,,23.0,0.0,0.0,23.0,1,1,0,23.0,6.5,5855.5,,,,,,,,,,,,,,,,,,,,,,,,,,,,,,,,,,,,,,,0,1,1
2026-01-19T00:00:00Z,2026-01-19T00:30:00Z,30,2025-12-17T14:07:59Z,1,777.8669444444445,,0,,,0,,23.0,0.0,0.0,23.0,1,1,0,23.0,6.0,5855.0,,,,,,,,,,,,,,,,,,,,,,,,,,,,,,,,,,,,,,,0,1,1
2026-01-19T00:00:00Z,2026-01-19T01:00:00Z,60,2025-12-17T14:07:59Z,1,777.8669444444445,,0,,,0,,23.0,0.0,0.0,23.0,1,1,0,23.0,6.0,5855.0,,,,,,,,,,,,,,,,,,,,,,,,,,,,,,,,,,,,,,,0,1,1
2026-01-19T00:30:00Z,2026-01-19T01:00:00Z,30,2025-12-17T14:07:59Z,1,778.3669444444445,,0,,,0,,23.0,0.0,0.0,23.0,1,1,0,23.0,5.5,5854.5,,,,,,,,,,,,,,,,,,,,,,,,,,,,,,,,,,,,,,,0,1,1
2026-01-19T00:30:00Z,2026-01-19T01:30:00Z,60,2025-12-17T14:07:59Z,1,778.3669444444445,,0,,,0,,23.0,0.0,0.0,23.0,1,1,0,23.0,5.5,5854.5,,,,,,,,,,,,,,,,,,,,,,,,,,,,,,,,,,,,,,,0,1,1
2026-01-19T01:00:00Z,2026-01-19T01:30:00Z,30,2025-12-17T14:07:59Z,1,778.8669444444445,,0,,,0,,23.0,0.0,0.0,23.0,1,1,0,23.0,5.0,5854.0,,,,,,,,,,,,,,,,,,,,,,,,,,,,,,,,,,,,,,,0,1,1
2026-01-19T01:00:00Z,2026-01-19T02:00:00Z,60,2025-12-17T14:07:59Z,1,778.8669444444445,,0,,,0,,23.0,0.0,0.0,23.0,1,1,0,23.0,5.0,5854.0,,,,,,,,,,,,,,,,,,,,,,,,,,,,,,,,,,,,,,,0,1,1
2026-01-19T01:30:00Z,2026-01-19T02:00:00Z,30,2025-12-17T14:07:59Z,1,779.3669444444445,,0,,,0,,23.0,0.0,0.0,23.0,1,1,0,23.0,4.5,5853.5,,,,,,,,,,,,,,,,,,,,,,,,,,,,,,,,,,,,,,,0,1,1
2026-01-19T01:30:00Z,2026-01-19T02:30:00Z,60,2025-12-17T14:07:59Z,1,779.3669444444445,,0,,,0,,23.0,0.0,0.0,23.0,1,1,0,23.0,4.5,5853.5,,,,,,,,,,,,,,,,,,,,,,,,,,,,,,,,,,,,,,,0,1,1
2026-01-19T02:00:00Z,2026-01-19T02:30:00Z,30,2025-12-17T14:07:59Z,1,779.8669444444445,,0,,,0,,23.0,0.0,0.0,23.0,1,1,0,23.0,4.0,5853.0,,,,,,,,,,,,,,,,,,,,,,,,,,,,,,,,,,,,,,,0,1,1
2026-01-19T02:00:00Z,2026-01-19T03:00:00Z,60,2025-12-17T14:07:59Z,1,779.8669444444445,,0,,,0,,23.0,0.0,0.0,23.0,1,1,0,23.0,4.0,5853.0,,,,,,,,,,,,,,,,,,,,,,,,,,,,,,,,,,,,,,,0,1,1
2026-01-19T02:30:00Z,2026-01-19T03:00:00Z,30,2025-12-17T14:07:59Z,1,780.3669444444445,,0,,,0,,23.0,0.0,0.0,23.0,1,1,0,23.0,3.5,5852.5,,,,,,,,,,,,,,,,,,,,,,,,,,,,,,,,,,,,,,,0,1,1
2026-01-19T02:30:00Z,2026-01-19T03:30:00Z,60,2025-12-17T14:07:59Z,1,780.3669444444445,,0,,,0,,23.0,0.0,0.0,23.0,1,1,0,23.0,3.5,5852.5,,,,,,,,,,,,,,,,,,,,,,,,,,,,,,,,,,,,,,,0,1,1
2026-01-19T03:00:00Z,2026-01-19T03:30:00Z,30,2025-12-17T14:07:59Z,1,780.8669444444445,,0,,,0,,23.0,0.0,0.0,23.0,1,1,0,23.0,3.0,5852.0,,,,,,,,,,,,,,,,,,,,,,,,,,,,,,,,,,,,,,,0,1,1
2026-01-19T03:00:00Z,2026-01-19T04:00:00Z,60,2025-12-17T14:07:59Z,1,780.8669444444445,,0,,,0,,23.0,0.0,0.0,23.0,1,1,0,23.0,3.0,5852.0,,,,,,,,,,,,,,,,,,,,,,,,,,,,,,,,,,,,,,,0,1,1
2026-01-19T03:30:00Z,2026-01-19T04:00:00Z,30,2025-12-17T14:07:59Z,1,781.3669444444445,,0,,,0,,23.0,0.0,0.0,23.0,1,1,0,23.0,2.5,5851.5,,,,,,,,,,,,,,,,,,,,,,,,,,,,,,,,,,,,,,,0,1,1
2026-01-19T03:30:00Z,2026-01-19T04:30:00Z,60,2025-12-17T14:07:59Z,1,781.3669444444445,,0,,,0,,23.0,0.0,0.0,23.0,1,1,0,23.0,2.5,5851.5,,,,,,,,,,,,,,,,,,,,,,,,,,,,,,,,,,,,,,,0,1,1
2026-01-19T04:00:00Z,2026-01-19T04:30:00Z,30,2025-12-17T14:07:59Z,1,781.8669444444445,,0,,,0,,23.0,0.0,0.0,23.0,1,1,0,23.0,2.0,5851.0,,,,,,,,,,,,,,,,,,,,,,,,,,,,,,,,,,,,,,,0,1,1
2026-01-19T04:00:00Z,2026-01-19T05:00:00Z,60,2025-12-17T14:07:59Z,1,781.8669444444445,,0,,,0,,23.0,0.0,0.0,23.0,1,1,0,23.0,2.0,5851.0,,,,,,,,,,,,,,,,,,,,,,,,,,,,,,,,,,,,,,,0,1,1
2026-01-19T04:30:00Z,2026-01-19T05:00:00Z,30,2025-12-17T14:07:59Z,1,782.3669444444445,,0,,,0,,23.0,0.0,0.0,23.0,1,1,0,23.0,1.5,5850.5,,,,,,,,,,,,,,,,,,,,,,,,,,,,,,,,,,,,,,,0,1,1
2026-01-19T04:30:00Z,2026-01-19T05:30:00Z,60,2025-12-17T14:07:59Z,1,782.3669444444445,,0,,,0,,23.0,0.0,0.0,23.0,1,1,0,23.0,1.5,5850.5,,,,,,,,,,,,,,,,,,,,,,,,,,,,,,,,,,,,,,,0,1,1
2026-01-19T05:00:00Z,2026-01-19T05:30:00Z,30,2025-12-17T14:07:59Z,1,782.8669444444445,,0,,,0,,23.0,0.0,0.0,23.0,1,1,0,23.0,1.0,5850.0,,,,,,,,,,,,,,,,,,,,,,,,,,,,,,,,,,,,,,,0,1,1
2026-01-19T05:00:00Z,2026-01-19T06:00:00Z,60,2025-12-17T14:07:59Z,1,782.8669444444445,,0,,,0,,23.0,58.0,0.0,81.0,2,1,1,58.0,1.0,229.0,,,,,,,,,,,,,,,,,,,,,,,,,,,,,,,,,,,,,,,0,1,1
2026-01-19T05:30:00Z,2026-01-19T06:00:00Z,30,2025-12-17T14:07:59Z,1,783.3669444444445,,0,,,0,,23.0,58.0,0.0,81.0,2,1,1,58.0,0.5,228.5,,,,,,,,,,,,,,,,,,,,,,,,,,,,,,,,,,,,,,,0,1,1
2026-01-19T05:30:00Z,2026-01-19T06:30:00Z,60,2025-12-17T14:07:59Z,1,783.3669444444445,,0,,,0,,23.0,58.0,0.0,81.0,2,1,1,58.0,0.5,228.5,,,,,,,,,,,,,,,,,,,,,,,,,,,,,,,,,,,,,,,0,1,1
2026-01-19T06:00:00Z,2026-01-19T06:30:00Z,30,2025-12-17T14:07:59Z,1,783.8669444444445,,0,,,0,,23.0,58.0,0.0,81.0,2,1,1,58.0,352.0,228.0,,,,,,,,,,,,,,,,,,,,,,,,,,,,,,,,,,,,,,,0,1,1
2026-01-19T06:00:00Z,2026-01-19T07:00:00Z,60,2025-12-17T14:07:59Z,1,783.8669444444445,,0,,,0,,23.0,58.0,0.0,81.0,2,1,1,58.0,352.0,228.0,,,,,,,,,,,,,,,,,,,,,,,,,,,,,,,,,,,,,,,0,1,1
2026-01-19T06:30:00Z,2026-01-19T07:00:00Z,30,2025-12-17T14:07:59Z,1,784.3669444444445,,0,,,0,,23.0,58.0,0.0,81.0,2,1,1,58.0,351.5,227.5,,,,,,,,,,,,,,,,,,,,,,,,,,,,,,,,,,,,,,,0,1,1
2026-01-19T06:30:00Z,2026-01-19T07:30:00Z,60,2025-12-17T14:07:59Z,1,784.3669444444445,,0,,,0,,23.0,58.0,0.0,81.0,2,1,1,58.0,351.5,227.5,,,,,,,,,,,,,,,,,,,,,,,,,,,,,,,,,,,,,,,0,1,1
2026-01-19T07:00:00Z,2026-01-19T07:30:00Z,30,2025-12-17T14:07:59Z,1,784.8669444444445,,0,,,0,,23.0,58.0,0.0,81.0,2,1,1,58.0,351.0,227.0,,,,,,,,,,,,,,,,,,,,,,,,,,,,,,,,,,,,,,,0,1,1
2026-01-19T07:00:00Z,2026-01-19T08:00:00Z,60,2025-12-17T14:07:59Z,1,784.8669444444445,,0,,,0,,23.0,58.0,0.0,81.0,2,1,1,58.0,351.0,227.0,,,,,,,,,,,,,,,,,,,,,,,,,,,,,,,,,,,,,,,0,1,1
2026-01-19T07:30:00Z,2026-01-19T08:00:00Z,30,2025-12-17T14:07:59Z,1,785.3669444444445,,0,,,0,,23.0,58.0,0.0,81.0,2,1,1,58.0,350.5,226.5,,,,,,,,,,,,,,,,,,,,,,,,,,,,,,,,,,,,,,,0,1,1
2026-01-19T07:30:00Z,2026-01-19T08:30:00Z,60,2025-12-17T14:07:59Z,1,785.3669444444445,,0,,,0,,23.0,58.0,0.0,81.0,2,1,1,58.0,350.5,226.5,,,,,,,,,,,,,,,,,,,,,,,,,,,,,,,,,,,,,,,0,1,1
2026-01-19T08:00:00Z,2026-01-19T08:30:00Z,30,2025-12-17T14:07:59Z,1,785.8669444444445,,0,,,0,,23.0,58.0,0.0,81.0,2,1,1,58.0,350.0,226.0,,,,,,,,,,,,,,,,,,,,,,,,,,,,,,,,,,,,,,,0,1,1
2026-01-19T08:00:00Z,2026-01-19T09:00:00Z,60,2025-12-17T14:07:59Z,1,785.8669444444445,,0,,,0,,23.0,58.0,0.0,81.0,2,1,1,58.0,350.0,226.0,,,,,,,,,,,,,,,,,,,,,,,,,,,,,,,,,,,,,,,0,1,1
2026-01-19T08:30:00Z,2026-01-19T09:00:00Z,30,2025-12-17T14:07:59Z,1,786.3669444444445,,0,,,0,,23.0,58.0,0.0,81.0,2,1,1,58.0,349.5,225.5,,,,,,,,,,,,,,,,,,,,,,,,,,,,,,,,,,,,,,,0,1,1
2026-01-19T08:30:00Z,2026-01-19T09:30:00Z,60,2025-12-17T14:07:59Z,1,786.3669444444445,,0,,,0,,23.0,58.0,0.0,81.0,2,1,1,58.0,349.5,225.5,,,,,,,,,,,,,,,,,,,,,,,,,,,,,,,,,,,,,,,0,1,1
2026-01-19T09:00:00Z,2026-01-19T09:30:00Z,30,2025-12-17T14:07:59Z,1,786.8669444444445,,0,,,0,,23.0,58.0,0.0,81.0,2,1,1,58.0,349.0,225.0,,,,,,,,,,,,,,,,,,,,,,,,,,,,,,,,,,,,,,,0,1,1
2026-01-19T09:00:00Z,2026-01-19T10:00:00Z,60,2025-12-17T14:07:59Z,1,786.8669444444445,,0,,,0,,23.0,58.0,0.0,81.0,2,1,1,58.0,349.0,225.0,,,,,,,,,,,,,,,,,,,,,,,,,,,,,,,,,,,,,,,0,1,1
2026-01-19T09:30:00Z,2026-01-19T10:00:00Z,30,2025-12-17T14:07:59Z,1,787.3669444444445,,0,,,0,,23.0,58.0,0.0,81.0,2,1,1,58.0,348.5,224.5,,,,,,,,,,,,,,,,,,,,,,,,,,,,,,,,,,,,,,,0,1,1
2026-01-19T09:30:00Z,2026-01-19T10:30:00Z,60,2025-12-17T14:07:59Z,1,787.3669444444445,,0,,,0,,23.0,58.0,0.0,81.0,2,1,1,58.0,348.5,224.5,,,,,,,,,,,,,,,,,,,,,,,,,,,,,,,,,,,,,,,0,1,1
2026-01-19T10:00:00Z,2026-01-19T10:30:00Z,30,2025-12-17T14:07:59Z,1,787.8669444444445,,0,,,0,,23.0,58.0,0.0,81.0,2,1,1,58.0,348.0,224.0,,,,,,,,,,,,,,,,,,,,,,,,,,,,,,,,,,,,,,,0,1,1
2026-01-19T10:00:00Z,2026-01-19T11:00:00Z,60,2025-12-17T14:07:59Z,1,787.8669444444445,,0,,,0,,23.0,58.0,0.0,81.0,2,1,1,58.0,348.0,224.0,,,,,,,,,,,,,,,,,,,,,,,,,,,,,,,,,,,,,,,0,1,1
2026-01-19T10:30:00Z,2026-01-19T11:00:00Z,30,2025-12-17T14:07:59Z,1,788.3669444444445,,0,,,0,,23.0,58.0,0.0,81.0,2,1,1,58.0,347.5,223.5,,,,,,,,,,,,,,,,,,,,,,,,,,,,,,,,,,,,,,,0,1,1
2026-01-19T10:30:00Z,2026-01-19T11:30:00Z,60,2025-12-17T14:07:59Z,1,788.3669444444445,,0,,,0,,23.0,58.0,0.0,81.0,2,1,1,58.0,347.5,223.5,,,,,,,,,,,,,,,,,,,,,,,,,,,,,,,,,,,,,,,0,1,1
2026-01-19T11:00:00Z,2026-01-19T11:30:00Z,30,2025-12-17T14:07:59Z,1,788.8669444444445,,0,,,0,,23.0,58.0,0.0,81.0,2,1,1,58.0,347.0,223.0,,,,,,,,,,,,,,,,,,,,,,,,,,,,,,,,,,,,,,,0,1,1
2026-01-19T11:00:00Z,2026-01-19T12:00:00Z,60,2025-12-17T14:07:59Z,1,788.8669444444445,,0,,,0,,23.0,58.0,0.0,81.0,2,1,1,58.0,347.0,223.0,,,,,,,,,,,,,,,,,,,,,,,,,,,,,,,,,,,,,,,0,1,1
2026-01-19T11:30:00Z,2026-01-19T12:00:00Z,30,2025-12-17T14:07:59Z,1,789.3669444444445,,0,,,0,,23.0,58.0,0.0,81.0,2,1,1,58.0,346.5,222.5,,,,,,,,,,,,,,,,,,,,,,,,,,,,,,,,,,,,,,,0,1,1
2026-01-19T11:30:00Z,2026-01-19T12:30:00Z,60,2025-12-17T14:07:59Z,1,789.3669444444445,,0,,,0,,23.0,58.0,0.0,81.0,2,1,1,58.0,346.5,222.5,,,,,,,,,,,,,,,,,,,,,,,,,,,,,,,,,,,,,,,0,1,1
2026-01-19T12:00:00Z,2026-01-19T12:30:00Z,30,2025-12-17T14:07:59Z,1,789.8669444444445,,0,,,0,,23.0,58.0,0.0,81.0,2,1,1,58.0,346.0,222.0,,,,,,,,,,,,,,,,,,,,,,,,,,,,,,,,,,,,,,,0,1,1
2026-01-19T12:00:00Z,2026-01-19T13:00:00Z,60,2025-12-17T14:07:59Z,1,789.8669444444445,,0,,,0,,23.0,58.0,0.0,81.0,2,1,1,58.0,346.0,222.0,,,,,,,,,,,,,,,,,,,,,,,,,,,,,,,,,,,,,,,0,1,1
2026-01-19T12:30:00Z,2026-01-19T13:00:00Z,30,2025-12-17T14:07:59Z,1,790.3669444444445,,0,,,0,,23.0,58.0,0.0,81.0,2,1,1,58.0,345.5,221.5,,,,,,,,,,,,,,,,,,,,,,,,,,,,,,,,,,,,,,,0,1,1
2026-01-19T12:30:00Z,2026-01-19T13:30:00Z,60,2025-12-17T14:07:59Z,1,790.3669444444445,,0,,,0,,23.0,58.0,0.0,81.0,2,1,1,58.0,345.5,221.5,,,,,,,,,,,,,,,,,,,,,,,,,,,,,,,,,,,,,,,0,1,1
2026-01-19T13:00:00Z,2026-01-19T13:30:00Z,30,2025-12-17T14:07:59Z,1,790.8669444444445,,0,,,0,,23.0,58.0,0.0,81.0,2,1,1,58.0,345.0,221.0,,,,,,,,,,,,,,,,,,,,,,,,,,,,,,,,,,,,,,,0,1,1
2026-01-19T13:00:00Z,2026-01-19T14:00:00Z,60,2025-12-17T14:07:59Z,1,790.8669444444445,,0,,,0,,23.0,58.0,0.0,81.0,2,1,1,58.0,345.0,221.0,,,,,,,,,,,,,,,,,,,,,,,,,,,,,,,,,,,,,,,0,1,1
2026-01-19T13:30:00Z,2026-01-19T14:00:00Z,30,2025-12-17T14:07:59Z,1,791.3669444444445,,0,,,0,,23.0,58.0,0.0,81.0,2,1,1,58.0,344.5,220.5,,,,,,,,,,,,,,,,,,,,,,,,,,,,,,,,,,,,,,,0,1,1
2026-01-19T13:30:00Z,2026-01-19T14:30:00Z,60,2025-12-17T14:07:59Z,1,791.3669444444445,,0,,,0,,23.0,58.0,0.0,81.0,2,1,1,58.0,344.5,220.5,,,,,,,,,,,,,,,,,,,,,,,,,,,,,,,,,,,,,,,0,1,1
2026-01-19T14:00:00Z,2026-01-19T14:30:00Z,30,2025-12-17T14:07:59Z,1,791.8669444444445,,0,,,0,,23.0,58.0,0.0,81.0,2,1,1,58.0,344.0,220.0,,,,,,,,,,,,,,,,,,,,,,,,,,,,,,,,,,,,,,,0,1,1
2026-01-19T14:00:00Z,2026-01-19T15:00:00Z,60,2025-12-17T14:07:59Z,1,791.8669444444445,,0,,,0,,23.0,58.0,0.0,81.0,2,1,1,58.0,344.0,220.0,,,,,,,,,,,,,,,,,,,,,,,,,,,,,,,,,,,,,,,0,1,1
2026-01-19T14:30:00Z,2026-01-19T15:00:00Z,30,2025-12-17T14:07:59Z,1,792.3669444444445,,0,,,0,,23.0,58.0,0.0,81.0,2,1,1,58.0,343.5,219.5,,,,,,,,,,,,,,,,,,,,,,,,,,,,,,,,,,,,,,,0,1,1
2026-01-19T14:30:00Z,2026-01-19T15:30:00Z,60,2025-12-17T14:07:59Z,1,792.3669444444445,,0,,,0,,23.0,58.0,0.0,81.0,2,1,1,58.0,343.5,219.5,,,,,,,,,,,,,,,,,,,,,,,,,,,,,,,,,,,,,,,0,1,1
2026-01-19T15:00:00Z,2026-01-19T15:30:00Z,30,2025-12-17T14:07:59Z,1,792.8669444444445,,0,,,0,,23.0,58.0,0.0,81.0,2,1,1,58.0,343.0,219.0,,,,,,,,,,,,,,,,,,,,,,,,,,,,,,,,,,,,,,,0,1,1
2026-01-19T15:00:00Z,2026-01-19T16:00:00Z,60,2025-12-17T14:07:59Z,1,792.8669444444445,,0,,,0,,23.0,58.0,0.0,81.0,2,1,1,58.0,343.0,219.0,,,,,,,,,,,,,,,,,,,,,,,,,,,,,,,,,,,,,,,0,1,1
2026-01-19T15:30:00Z,2026-01-19T16:00:00Z,30,2025-12-17T14:07:59Z,1,793.3669444444445,,0,,,0,,23.0,58.0,0.0,81.0,2,1,1,58.0,342.5,218.5,,,,,,,,,,,,,,,,,,,,,,,,,,,,,,,,,,,,,,,0,1,1
2026-01-19T15:30:00Z,2026-01-19T16:30:00Z,60,2025-12-17T14:07:59Z,1,793.3669444444445,,0,,,0,,23.0,58.0,0.0,81.0,2,1,1,58.0,342.5,218.5,,,,,,,,,,,,,,,,,,,,,,,,,,,,,,,,,,,,,,,0,1,1
2026-01-19T16:00:00Z,2026-01-19T16:30:00Z,30,2025-12-17T14:07:59Z,1,793.8669444444445,,0,,,0,,23.0,58.0,0.0,81.0,2,1,1,58.0,342.0,218.0,,,,,,,,,,,,,,,,,,,,,,,,,,,,,,,,,,,,,,,0,1,1
2026-01-19T16:00:00Z,2026-01-19T17:00:00Z,60,2025-12-17T14:07:59Z,1,793.8669444444445,,0,,,0,,23.0,58.0,0.0,81.0,2,1,1,58.0,342.0,218.0,,,,,,,,,,,,,,,,,,,,,,,,,,,,,,,,,,,,,,,0,1,1
2026-01-19T16:30:00Z,2026-01-19T17:00:00Z,30,2025-12-17T14:07:59Z,1,794.3669444444445,,0,,,0,,23.0,58.0,0.0,81.0,2,1,1,58.0,341.5,217.5,,,,,,,,,,,,,,,,,,,,,,,,,,,,,,,,,,,,,,,0,1,1
2026-01-19T16:30:00Z,2026-01-19T17:30:00Z,60,2025-12-17T14:07:59Z,1,794.3669444444445,,0,,,0,,23.0,58.0,0.0,81.0,2,1,1,58.0,341.5,217.5,,,,,,,,,,,,,,,,,,,,,,,,,,,,,,,,,,,,,,,0,1,1
2026-01-19T17:00:00Z,2026-01-19T17:30:00Z,30,2025-12-17T14:07:59Z,1,794.8669444444445,,0,,,0,,23.0,58.0,0.0,81.0,2,1,1,58.0,341.0,217.0,,,,,,,,,,,,,,,,,,,,,,,,,,,,,,,,,,,,,,,0,1,1
2026-01-19T17:00:00Z,2026-01-19T18:00:00Z,60,2025-12-17T14:07:59Z,1,794.8669444444445,,0,,,0,,23.0,58.0,0.0,81.0,2,1,1,58.0,341.0,217.0,,,,,,,,,,,,,,,,,,,,,,,,,,,,,,,,,,,,,,,0,1,1
2026-01-19T17:30:00Z,2026-01-19T18:00:00Z,30,2025-12-17T14:07:59Z,1,795.3669444444445,,0,,,0,,23.0,58.0,0.0,81.0,2,1,1,58.0,340.5,216.5,,,,,,,,,,,,,,,,,,,,,,,,,,,,,,,,,,,,,,,0,1,1
2026-01-19T17:30:00Z,2026-01-19T18:30:00Z,60,2025-12-17T14:07:59Z,1,795.3669444444445,,0,,,0,,23.0,58.0,0.0,81.0,2,1,1,58.0,340.5,216.5,,,,,,,,,,,,,,,,,,,,,,,,,,,,,,,,,,,,,,,0,1,1
2026-01-19T18:00:00Z,2026-01-19T18:30:00Z,30,2025-12-17T14:07:59Z,1,795.8669444444445,,0,,,0,,23.0,58.0,0.0,81.0,2,1,1,58.0,340.0,216.0,,,,,,,,,,,,,,,,,,,,,,,,,,,,,,,,,,,,,,,0,1,1
2026-01-19T18:00:00Z,2026-01-19T19:00:00Z,60,2025-12-17T14:07:59Z,1,795.8669444444445,,0,,,0,,23.0,58.0,0.0,81.0,2,1,1,58.0,340.0,216.0,,,,,,,,,,,,,,,,,,,,,,,,,,,,,,,,,,,,,,,0,1,1
2026-01-19T18:30:00Z,2026-01-19T19:00:00Z,30,2025-12-17T14:07:59Z,1,796.3669444444445,,0,,,0,,23.0,58.0,0.0,81.0,2,1,1,58.0,339.5,215.5,,,,,,,,,,,,,,,,,,,,,,,,,,,,,,,,,,,,,,,0,1,1
2026-01-19T18:30:00Z,2026-01-19T19:30:00Z,60,2025-12-17T14:07:59Z,1,796.3669444444445,,0,,,0,,23.0,58.0,0.0,81.0,2,1,1,58.0,339.5,215.5,,,,,,,,,,,,,,,,,,,,,,,,,,,,,,,,,,,,,,,0,1,1
2026-01-19T19:00:00Z,2026-01-19T19:30:00Z,30,2025-12-17T14:07:59Z,1,796.8669444444445,,0,,,0,,23.0,58.0,0.0,81.0,2,1,1,58.0,339.0,215.0,,,,,,,,,,,,,,,,,,,,,,,,,,,,,,,,,,,,,,,0,1,1
2026-01-19T19:00:00Z,2026-01-19T20:00:00Z,60,2025-12-17T14:07:59Z,1,796.8669444444445,,0,,,0,,23.0,58.0,0.0,81.0,2,1,1,58.0,339.0,215.0,,,,,,,,,,,,,,,,,,,,,,,,,,,,,,,,,,,,,,,0,1,1
2026-01-19T19:30:00Z,2026-01-19T20:00:00Z,30,2025-12-17T14:07:59Z,1,797.3669444444445,,0,,,0,,23.0,58.0,0.0,81.0,2,1,1,58.0,338.5,214.5,,,,,,,,,,,,,,,,,,,,,,,,,,,,,,,,,,,,,,,0,1,1
2026-01-19T19:30:00Z,2026-01-19T20:30:00Z,60,2025-12-17T14:07:59Z,1,797.3669444444445,,0,,,0,,23.0,58.0,0.0,81.0,2,1,1,58.0,338.5,214.5,,,,,,,,,,,,,,,,,,,,,,,,,,,,,,,,,,,,,,,0,1,1
2026-01-19T20:00:00Z,2026-01-19T20:30:00Z,30,2025-12-17T14:07:59Z,1,797.8669444444445,,0,,,0,,23.0,58.0,0.0,81.0,2,1,1,58.0,338.0,214.0,,,,,,,,,,,,,,,,,,,,,,,,,,,,,,,,,,,,,,,0,1,1
2026-01-19T20:00:00Z,2026-01-19T21:00:00Z,60,2025-12-17T14:07:59Z,1,797.8669444444445,,0,,,0,,23.0,58.0,0.0,81.0,2,1,1,58.0,338.0,214.0,,,,,,,,,,,,,,,,,,,,,,,,,,,,,,,,,,,,,,,0,1,1
2026-01-19T20:30:00Z,2026-01-19T21:00:00Z,30,2025-12-17T14:07:59Z,1,798.3669444444445,,0,,,0,,23.0,58.0,0.0,81.0,2,1,1,58.0,337.5,213.5,,,,,,,,,,,,,,,,,,,,,,,,,,,,,,,,,,,,,,,0,1,1
2026-01-19T20:30:00Z,2026-01-19T21:30:00Z,60,2025-12-17T14:07:59Z,1,798.3669444444445,,0,,,0,,23.0,58.0,0.0,81.0,2,1,1,58.0,337.5,213.5,,,,,,,,,,,,,,,,,,,,,,,,,,,,,,,,,,,,,,,0,1,1
2026-01-19T21:00:00Z,2026-01-19T21:30:00Z,30,2025-12-17T14:07:59Z,1,798.8669444444445,,0,,,0,,23.0,58.0,0.0,81.0,2,1,1,58.0,337.0,213.0,,,,,,,,,,,,,,,,,,,,,,,,,,,,,,,,,,,,,,,0,1,1
2026-01-19T21:00:00Z,2026-01-19T22:00:00Z,60,2025-12-17T14:07:59Z,1,798.8669444444445,,0,,,0,,23.0,58.0,0.0,81.0,2,1,1,58.0,337.0,213.0,,,,,,,,,,,,,,,,,,,,,,,,,,,,,,,,,,,,,,,0,1,1
2026-01-19T21:30:00Z,2026-01-19T22:00:00Z,30,2025-12-17T14:07:59Z,1,799.3669444444445,,0,,,0,,23.0,58.0,0.0,81.0,2,1,1,58.0,336.5,212.5,,,,,,,,,,,,,,,,,,,,,,,,,,,,,,,,,,,,,,,0,1,1
2026-01-19T21:30:00Z,2026-01-19T22:30:00Z,60,2025-12-17T14:07:59Z,1,799.3669444444445,,0,,,0,,23.0,58.0,0.0,81.0,2,1,1,58.0,336.5,212.5,,,,,,,,,,,,,,,,,,,,,,,,,,,,,,,,,,,,,,,0,1,1
2026-01-19T22:00:00Z,2026-01-19T22:30:00Z,30,2025-12-17T14:07:59Z,1,799.8669444444445,,0,,,0,,23.0,58.0,0.0,81.0,2,1,1,58.0,336.0,212.0,,,,,,,,,,,,,,,,,,,,,,,,,,,,,,,,,,,,,,,0,1,1
2026-01-19T22:00:00Z,2026-01-19T23:00:00Z,60,2025-12-17T14:07:59Z,1,799.8669444444445,,0,,,0,,23.0,58.0,0.0,81.0,2,1,1,58.0,336.0,212.0,,,,,,,,,,,,,,,,,,,,,,,,,,,,,,,,,,,,,,,0,1,1
2026-01-19T22:30:00Z,2026-01-19T23:00:00Z,30,2025-12-17T14:07:59Z,1,800.3669444444445,,0,,,0,,23.0,58.0,0.0,81.0,2,1,1,58.0,335.5,211.5,,,,,,,,,,,,,,,,,,,,,,,,,,,,,,,,,,,,,,,0,1,1
2026-01-19T22:30:00Z,2026-01-19T23:30:00Z,60,2025-12-17T14:07:59Z,1,800.3669444444445,,0,,,0,,23.0,58.0,0.0,81.0,2,1,1,58.0,335.5,211.5,,,,,,,,,,,,,,,,,,,,,,,,,,,,,,,,,,,,,,,0,1,1
2026-01-19T23:00:00Z,2026-01-19T23:30:00Z,30,2025-12-17T14:07:59Z,1,800.8669444444445,,0,,,0,,23.0,58.0,0.0,81.0,2,1,1,58.0,335.0,211.0,,,,,,,,,,,,,,,,,,,,,,,,,,,,,,,,,,,,,,,0,1,1
2026-01-19T23:00:00Z,2026-01-20T00:00:00Z,60,2025-12-17T14:07:59Z,1,800.8669444444445,,0,,,0,,23.0,58.0,0.0,81.0,2,1,1,58.0,335.0,211.0,,,,,,,,,,,,,,,,,,,,,,,,,,,,,,,,,,,,,,,0,1,1
2026-01-19T23:30:00Z,2026-01-20T00:00:00Z,30,2025-12-17T14:07:59Z,1,801.3669444444445,,0,,,0,,23.0,58.0,0.0,81.0,2,1,1,58.0,334.5,210.5,,,,,,,,,,,,,,,,,,,,,,,,,,,,,,,,,,,,,,,0,1,1
2026-01-19T23:30:00Z,2026-01-20T00:30:00Z,60,2025-12-17T14:07:59Z,1,801.3669444444445,,0,,,0,,23.0,58.0,0.0,81.0,2,1,1,58.0,334.5,210.5,,,,,,,,,,,,,,,,,,,,,,,,,,,,,,,,,,,,,,,0,1,1
2026-01-20T00:00:00Z,2026-01-20T00:30:00Z,30,2025-12-17T14:07:59Z,1,801.8669444444445,,0,,,0,,23.0,58.0,0.0,81.0,2,1,1,58.0,334.0,210.0,,,,,,,,,,,,,,,,,,,,,,,,,,,,,,,,,,,,,,,0,1,1
2026-01-20T00:00:00Z,2026-01-20T01:00:00Z,60,2025-12-17T14:07:59Z,1,801.8669444444445,,0,,,0,,23.0,58.0,0.0,81.0,2,1,1,58.0,334.0,210.0,,,,,,,,,,,,,,,,,,,,,,,,,,,,,,,,,,,,,,,0,1,1
2026-01-20T00:30:00Z,2026-01-20T01:00:00Z,30,2025-12-17T14:07:59Z,1,802.3669444444445,,0,,,0,,23.0,58.0,0.0,81.0,2,1,1,58.0,333.5,209.5,,,,,,,,,,,,,,,,,,,,,,,,,,,,,,,,,,,,,,,0,1,1
2026-01-20T00:30:00Z,2026-01-20T01:30:00Z,60,2025-12-17T14:07:59Z,1,802.3669444444445,,0,,,0,,23.0,58.0,0.0,81.0,2,1,1,58.0,333.5,209.5,,,,,,,,,,,,,,,,,,,,,,,,,,,,,,,,,,,,,,,0,1,1
2026-01-20T01:00:00Z,2026-01-20T01:30:00Z,30,2025-12-17T14:07:59Z,1,802.8669444444445,,0,,,0,,23.0,58.0,0.0,81.0,2,1,1,58.0,333.0,209.0,,,,,,,,,,,,,,,,,,,,,,,,,,,,,,,,,,,,,,,0,1,1
2026-01-20T01:00:00Z,2026-01-20T02:00:00Z,60,2025-12-17T14:07:59Z,1,802.8669444444445,,0,,,0,,23.0,58.0,0.0,81.0,2,1,1,58.0,333.0,209.0,,,,,,,,,,,,,,,,,,,,,,,,,,,,,,,,,,,,,,,0,1,1
2026-01-20T01:30:00Z,2026-01-20T02:00:00Z,30,2025-12-17T14:07:59Z,1,803.3669444444445,,0,,,0,,23.0,58.0,0.0,81.0,2,1,1,58.0,332.5,208.5,,,,,,,,,,,,,,,,,,,,,,,,,,,,,,,,,,,,,,,0,1,1
2026-01-20T01:30:00Z,2026-01-20T02:30:00Z,60,2025-12-17T14:07:59Z,1,803.3669444444445,,0,,,0,,23.0,58.0,0.0,81.0,2,1,1,58.0,332.5,208.5,,,,,,,,,,,,,,,,,,,,,,,,,,,,,,,,,,,,,,,0,1,1
2026-01-20T02:00:00Z,2026-01-20T02:30:00Z,30,2025-12-17T14:07:59Z,1,803.8669444444445,,0,,,0,,23.0,58.0,0.0,81.0,2,1,1,58.0,332.0,208.0,,,,,,,,,,,,,,,,,,,,,,,,,,,,,,,,,,,,,,,0,1,1
2026-01-20T02:00:00Z,2026-01-20T03:00:00Z,60,2025-12-17T14:07:59Z,1,803.8669444444445,,0,,,0,,23.0,58.0,0.0,81.0,2,1,1,58.0,332.0,208.0,,,,,,,,,,,,,,,,,,,,,,,,,,,,,,,,,,,,,,,0,1,1
2026-01-20T02:30:00Z,2026-01-20T03:00:00Z,30,2025-12-17T14:07:59Z,1,804.3669444444445,,0,,,0,,23.0,58.0,0.0,81.0,2,1,1,58.0,331.5,207.5,,,,,,,,,,,,,,,,,,,,,,,,,,,,,,,,,,,,,,,0,1,1
2026-01-20T02:30:00Z,2026-01-20T03:30:00Z,60,2025-12-17T14:07:59Z,1,804.3669444444445,,0,,,0,,23.0,58.0,0.0,81.0,2,1,1,58.0,331.5,207.5,,,,,,,,,,,,,,,,,,,,,,,,,,,,,,,,,,,,,,,0,1,1
2026-01-20T03:00:00Z,2026-01-20T03:30:00Z,30,2025-12-17T14:07:59Z,1,804.8669444444445,,0,,,0,,23.0,58.0,0.0,81.0,2,1,1,58.0,331.0,207.0,,,,,,,,,,,,,,,,,,,,,,,,,,,,,,,,,,,,,,,0,1,1
2026-01-20T03:00:00Z,2026-01-20T04:00:00Z,60,2025-12-17T14:07:59Z,1,804.8669444444445,,0,,,0,,23.0,58.0,0.0,81.0,2,1,1,58.0,331.0,207.0,,,,,,,,,,,,,,,,,,,,,,,,,,,,,,,,,,,,,,,0,1,1
2026-01-20T03:30:00Z,2026-01-20T04:00:00Z,30,2025-12-17T14:07:59Z,1,805.3669444444445,,0,,,0,,23.0,58.0,0.0,81.0,2,1,1,58.0,330.5,206.5,,,,,,,,,,,,,,,,,,,,,,,,,,,,,,,,,,,,,,,0,1,1
2026-01-20T03:30:00Z,2026-01-20T04:30:00Z,60,2025-12-17T14:07:59Z,1,805.3669444444445,,0,,,0,,23.0,58.0,0.0,81.0,2,1,1,58.0,330.5,206.5,,,,,,,,,,,,,,,,,,,,,,,,,,,,,,,,,,,,,,,0,1,1
2026-01-20T04:00:00Z,2026-01-20T04:30:00Z,30,2025-12-17T14:07:59Z,1,805.8669444444445,,0,,,0,,23.0,58.0,0.0,81.0,2,1,1,58.0,330.0,206.0,,,,,,,,,,,,,,,,,,,,,,,,,,,,,,,,,,,,,,,0,1,1
2026-01-20T04:00:00Z,2026-01-20T05:00:00Z,60,2025-12-17T14:07:59Z,1,805.8669444444445,,0,,,0,,23.0,58.0,0.0,81.0,2,1,1,58.0,330.0,206.0,,,,,,,,,,,,,,,,,,,,,,,,,,,,,,,,,,,,,,,0,1,1
2026-01-20T04:30:00Z,2026-01-20T05:00:00Z,30,2025-12-17T14:07:59Z,1,806.3669444444445,,0,,,0,,23.0,58.0,0.0,81.0,2,1,1,58.0,329.5,205.5,,,,,,,,,,,,,,,,,,,,,,,,,,,,,,,,,,,,,,,0,1,1
2026-01-20T04:30:00Z,2026-01-20T05:30:00Z,60,2025-12-17T14:07:59Z,1,806.3669444444445,,0,,,0,,23.0,58.0,0.0,81.0,2,1,1,58.0,329.5,205.5,,,,,,,,,,,,,,,,,,,,,,,,,,,,,,,,,,,,,,,0,1,1
2026-01-20T05:00:00Z,2026-01-20T05:30:00Z,30,2025-12-17T14:07:59Z,1,806.8669444444445,,0,,,0,,23.0,58.0,0.0,81.0,2,1,1,58.0,329.0,205.0,,,,,,,,,,,,,,,,,,,,,,,,,,,,,,,,,,,,,,,0,1,1
2026-01-20T05:00:00Z,2026-01-20T06:00:00Z,60,2025-12-17T14:07:59Z,1,806.8669444444445,,0,,,0,,23.0,58.0,0.0,81.0,2,1,1,58.0,329.0,205.0,,,,,,,,,,,,,,,,,,,,,,,,,,,,,,,,,,,,,,,0,1,1
2026-01-20T05:30:00Z,2026-01-20T06:00:00Z,30,2025-12-17T14:07:59Z,1,807.3669444444445,,0,,,0,,23.0,58.0,0.0,81.0,2,1,1,58.0,328.5,204.5,,,,,,,,,,,,,,,,,,,,,,,,,,,,,,,,,,,,,,,0,1,1
2026-01-20T05:30:00Z,2026-01-20T06:30:00Z,60,2025-12-17T14:07:59Z,1,807.3669444444445,,0,,,0,,23.0,58.0,0.0,81.0,2,1,1,58.0,328.5,204.5,,,,,,,,,,,,,,,,,,,,,,,,,,,,,,,,,,,,,,,0,1,1
2026-01-20T06:00:00Z,2026-01-20T06:30:00Z,30,2025-12-17T14:07:59Z,1,807.8669444444445,,0,,,0,,23.0,58.0,0.0,81.0,2,1,1,58.0,328.0,204.0,,,,,,,,,,,,,,,,,,,,,,,,,,,,,,,,,,,,,,,0,1,1
2026-01-20T06:00:00Z,2026-01-20T07:00:00Z,60,2025-12-17T14:07:59Z,1,807.8669444444445,,0,,,0,,23.0,58.0,0.0,81.0,2,1,1,58.0,328.0,204.0,,,,,,,,,,,,,,,,,,,,,,,,,,,,,,,,,,,,,,,0,1,1
2026-01-20T06:30:00Z,2026-01-20T07:00:00Z,30,2025-12-17T14:07:59Z,1,808.3669444444445,,0,,,0,,23.0,58.0,0.0,81.0,2,1,1,58.0,327.5,203.5,,,,,,,,,,,,,,,,,,,,,,,,,,,,,,,,,,,,,,,0,1,1
2026-01-20T06:30:00Z,2026-01-20T07:30:00Z,60,2025-12-17T14:07:59Z,1,808.3669444444445,,0,,,0,,23.0,58.0,0.0,81.0,2,1,1,58.0,327.5,203.5,,,,,,,,,,,,,,,,,,,,,,,,,,,,,,,,,,,,,,,0,1,1
2026-01-20T07:00:00Z,2026-01-20T07:30:00Z,30,2025-12-17T14:07:59Z,1,808.8669444444445,,0,,,0,,23.0,58.0,0.0,81.0,2,1,1,58.0,327.0,203.0,,,,,,,,,,,,,,,,,,,,,,,,,,,,,,,,,,,,,,,0,1,1
2026-01-20T07:00:00Z,2026-01-20T08:00:00Z,60,2025-12-17T14:07:59Z,1,808.8669444444445,,0,,,0,,23.0,58.0,0.0,81.0,2,1,1,58.0,327.0,203.0,,,,,,,,,,,,,,,,,,,,,,,,,,,,,,,,,,,,,,,0,1,1
2026-01-20T07:30:00Z,2026-01-20T08:00:00Z,30,2025-12-17T14:07:59Z,1,809.3669444444445,,0,,,0,,23.0,58.0,0.0,81.0,2,1,1,58.0,326.5,202.5,,,,,,,,,,,,,,,,,,,,,,,,,,,,,,,,,,,,,,,0,1,1
2026-01-20T07:30:00Z,2026-01-20T08:30:00Z,60,2025-12-17T14:07:59Z,1,809.3669444444445,,0,,,0,,23.0,58.0,0.0,81.0,2,1,1,58.0,326.5,202.5,,,,,,,,,,,,,,,,,,,,,,,,,,,,,,,,,,,,,,,0,1,1
2026-01-20T08:00:00Z,2026-01-20T08:30:00Z,30,2025-12-17T14:07:59Z,1,809.8669444444445,,0,,,0,,23.0,58.0,0.0,81.0,2,1,1,58.0,326.0,202.0,,,,,,,,,,,,,,,,,,,,,,,,,,,,,,,,,,,,,,,0,1,1
2026-01-20T08:00:00Z,2026-01-20T09:00:00Z,60,2025-12-17T14:07:59Z,1,809.8669444444445,,0,,,0,,23.0,58.0,0.0,81.0,2,1,1,58.0,326.0,202.0,,,,,,,,,,,,,,,,,,,,,,,,,,,,,,,,,,,,,,,0,1,1
2026-01-20T08:30:00Z,2026-01-20T09:00:00Z,30,2025-12-17T14:07:59Z,1,810.3669444444445,,0,,,0,,23.0,58.0,0.0,81.0,2,1,1,58.0,325.5,201.5,,,,,,,,,,,,,,,,,,,,,,,,,,,,,,,,,,,,,,,0,1,1
2026-01-20T08:30:00Z,2026-01-20T09:30:00Z,60,2025-12-17T14:07:59Z,1,810.3669444444445,,0,,,0,,23.0,58.0,0.0,81.0,2,1,1,58.0,325.5,201.5,,,,,,,,,,,,,,,,,,,,,,,,,,,,,,,,,,,,,,,0,1,1
2026-01-20T09:00:00Z,2026-01-20T09:30:00Z,30,2025-12-17T14:07:59Z,1,810.8669444444445,,0,,,0,,23.0,58.0,0.0,81.0,2,1,1,58.0,325.0,201.0,,,,,,,,,,,,,,,,,,,,,,,,,,,,,,,,,,,,,,,0,1,1
2026-01-20T09:00:00Z,2026-01-20T10:00:00Z,60,2025-12-17T14:07:59Z,1,810.8669444444445,,0,,,0,,23.0,58.0,0.0,81.0,2,1,1,58.0,325.0,201.0,,,,,,,,,,,,,,,,,,,,,,,,,,,,,,,,,,,,,,,0,1,1
2026-01-20T09:30:00Z,2026-01-20T10:00:00Z,30,2025-12-17T14:07:59Z,1,811.3669444444445,,0,,,0,,23.0,58.0,0.0,81.0,2,1,1,58.0,324.5,200.5,,,,,,,,,,,,,,,,,,,,,,,,,,,,,,,,,,,,,,,0,1,1
2026-01-20T09:30:00Z,2026-01-20T10:30:00Z,60,2025-12-17T14:07:59Z,1,811.3669444444445,,0,,,0,,23.0,58.0,0.0,81.0,2,1,1,58.0,324.5,200.5,,,,,,,,,,,,,,,,,,,,,,,,,,,,,,,,,,,,,,,0,1,1
2026-01-20T10:00:00Z,2026-01-20T10:30:00Z,30,2025-12-17T14:07:59Z,1,811.8669444444445,,0,,,0,,23.0,58.0,0.0,81.0,2,1,1,58.0,324.0,200.0,,,,,,,,,,,,,,,,,,,,,,,,,,,,,,,,,,,,,,,0,1,1
2026-01-20T10:00:00Z,2026-01-20T11:00:00Z,60,2025-12-17T14:07:59Z,1,811.8669444444445,,0,,,0,,23.0,58.0,0.0,81.0,2,1,1,58.0,324.0,200.0,,,,,,,,,,,,,,,,,,,,,,,,,,,,,,,,,,,,,,,0,1,1
2026-01-20T10:30:00Z,2026-01-20T11:00:00Z,30,2025-12-17T14:07:59Z,1,812.3669444444445,,0,,,0,,23.0,58.0,0.0,81.0,2,1,1,58.0,323.5,199.5,,,,,,,,,,,,,,,,,,,,,,,,,,,,,,,,,,,,,,,0,1,1
2026-01-20T10:30:00Z,2026-01-20T11:30:00Z,60,2025-12-17T14:07:59Z,1,812.3669444444445,,0,,,0,,23.0,58.0,0.0,81.0,2,1,1,58.0,323.5,199.5,,,,,,,,,,,,,,,,,,,,,,,,,,,,,,,,,,,,,,,0,1,1
2026-01-20T11:00:00Z,2026-01-20T11:30:00Z,30,2025-12-17T14:07:59Z,1,812.8669444444445,,0,,,0,,23.0,58.0,0.0,81.0,2,1,1,58.0,323.0,199.0,,,,,,,,,,,,,,,,,,,,,,,,,,,,,,,,,,,,,,,0,1,1
2026-01-20T11:00:00Z,2026-01-20T12:00:00Z,60,2025-12-17T14:07:59Z,1,812.8669444444445,,0,,,0,,23.0,58.0,0.0,81.0,2,1,1,58.0,323.0,199.0,,,,,,,,,,,,,,,,,,,,,,,,,,,,,,,,,,,,,,,0,1,1
2026-01-20T11:30:00Z,2026-01-20T12:00:00Z,30,2025-12-17T14:07:59Z,1,813.3669444444445,,0,,,0,,23.0,58.0,0.0,81.0,2,1,1,58.0,322.5,198.5,,,,,,,,,,,,,,,,,,,,,,,,,,,,,,,,,,,,,,,0,1,1
2026-01-20T11:30:00Z,2026-01-20T12:30:00Z,60,2025-12-17T14:07:59Z,1,813.3669444444445,,0,,,0,,23.0,58.0,0.0,81.0,2,1,1,58.0,322.5,198.5,,,,,,,,,,,,,,,,,,,,,,,,,,,,,,,,,,,,,,,0,1,1
2026-01-20T12:00:00Z,2026-01-20T12:30:00Z,30,2025-12-17T14:07:59Z,1,813.8669444444445,,0,,,0,,23.0,58.0,0.0,81.0,2,1,1,58.0,322.0,198.0,,,,,,,,,,,,,,,,,,,,,,,,,,,,,,,,,,,,,,,0,1,1
2026-01-20T12:00:00Z,2026-01-20T13:00:00Z,60,2025-12-17T14:07:59Z,1,813.8669444444445,,0,,,0,,23.0,58.0,0.0,81.0,2,1,1,58.0,322.0,198.0,,,,,,,,,,,,,,,,,,,,,,,,,,,,,,,,,,,,,,,0,1,1
2026-01-20T12:30:00Z,2026-01-20T13:00:00Z,30,2025-12-17T14:07:59Z,1,814.3669444444445,,0,,,0,,23.0,58.0,0.0,81.0,2,1,1,58.0,321.5,197.5,,,,,,,,,,,,,,,,,,,,,,,,,,,,,,,,,,,,,,,0,1,1
2026-01-20T12:30:00Z,2026-01-20T13:30:00Z,60,2025-12-17T14:07:59Z,1,814.3669444444445,,0,,,0,,23.0,58.0,0.0,81.0,2,1,1,58.0,321.5,197.5,,,,,,,,,,,,,,,,,,,,,,,,,,,,,,,,,,,,,,,0,1,1
2026-01-20T13:00:00Z,2026-01-20T13:30:00Z,30,2025-12-17T14:07:59Z,1,814.8669444444445,,0,,,0,,23.0,58.0,0.0,81.0,2,1,1,58.0,321.0,197.0,,,,,,,,,,,,,,,,,,,,,,,,,,,,,,,,,,,,,,,0,1,1
2026-01-20T13:00:00Z,2026-01-20T14:00:00Z,60,2025-12-17T14:07:59Z,1,814.8669444444445,,0,,,0,,23.0,58.0,0.0,81.0,2,1,1,58.0,321.0,197.0,,,,,,,,,,,,,,,,,,,,,,,,,,,,,,,,,,,,,,,0,1,1
2026-01-20T13:30:00Z,2026-01-20T14:00:00Z,30,2025-12-17T14:07:59Z,1,815.3669444444445,,0,,,0,,23.0,58.0,0.0,81.0,2,1,1,58.0,320.5,196.5,,,,,,,,,,,,,,,,,,,,,,,,,,,,,,,,,,,,,,,0,1,1
2026-01-20T13:30:00Z,2026-01-20T14:30:00Z,60,2025-12-17T14:07:59Z,1,815.3669444444445,,0,,,0,,23.0,58.0,0.0,81.0,2,1,1,58.0,320.5,196.5,,,,,,,,,,,,,,,,,,,,,,,,,,,,,,,,,,,,,,,0,1,1
2026-01-20T14:00:00Z,2026-01-20T14:30:00Z,30,2025-12-17T14:07:59Z,1,815.8669444444445,,0,,,0,,23.0,58.0,0.0,81.0,2,1,1,58.0,320.0,196.0,,,,,,,,,,,,,,,,,,,,,,,,,,,,,,,,,,,,,,,0,1,1
2026-01-20T14:00:00Z,2026-01-20T15:00:00Z,60,2025-12-17T14:07:59Z,1,815.8669444444445,,0,,,0,,23.0,58.0,0.0,81.0,2,1,1,58.0,320.0,196.0,,,,,,,,,,,,,,,,,,,,,,,,,,,,,,,,,,,,,,,0,1,1
2026-01-20T14:30:00Z,2026-01-20T15:00:00Z,30,2025-12-17T14:07:59Z,1,816.3669444444445,,0,,,0,,23.0,58.0,0.0,81.0,2,1,1,58.0,319.5,195.5,,,,,,,,,,,,,,,,,,,,,,,,,,,,,,,,,,,,,,,0,1,1
2026-01-20T14:30:00Z,2026-01-20T15:30:00Z,60,2025-12-17T14:07:59Z,1,816.3669444444445,,0,,,0,,23.0,58.0,0.0,81.0,2,1,1,58.0,319.5,195.5,,,,,,,,,,,,,,,,,,,,,,,,,,,,,,,,,,,,,,,0,1,1
2026-01-20T15:00:00Z,2026-01-20T15:30:00Z,30,2025-12-17T14:07:59Z,1,816.8669444444445,,0,,,0,,23.0,58.0,0.0,81.0,2,1,1,58.0,319.0,195.0,,,,,,,,,,,,,,,,,,,,,,,,,,,,,,,,,,,,,,,0,1,1
2026-01-20T15:00:00Z,2026-01-20T16:00:00Z,60,2025-12-17T14:07:59Z,1,816.8669444444445,,0,,,0,,23.0,58.0,0.0,81.0,2,1,1,58.0,319.0,195.0,,,,,,,,,,,,,,,,,,,,,,,,,,,,,,,,,,,,,,,0,1,1
2026-01-20T15:30:00Z,2026-01-20T16:00:00Z,30,2025-12-17T14:07:59Z,1,817.3669444444445,,0,,,0,,23.0,58.0,0.0,81.0,2,1,1,58.0,318.5,194.5,,,,,,,,,,,,,,,,,,,,,,,,,,,,,,,,,,,,,,,0,1,1
2026-01-20T15:30:00Z,2026-01-20T16:30:00Z,60,2025-12-17T14:07:59Z,1,817.3669444444445,,0,,,0,,23.0,58.0,0.0,81.0,2,1,1,58.0,318.5,194.5,,,,,,,,,,,,,,,,,,,,,,,,,,,,,,,,,,,,,,,0,1,1
2026-01-20T16:00:00Z,2026-01-20T16:30:00Z,30,2025-12-17T14:07:59Z,1,817.8669444444445,,0,,,0,,23.0,58.0,0.0,81.0,2,1,1,58.0,318.0,194.0,,,,,,,,,,,,,,,,,,,,,,,,,,,,,,,,,,,,,,,0,1,1
2026-01-20T16:00:00Z,2026-01-20T17:00:00Z,60,2025-12-17T14:07:59Z,1,817.8669444444445,,0,,,0,,23.0,58.0,0.0,81.0,2,1,1,58.0,318.0,194.0,,,,,,,,,,,,,,,,,,,,,,,,,,,,,,,,,,,,,,,0,1,1
2026-01-20T16:30:00Z,2026-01-20T17:00:00Z,30,2025-12-17T14:07:59Z,1,818.3669444444445,,0,,,0,,23.0,58.0,0.0,81.0,2,1,1,58.0,317.5,193.5,,,,,,,,,,,,,,,,,,,,,,,,,,,,,,,,,,,,,,,0,1,1
2026-01-20T16:30:00Z,2026-01-20T17:30:00Z,60,2025-12-17T14:07:59Z,1,818.3669444444445,,0,,,0,,23.0,58.0,0.0,81.0,2,1,1,58.0,317.5,193.5,,,,,,,,,,,,,,,,,,,,,,,,,,,,,,,,,,,,,,,0,1,1
2026-01-20T17:00:00Z,2026-01-20T17:30:00Z,30,2025-12-17T14:07:59Z,1,818.8669444444445,,0,,,0,,23.0,58.0,0.0,81.0,2,1,1,58.0,317.0,193.0,,,,,,,,,,,,,,,,,,,,,,,,,,,,,,,,,,,,,,,0,1,1
2026-01-20T17:00:00Z,2026-01-20T18:00:00Z,60,2025-12-17T14:07:59Z,1,818.8669444444445,,0,,,0,,23.0,58.0,0.0,81.0,2,1,1,58.0,317.0,193.0,,,,,,,,,,,,,,,,,,,,,,,,,,,,,,,,,,,,,,,0,1,1
2026-01-20T17:30:00Z,2026-01-20T18:00:00Z,30,2025-12-17T14:07:59Z,1,819.3669444444445,,0,,,0,,23.0,58.0,0.0,81.0,2,1,1,58.0,316.5,192.5,,,,,,,,,,,,,,,,,,,,,,,,,,,,,,,,,,,,,,,0,1,1
2026-01-20T17:30:00Z,2026-01-20T18:30:00Z,60,2025-12-17T14:07:59Z,1,819.3669444444445,,0,,,0,,23.0,58.0,0.0,81.0,2,1,1,58.0,316.5,192.5,,,,,,,,,,,,,,,,,,,,,,,,,,,,,,,,,,,,,,,0,1,1
2026-01-20T18:00:00Z,2026-01-20T18:30:00Z,30,2025-12-17T14:07:59Z,1,819.8669444444445,,0,,,0,,23.0,58.0,0.0,81.0,2,1,1,58.0,316.0,192.0,,,,,,,,,,,,,,,,,,,,,,,,,,,,,,,,,,,,,,,0,1,1
2026-01-20T18:00:00Z,2026-01-20T19:00:00Z,60,2025-12-17T14:07:59Z,1,819.8669444444445,,0,,,0,,23.0,58.0,0.0,81.0,2,1,1,58.0,316.0,192.0,,,,,,,,,,,,,,,,,,,,,,,,,,,,,,,,,,,,,,,0,1,1
2026-01-20T18:30:00Z,2026-01-20T19:00:00Z,30,2025-12-17T14:07:59Z,1,820.3669444444445,,0,,,0,,23.0,58.0,0.0,81.0,2,1,1,58.0,315.5,191.5,,,,,,,,,,,,,,,,,,,,,,,,,,,,,,,,,,,,,,,0,1,1
2026-01-20T18:30:00Z,2026-01-20T19:30:00Z,60,2025-12-17T14:07:59Z,1,820.3669444444445,,0,,,0,,23.0,58.0,0.0,81.0,2,1,1,58.0,315.5,191.5,,,,,,,,,,,,,,,,,,,,,,,,,,,,,,,,,,,,,,,0,1,1
2026-01-20T19:00:00Z,2026-01-20T19:30:00Z,30,2025-12-17T14:07:59Z,1,820.8669444444445,,0,,,0,,23.0,58.0,0.0,81.0,2,1,1,58.0,315.0,191.0,,,,,,,,,,,,,,,,,,,,,,,,,,,,,,,,,,,,,,,0,1,1
2026-01-20T19:00:00Z,2026-01-20T20:00:00Z,60,2025-12-17T14:07:59Z,1,820.8669444444445,,0,,,0,,23.0,58.0,0.0,81.0,2,1,1,58.0,315.0,191.0,,,,,,,,,,,,,,,,,,,,,,,,,,,,,,,,,,,,,,,0,1,1
2026-01-20T19:30:00Z,2026-01-20T20:00:00Z,30,2025-12-17T14:07:59Z,1,821.3669444444445,,0,,,0,,23.0,58.0,0.0,81.0,2,1,1,58.0,314.5,190.5,,,,,,,,,,,,,,,,,,,,,,,,,,,,,,,,,,,,,,,0,1,1
2026-01-20T19:30:00Z,2026-01-20T20:30:00Z,60,2025-12-17T14:07:59Z,1,821.3669444444445,,0,,,0,,23.0,58.0,0.0,81.0,2,1,1,58.0,314.5,190.5,,,,,,,,,,,,,,,,,,,,,,,,,,,,,,,,,,,,,,,0,1,1
2026-01-20T20:00:00Z,2026-01-20T20:30:00Z,30,2025-12-17T14:07:59Z,1,821.8669444444445,,0,,,0,,23.0,58.0,0.0,81.0,2,1,1,58.0,314.0,190.0,,,,,,,,,,,,,,,,,,,,,,,,,,,,,,,,,,,,,,,0,1,1
2026-01-20T20:00:00Z,2026-01-20T21:00:00Z,60,2025-12-17T14:07:59Z,1,821.8669444444445,,0,,,0,,23.0,58.0,0.0,81.0,2,1,1,58.0,314.0,190.0,,,,,,,,,,,,,,,,,,,,,,,,,,,,,,,,,,,,,,,0,1,1
2026-01-20T20:30:00Z,2026-01-20T21:00:00Z,30,2025-12-17T14:07:59Z,1,822.3669444444445,,0,,,0,,23.0,58.0,0.0,81.0,2,1,1,58.0,313.5,189.5,,,,,,,,,,,,,,,,,,,,,,,,,,,,,,,,,,,,,,,0,1,1
2026-01-20T20:30:00Z,2026-01-20T21:30:00Z,60,2025-12-17T14:07:59Z,1,822.3669444444445,,0,,,0,,23.0,58.0,0.0,81.0,2,1,1,58.0,313.5,189.5,,,,,,,,,,,,,,,,,,,,,,,,,,,,,,,,,,,,,,,0,1,1
2026-01-20T21:00:00Z,2026-01-20T21:30:00Z,30,2025-12-17T14:07:59Z,1,822.8669444444445,,0,,,0,,23.0,58.0,0.0,81.0,2,1,1,58.0,313.0,189.0,,,,,,,,,,,,,,,,,,,,,,,,,,,,,,,,,,,,,,,0,1,1
2026-01-20T21:00:00Z,2026-01-20T22:00:00Z,60,2025-12-17T14:07:59Z,1,822.8669444444445,,0,,,0,,23.0,58.0,0.0,81.0,2,1,1,58.0,313.0,189.0,,,,,,,,,,,,,,,,,,,,,,,,,,,,,,,,,,,,,,,0,1,1
2026-01-20T21:30:00Z,2026-01-20T22:00:00Z,30,2025-12-17T14:07:59Z,1,823.3669444444445,,0,,,0,,23.0,58.0,0.0,81.0,2,1,1,58.0,312.5,188.5,,,,,,,,,,,,,,,,,,,,,,,,,,,,,,,,,,,,,,,0,1,1
2026-01-20T21:30:00Z,2026-01-20T22:30:00Z,60,2025-12-17T14:07:59Z,1,823.3669444444445,,0,,,0,,23.0,58.0,0.0,81.0,2,1,1,58.0,312.5,188.5,,,,,,,,,,,,,,,,,,,,,,,,,,,,,,,,,,,,,,,0,1,1
2026-01-20T22:00:00Z,2026-01-20T22:30:00Z,30,2025-12-17T14:07:59Z,1,823.8669444444445,,0,,,0,,23.0,58.0,0.0,81.0,2,1,1,58.0,312.0,188.0,,,,,,,,,,,,,,,,,,,,,,,,,,,,,,,,,,,,,,,0,1,1
2026-01-20T22:00:00Z,2026-01-20T23:00:00Z,60,2025-12-17T14:07:59Z,1,823.8669444444445,,0,,,0,,23.0,58.0,0.0,81.0,2,1,1,58.0,312.0,188.0,,,,,,,,,,,,,,,,,,,,,,,,,,,,,,,,,,,,,,,0,1,1
2026-01-20T22:30:00Z,2026-01-20T23:00:00Z,30,2025-12-17T14:07:59Z,1,824.3669444444445,,0,,,0,,23.0,58.0,0.0,81.0,2,1,1,58.0,311.5,187.5,,,,,,,,,,,,,,,,,,,,,,,,,,,,,,,,,,,,,,,0,1,1
2026-01-20T22:30:00Z,2026-01-20T23:30:00Z,60,2025-12-17T14:07:59Z,1,824.3669444444445,,0,,,0,,23.0,58.0,0.0,81.0,2,1,1,58.0,311.5,187.5,,,,,,,,,,,,,,,,,,,,,,,,,,,,,,,,,,,,,,,0,1,1
2026-01-20T23:00:00Z,2026-01-20T23:30:00Z,30,2025-12-17T14:07:59Z,1,824.8669444444445,,0,,,0,,23.0,58.0,0.0,81.0,2,1,1,58.0,311.0,187.0,,,,,,,,,,,,,,,,,,,,,,,,,,,,,,,,,,,,,,,0,1,1
2026-01-20T23:00:00Z,2026-01-21T00:00:00Z,60,2025-12-17T14:07:59Z,1,824.8669444444445,,0,,,0,,23.0,58.0,0.0,81.0,2,1,1,58.0,311.0,187.0,,,,,,,,,,,,,,,,,,,,,,,,,,,,,,,,,,,,,,,0,1,1
2026-01-20T23:30:00Z,2026-01-21T00:00:00Z,30,2025-12-17T14:07:59Z,1,825.3669444444445,,0,,,0,,23.0,58.0,0.0,81.0,2,1,1,58.0,310.5,186.5,,,,,,,,,,,,,,,,,,,,,,,,,,,,,,,,,,,,,,,0,1,1
2026-01-20T23:30:00Z,2026-01-21T00:30:00Z,60,2025-12-17T14:07:59Z,1,825.3669444444445,,0,,,0,,23.0,58.0,0.0,81.0,2,1,1,58.0,310.5,186.5,,,,,,,,,,,,,,,,,,,,,,,,,,,,,,,,,,,,,,,0,1,1
2026-01-21T00:00:00Z,2026-01-21T00:30:00Z,30,2025-12-17T14:07:59Z,1,825.8669444444445,,0,,,0,,23.0,58.0,0.0,81.0,2,1,1,58.0,310.0,186.0,,,,,,,,,,,,,,,,,,,,,,,,,,,,,,,,,,,,,,,0,1,1
2026-01-21T00:00:00Z,2026-01-21T01:00:00Z,60,2025-12-17T14:07:59Z,1,825.8669444444445,,0,,,0,,23.0,58.0,0.0,81.0,2,1,1,58.0,310.0,186.0,,,,,,,,,,,,,,,,,,,,,,,,,,,,,,,,,,,,,,,0,1,1
2026-01-21T00:30:00Z,2026-01-21T01:00:00Z,30,2025-12-17T14:07:59Z,1,826.3669444444445,,0,,,0,,23.0,58.0,0.0,81.0,2,1,1,58.0,309.5,185.5,,,,,,,,,,,,,,,,,,,,,,,,,,,,,,,,,,,,,,,0,1,1
2026-01-21T00:30:00Z,2026-01-21T01:30:00Z,60,2025-12-17T14:07:59Z,1,826.3669444444445,,0,,,0,,23.0,58.0,0.0,81.0,2,1,1,58.0,309.5,185.5,,,,,,,,,,,,,,,,,,,,,,,,,,,,,,,,,,,,,,,0,1,1
2026-01-21T01:00:00Z,2026-01-21T01:30:00Z,30,2025-12-17T14:07:59Z,1,826.8669444444445,,0,,,0,,23.0,58.0,0.0,81.0,2,1,1,58.0,309.0,185.0,,,,,,,,,,,,,,,,,,,,,,,,,,,,,,,,,,,,,,,0,1,1
2026-01-21T01:00:00Z,2026-01-21T02:00:00Z,60,2025-12-17T14:07:59Z,1,826.8669444444445,,0,,,0,,23.0,58.0,0.0,81.0,2,1,1,58.0,309.0,185.0,,,,,,,,,,,,,,,,,,,,,,,,,,,,,,,,,,,,,,,0,1,1
2026-01-21T01:30:00Z,2026-01-21T02:00:00Z,30,2025-12-17T14:07:59Z,1,827.3669444444445,,0,,,0,,23.0,58.0,0.0,81.0,2,1,1,58.0,308.5,184.5,,,,,,,,,,,,,,,,,,,,,,,,,,,,,,,,,,,,,,,0,1,1
2026-01-21T01:30:00Z,2026-01-21T02:30:00Z,60,2025-12-17T14:07:59Z,1,827.3669444444445,,0,,,0,,23.0,58.0,0.0,81.0,2,1,1,58.0,308.5,184.5,,,,,,,,,,,,,,,,,,,,,,,,,,,,,,,,,,,,,,,0,1,1
2026-01-21T02:00:00Z,2026-01-21T02:30:00Z,30,2025-12-17T14:07:59Z,1,827.8669444444445,,0,,,0,,23.0,58.0,0.0,81.0,2,1,1,58.0,308.0,184.0,,,,,,,,,,,,,,,,,,,,,,,,,,,,,,,,,,,,,,,0,1,1
2026-01-21T02:00:00Z,2026-01-21T03:00:00Z,60,2025-12-17T14:07:59Z,1,827.8669444444445,,0,,,0,,23.0,58.0,0.0,81.0,2,1,1,58.0,308.0,184.0,,,,,,,,,,,,,,,,,,,,,,,,,,,,,,,,,,,,,,,0,1,1
2026-01-21T02:30:00Z,2026-01-21T03:00:00Z,30,2025-12-17T14:07:59Z,1,828.3669444444445,,0,,,0,,23.0,58.0,0.0,81.0,2,1,1,58.0,307.5,183.5,,,,,,,,,,,,,,,,,,,,,,,,,,,,,,,,,,,,,,,0,1,1
2026-01-21T02:30:00Z,2026-01-21T03:30:00Z,60,2025-12-17T14:07:59Z,1,828.3669444444445,,0,,,0,,23.0,58.0,0.0,81.0,2,1,1,58.0,307.5,183.5,,,,,,,,,,,,,,,,,,,,,,,,,,,,,,,,,,,,,,,0,1,1
2026-01-21T03:00:00Z,2026-01-21T03:30:00Z,30,2025-12-17T14:07:59Z,1,828.8669444444445,,0,,,0,,23.0,58.0,0.0,81.0,2,1,1,58.0,307.0,183.0,,,,,,,,,,,,,,,,,,,,,,,,,,,,,,,,,,,,,,,0,1,1
2026-01-21T03:00:00Z,2026-01-21T04:00:00Z,60,2025-12-17T14:07:59Z,1,828.8669444444445,,0,,,0,,23.0,58.0,0.0,81.0,2,1,1,58.0,307.0,183.0,,,,,,,,,,,,,,,,,,,,,,,,,,,,,,,,,,,,,,,0,1,1
2026-01-21T03:30:00Z,2026-01-21T04:00:00Z,30,2025-12-17T14:07:59Z,1,829.3669444444445,,0,,,0,,23.0,58.0,0.0,81.0,2,1,1,58.0,306.5,182.5,,,,,,,,,,,,,,,,,,,,,,,,,,,,,,,,,,,,,,,0,1,1
2026-01-21T03:30:00Z,2026-01-21T04:30:00Z,60,2025-12-17T14:07:59Z,1,829.3669444444445,,0,,,0,,23.0,58.0,0.0,81.0,2,1,1,58.0,306.5,182.5,,,,,,,,,,,,,,,,,,,,,,,,,,,,,,,,,,,,,,,0,1,1
2026-01-21T04:00:00Z,2026-01-21T04:30:00Z,30,2025-12-17T14:07:59Z,1,829.8669444444445,,0,,,0,,23.0,58.0,0.0,81.0,2,1,1,58.0,306.0,182.0,,,,,,,,,,,,,,,,,,,,,,,,,,,,,,,,,,,,,,,0,1,1
2026-01-21T04:00:00Z,2026-01-21T05:00:00Z,60,2025-12-17T14:07:59Z,1,829.8669444444445,,0,,,0,,23.0,58.0,0.0,81.0,2,1,1,58.0,306.0,182.0,,,,,,,,,,,,,,,,,,,,,,,,,,,,,,,,,,,,,,,0,1,1
2026-01-21T04:30:00Z,2026-01-21T05:00:00Z,30,2025-12-17T14:07:59Z,1,830.3669444444445,,0,,,0,,23.0,58.0,0.0,81.0,2,1,1,58.0,305.5,181.5,,,,,,,,,,,,,,,,,,,,,,,,,,,,,,,,,,,,,,,0,1,1
2026-01-21T04:30:00Z,2026-01-21T05:30:00Z,60,2025-12-17T14:07:59Z,1,830.3669444444445,,0,,,0,,23.0,58.0,0.0,81.0,2,1,1,58.0,305.5,181.5,,,,,,,,,,,,,,,,,,,,,,,,,,,,,,,,,,,,,,,0,1,1
2026-01-21T05:00:00Z,2026-01-21T05:30:00Z,30,2025-12-17T14:07:59Z,1,830.8669444444445,,0,,,0,,23.0,58.0,0.0,81.0,2,1,1,58.0,305.0,181.0,,,,,,,,,,,,,,,,,,,,,,,,,,,,,,,,,,,,,,,0,1,1
2026-01-21T05:00:00Z,2026-01-21T06:00:00Z,60,2025-12-17T14:07:59Z,1,830.8669444444445,,0,,,0,,23.0,58.0,0.0,81.0,2,1,1,58.0,305.0,181.0,,,,,,,,,,,,,,,,,,,,,,,,,,,,,,,,,,,,,,,0,1,1
2026-01-21T05:30:00Z,2026-01-21T06:00:00Z,30,2025-12-17T14:07:59Z,1,831.3669444444445,,0,,,0,,23.0,58.0,0.0,81.0,2,1,1,58.0,304.5,180.5,,,,,,,,,,,,,,,,,,,,,,,,,,,,,,,,,,,,,,,0,1,1
2026-01-21T05:30:00Z,2026-01-21T06:30:00Z,60,2025-12-17T14:07:59Z,1,831.3669444444445,,0,,,0,,23.0,58.0,0.0,81.0,2,1,1,58.0,304.5,180.5,,,,,,,,,,,,,,,,,,,,,,,,,,,,,,,,,,,,,,,0,1,1
2026-01-21T06:00:00Z,2026-01-21T06:30:00Z,30,2025-12-17T14:07:59Z,1,831.8669444444445,,0,,,0,,23.0,58.0,0.0,81.0,2,1,1,58.0,304.0,180.0,,,,,,,,,,,,,,,,,,,,,,,,,,,,,,,,,,,,,,,0,1,1
2026-01-21T06:00:00Z,2026-01-21T07:00:00Z,60,2025-12-17T14:07:59Z,1,831.8669444444445,,0,,,0,,23.0,58.0,0.0,81.0,2,1,1,58.0,304.0,180.0,,,,,,,,,,,,,,,,,,,,,,,,,,,,,,,,,,,,,,,0,1,1
2026-01-21T06:30:00Z,2026-01-21T07:00:00Z,30,2025-12-17T14:07:59Z,1,832.3669444444445,,0,,,0,,23.0,58.0,0.0,81.0,2,1,1,58.0,303.5,179.5,,,,,,,,,,,,,,,,,,,,,,,,,,,,,,,,,,,,,,,0,1,1
2026-01-21T06:30:00Z,2026-01-21T07:30:00Z,60,2025-12-17T14:07:59Z,1,832.3669444444445,,0,,,0,,23.0,58.0,0.0,81.0,2,1,1,58.0,303.5,179.5,,,,,,,,,,,,,,,,,,,,,,,,,,,,,,,,,,,,,,,0,1,1
2026-01-21T07:00:00Z,2026-01-21T07:30:00Z,30,2025-12-17T14:07:59Z,1,832.8669444444445,,0,,,0,,23.0,58.0,0.0,81.0,2,1,1,58.0,303.0,179.0,,,,,,,,,,,,,,,,,,,,,,,,,,,,,,,,,,,,,,,0,1,1
2026-01-21T07:00:00Z,2026-01-21T08:00:00Z,60,2025-12-17T14:07:59Z,1,832.8669444444445,,0,,,0,,23.0,58.0,0.0,81.0,2,1,1,58.0,303.0,179.0,,,,,,,,,,,,,,,,,,,,,,,,,,,,,,,,,,,,,,,0,1,1
2026-01-21T07:30:00Z,2026-01-21T08:00:00Z,30,2025-12-17T14:07:59Z,1,833.3669444444445,,0,,,0,,23.0,58.0,0.0,81.0,2,1,1,58.0,302.5,178.5,,,,,,,,,,,,,,,,,,,,,,,,,,,,,,,,,,,,,,,0,1,1
2026-01-21T07:30:00Z,2026-01-21T08:30:00Z,60,2025-12-17T14:07:59Z,1,833.3669444444445,,0,,,0,,23.0,58.0,0.0,81.0,2,1,1,58.0,302.5,178.5,,,,,,,,,,,,,,,,,,,,,,,,,,,,,,,,,,,,,,,0,1,1
2026-01-21T08:00:00Z,2026-01-21T08:30:00Z,30,2025-12-17T14:07:59Z,1,833.8669444444445,,0,,,0,,23.0,58.0,0.0,81.0,2,1,1,58.0,302.0,178.0,,,,,,,,,,,,,,,,,,,,,,,,,,,,,,,,,,,,,,,0,1,1
2026-01-21T08:00:00Z,2026-01-21T09:00:00Z,60,2025-12-17T14:07:59Z,1,833.8669444444445,,0,,,0,,23.0,58.0,0.0,81.0,2,1,1,58.0,302.0,178.0,,,,,,,,,,,,,,,,,,,,,,,,,,,,,,,,,,,,,,,0,1,1
2026-01-21T08:30:00Z,2026-01-21T09:00:00Z,30,2025-12-17T14:07:59Z,1,834.3669444444445,,0,,,0,,23.0,58.0,0.0,81.0,2,1,1,58.0,301.5,177.5,,,,,,,,,,,,,,,,,,,,,,,,,,,,,,,,,,,,,,,0,1,1
2026-01-21T08:30:00Z,2026-01-21T09:30:00Z,60,2025-12-17T14:07:59Z,1,834.3669444444445,,0,,,0,,23.0,58.0,0.0,81.0,2,1,1,58.0,301.5,177.5,,,,,,,,,,,,,,,,,,,,,,,,,,,,,,,,,,,,,,,0,1,1
2026-01-21T09:00:00Z,2026-01-21T09:30:00Z,30,2025-12-17T14:07:59Z,1,834.8669444444445,,0,,,0,,23.0,58.0,0.0,81.0,2,1,1,58.0,301.0,177.0,,,,,,,,,,,,,,,,,,,,,,,,,,,,,,,,,,,,,,,0,1,1
2026-01-21T09:00:00Z,2026-01-21T10:00:00Z,60,2025-12-17T14:07:59Z,1,834.8669444444445,,0,,,0,,23.0,58.0,0.0,81.0,2,1,1,58.0,301.0,177.0,,,,,,,,,,,,,,,,,,,,,,,,,,,,,,,,,,,,,,,0,1,1
2026-01-21T09:30:00Z,2026-01-21T10:00:00Z,30,2025-12-17T14:07:59Z,1,835.3669444444445,,0,,,0,,23.0,58.0,0.0,81.0,2,1,1,58.0,300.5,176.5,,,,,,,,,,,,,,,,,,,,,,,,,,,,,,,,,,,,,,,0,1,1
2026-01-21T09:30:00Z,2026-01-21T10:30:00Z,60,2025-12-17T14:07:59Z,1,835.3669444444445,,0,,,0,,23.0,58.0,0.0,81.0,2,1,1,58.0,300.5,176.5,,,,,,,,,,,,,,,,,,,,,,,,,,,,,,,,,,,,,,,0,1,1
2026-01-21T10:00:00Z,2026-01-21T10:30:00Z,30,2025-12-17T14:07:59Z,1,835.8669444444445,,0,,,0,,23.0,58.0,0.0,81.0,2,1,1,58.0,300.0,176.0,,,,,,,,,,,,,,,,,,,,,,,,,,,,,,,,,,,,,,,0,1,1
2026-01-21T10:00:00Z,2026-01-21T11:00:00Z,60,2025-12-17T14:07:59Z,1,835.8669444444445,,0,,,0,,23.0,58.0,0.0,81.0,2,1,1,58.0,300.0,176.0,,,,,,,,,,,,,,,,,,,,,,,,,,,,,,,,,,,,,,,0,1,1
2026-01-21T10:30:00Z,2026-01-21T11:00:00Z,30,2025-12-17T14:07:59Z,1,836.3669444444445,,0,,,0,,23.0,58.0,0.0,81.0,2,1,1,58.0,299.5,175.5,,,,,,,,,,,,,,,,,,,,,,,,,,,,,,,,,,,,,,,0,1,1
2026-01-21T10:30:00Z,2026-01-21T11:30:00Z,60,2025-12-17T14:07:59Z,1,836.3669444444445,,0,,,0,,23.0,58.0,0.0,81.0,2,1,1,58.0,299.5,175.5,,,,,,,,,,,,,,,,,,,,,,,,,,,,,,,,,,,,,,,0,1,1
2026-01-21T11:00:00Z,2026-01-21T11:30:00Z,30,2025-12-17T14:07:59Z,1,836.8669444444445,,0,,,0,,23.0,58.0,0.0,81.0,2,1,1,58.0,299.0,175.0,,,,,,,,,,,,,,,,,,,,,,,,,,,,,,,,,,,,,,,0,1,1
2026-01-21T11:00:00Z,2026-01-21T12:00:00Z,60,2025-12-17T14:07:59Z,1,836.8669444444445,,0,,,0,,23.0,58.0,0.0,81.0,2,1,1,58.0,299.0,175.0,,,,,,,,,,,,,,,,,,,,,,,,,,,,,,,,,,,,,,,0,1,1
2026-01-21T11:30:00Z,2026-01-21T12:00:00Z,30,2025-12-17T14:07:59Z,1,837.3669444444445,,0,,,0,,23.0,58.0,0.0,81.0,2,1,1,58.0,298.5,174.5,,,,,,,,,,,,,,,,,,,,,,,,,,,,,,,,,,,,,,,0,1,1
2026-01-21T11:30:00Z,2026-01-21T12:30:00Z,60,2025-12-17T14:07:59Z,1,837.3669444444445,,0,,,0,,23.0,58.0,0.0,81.0,2,1,1,58.0,298.5,174.5,,,,,,,,,,,,,,,,,,,,,,,,,,,,,,,,,,,,,,,0,1,1
2026-01-21T12:00:00Z,2026-01-21T12:30:00Z,30,2025-12-17T14:07:59Z,1,837.8669444444445,,0,,,0,,23.0,58.0,0.0,81.0,2,1,1,58.0,298.0,174.0,,,,,,,,,,,,,,,,,,,,,,,,,,,,,,,,,,,,,,,0,1,1
2026-01-21T12:00:00Z,2026-01-21T13:00:00Z,60,2025-12-17T14:07:59Z,1,837.8669444444445,,0,,,0,,23.0,58.0,0.0,81.0,2,1,1,58.0,298.0,174.0,,,,,,,,,,,,,,,,,,,,,,,,,,,,,,,,,,,,,,,0,1,1
2026-01-21T12:30:00Z,2026-01-21T13:00:00Z,30,2025-12-17T14:07:59Z,1,838.3669444444445,,0,,,0,,23.0,58.0,0.0,81.0,2,1,1,58.0,297.5,173.5,,,,,,,,,,,,,,,,,,,,,,,,,,,,,,,,,,,,,,,0,1,1
2026-01-21T12:30:00Z,2026-01-21T13:30:00Z,60,2025-12-17T14:07:59Z,1,838.3669444444445,,0,,,0,,23.0,58.0,0.0,81.0,2,1,1,58.0,297.5,173.5,,,,,,,,,,,,,,,,,,,,,,,,,,,,,,,,,,,,,,,0,1,1
2026-01-21T13:00:00Z,2026-01-21T13:30:00Z,30,2025-12-17T14:07:59Z,1,838.8669444444445,,0,,,0,,23.0,58.0,0.0,81.0,2,1,1,58.0,297.0,173.0,,,,,,,,,,,,,,,,,,,,,,,,,,,,,,,,,,,,,,,0,1,1
2026-01-21T13:00:00Z,2026-01-21T14:00:00Z,60,2025-12-17T14:07:59Z,1,838.8669444444445,,0,,,0,,23.0,58.0,0.0,81.0,2,1,1,58.0,297.0,173.0,,,,,,,,,,,,,,,,,,,,,,,,,,,,,,,,,,,,,,,0,1,1
2026-01-21T13:30:00Z,2026-01-21T14:00:00Z,30,2025-12-17T14:07:59Z,1,839.3669444444445,,0,,,0,,23.0,58.0,0.0,81.0,2,1,1,58.0,296.5,172.5,,,,,,,,,,,,,,,,,,,,,,,,,,,,,,,,,,,,,,,0,1,1
2026-01-21T13:30:00Z,2026-01-21T14:30:00Z,60,2025-12-17T14:07:59Z,1,839.3669444444445,,0,,,0,,23.0,58.0,0.0,81.0,2,1,1,58.0,296.5,172.5,,,,,,,,,,,,,,,,,,,,,,,,,,,,,,,,,,,,,,,0,1,1
2026-01-21T14:00:00Z,2026-01-21T14:30:00Z,30,2025-12-17T14:07:59Z,1,839.8669444444445,,0,,,0,,23.0,58.0,0.0,81.0,2,1,1,58.0,296.0,172.0,,,,,,,,,,,,,,,,,,,,,,,,,,,,,,,,,,,,,,,0,1,1
2026-01-21T14:00:00Z,2026-01-21T15:00:00Z,60,2025-12-17T14:07:59Z,1,839.8669444444445,,0,,,0,,23.0,58.0,0.0,81.0,2,1,1,58.0,296.0,172.0,,,,,,,,,,,,,,,,,,,,,,,,,,,,,,,,,,,,,,,0,1,1
2026-01-21T14:30:00Z,2026-01-21T15:00:00Z,30,2025-12-17T14:07:59Z,1,840.3669444444445,,0,,,0,,23.0,58.0,0.0,81.0,2,1,1,58.0,295.5,171.5,,,,,,,,,,,,,,,,,,,,,,,,,,,,,,,,,,,,,,,0,1,1
2026-01-21T14:30:00Z,2026-01-21T15:30:00Z,60,2025-12-17T14:07:59Z,1,840.3669444444445,,0,,,0,,23.0,58.0,0.0,81.0,2,1,1,58.0,295.5,171.5,,,,,,,,,,,,,,,,,,,,,,,,,,,,,,,,,,,,,,,0,1,1
2026-01-21T15:00:00Z,2026-01-21T15:30:00Z,30,2025-12-17T14:07:59Z,1,840.8669444444445,,0,,,0,,23.0,58.0,0.0,81.0,2,1,1,58.0,295.0,171.0,,,,,,,,,,,,,,,,,,,,,,,,,,,,,,,,,,,,,,,0,1,1
2026-01-21T15:00:00Z,2026-01-21T16:00:00Z,60,2025-12-17T14:07:59Z,1,840.8669444444445,,0,,,0,,23.0,58.0,0.0,81.0,2,1,1,58.0,295.0,171.0,,,,,,,,,,,,,,,,,,,,,,,,,,,,,,,,,,,,,,,0,1,1
2026-01-21T15:30:00Z,2026-01-21T16:00:00Z,30,2025-12-17T14:07:59Z,1,841.3669444444445,,0,,,0,,23.0,58.0,0.0,81.0,2,1,1,58.0,294.5,170.5,,,,,,,,,,,,,,,,,,,,,,,,,,,,,,,,,,,,,,,0,1,1
2026-01-21T15:30:00Z,2026-01-21T16:30:00Z,60,2025-12-17T14:07:59Z,1,841.3669444444445,,0,,,0,,23.0,58.0,0.0,81.0,2,1,1,58.0,294.5,170.5,,,,,,,,,,,,,,,,,,,,,,,,,,,,,,,,,,,,,,,0,1,1
2026-01-21T16:00:00Z,2026-01-21T16:30:00Z,30,2025-12-17T14:07:59Z,1,841.8669444444445,,0,,,0,,23.0,58.0,0.0,81.0,2,1,1,58.0,294.0,170.0,,,,,,,,,,,,,,,,,,,,,,,,,,,,,,,,,,,,,,,0,1,1
2026-01-21T16:00:00Z,2026-01-21T17:00:00Z,60,2025-12-17T14:07:59Z,1,841.8669444444445,,0,,,0,,23.0,58.0,0.0,81.0,2,1,1,58.0,294.0,170.0,,,,,,,,,,,,,,,,,,,,,,,,,,,,,,,,,,,,,,,0,1,1
2026-01-21T16:30:00Z,2026-01-21T17:00:00Z,30,2025-12-17T14:07:59Z,1,842.3669444444445,,0,,,0,,23.0,58.0,0.0,81.0,2,1,1,58.0,293.5,169.5,,,,,,,,,,,,,,,,,,,,,,,,,,,,,,,,,,,,,,,0,1,1
2026-01-21T16:30:00Z,2026-01-21T17:30:00Z,60,2025-12-17T14:07:59Z,1,842.3669444444445,,0,,,0,,23.0,58.0,0.0,81.0,2,1,1,58.0,293.5,169.5,,,,,,,,,,,,,,,,,,,,,,,,,,,,,,,,,,,,,,,0,1,1
2026-01-21T17:00:00Z,2026-01-21T17:30:00Z,30,2025-12-17T14:07:59Z,1,842.8669444444445,,0,,,0,,23.0,58.0,0.0,81.0,2,1,1,58.0,293.0,169.0,,,,,,,,,,,,,,,,,,,,,,,,,,,,,,,,,,,,,,,0,1,1
2026-01-21T17:00:00Z,2026-01-21T18:00:00Z,60,2025-12-17T14:07:59Z,1,842.8669444444445,,0,,,0,,23.0,58.0,0.0,81.0,2,1,1,58.0,293.0,169.0,,,,,,,,,,,,,,,,,,,,,,,,,,,,,,,,,,,,,,,0,1,1
2026-01-21T17:30:00Z,2026-01-21T18:00:00Z,30,2025-12-17T14:07:59Z,1,843.3669444444445,,0,,,0,,23.0,58.0,0.0,81.0,2,1,1,58.0,292.5,168.5,,,,,,,,,,,,,,,,,,,,,,,,,,,,,,,,,,,,,,,0,1,1
2026-01-21T17:30:00Z,2026-01-21T18:30:00Z,60,2025-12-17T14:07:59Z,1,843.3669444444445,,0,,,0,,23.0,58.0,0.0,81.0,2,1,1,58.0,292.5,168.5,,,,,,,,,,,,,,,,,,,,,,,,,,,,,,,,,,,,,,,0,1,1
2026-01-21T18:00:00Z,2026-01-21T18:30:00Z,30,2025-12-17T14:07:59Z,1,843.8669444444445,,0,,,0,,23.0,58.0,0.0,81.0,2,1,1,58.0,292.0,168.0,,,,,,,,,,,,,,,,,,,,,,,,,,,,,,,,,,,,,,,0,1,1
2026-01-21T18:00:00Z,2026-01-21T19:00:00Z,60,2025-12-17T14:07:59Z,1,843.8669444444445,,0,,,0,,23.0,58.0,0.0,81.0,2,1,1,58.0,292.0,168.0,,,,,,,,,,,,,,,,,,,,,,,,,,,,,,,,,,,,,,,0,1,1
2026-01-21T18:30:00Z,2026-01-21T19:00:00Z,30,2025-12-17T14:07:59Z,1,844.3669444444445,,0,,,0,,23.0,58.0,0.0,81.0,2,1,1,58.0,291.5,167.5,,,,,,,,,,,,,,,,,,,,,,,,,,,,,,,,,,,,,,,0,1,1
2026-01-21T18:30:00Z,2026-01-21T19:30:00Z,60,2025-12-17T14:07:59Z,1,844.3669444444445,,0,,,0,,23.0,58.0,0.0,81.0,2,1,1,58.0,291.5,167.5,,,,,,,,,,,,,,,,,,,,,,,,,,,,,,,,,,,,,,,0,1,1
2026-01-21T19:00:00Z,2026-01-21T19:30:00Z,30,2025-12-17T14:07:59Z,1,844.8669444444445,,0,,,0,,23.0,58.0,0.0,81.0,2,1,1,58.0,291.0,167.0,,,,,,,,,,,,,,,,,,,,,,,,,,,,,,,,,,,,,,,0,1,1
2026-01-21T19:00:00Z,2026-01-21T20:00:00Z,60,2025-12-17T14:07:59Z,1,844.8669444444445,,0,,,0,,23.0,58.0,0.0,81.0,2,1,1,58.0,291.0,167.0,,,,,,,,,,,,,,,,,,,,,,,,,,,,,,,,,,,,,,,0,1,1
2026-01-21T19:30:00Z,2026-01-21T20:00:00Z,30,2025-12-17T14:07:59Z,1,845.3669444444445,,0,,,0,,23.0,58.0,0.0,81.0,2,1,1,58.0,290.5,166.5,,,,,,,,,,,,,,,,,,,,,,,,,,,,,,,,,,,,,,,0,1,1
2026-01-21T19:30:00Z,2026-01-21T20:30:00Z,60,2025-12-17T14:07:59Z,1,845.3669444444445,,0,,,0,,23.0,58.0,0.0,81.0,2,1,1,58.0,290.5,166.5,,,,,,,,,,,,,,,,,,,,,,,,,,,,,,,,,,,,,,,0,1,1
2026-01-21T20:00:00Z,2026-01-21T20:30:00Z,30,2025-12-17T14:07:59Z,1,845.8669444444445,,0,,,0,,23.0,58.0,0.0,81.0,2,1,1,58.0,290.0,166.0,,,,,,,,,,,,,,,,,,,,,,,,,,,,,,,,,,,,,,,0,1,1
2026-01-21T20:00:00Z,2026-01-21T21:00:00Z,60,2025-12-17T14:07:59Z,1,845.8669444444445,,0,,,0,,23.0,58.0,0.0,81.0,2,1,1,58.0,290.0,166.0,,,,,,,,,,,,,,,,,,,,,,,,,,,,,,,,,,,,,,,0,1,1
2026-01-21T20:30:00Z,2026-01-21T21:00:00Z,30,2025-12-17T14:07:59Z,1,846.3669444444445,,0,,,0,,23.0,58.0,0.0,81.0,2,1,1,58.0,289.5,165.5,,,,,,,,,,,,,,,,,,,,,,,,,,,,,,,,,,,,,,,0,1,1
2026-01-21T20:30:00Z,2026-01-21T21:30:00Z,60,2025-12-17T14:07:59Z,1,846.3669444444445,,0,,,0,,23.0,58.0,0.0,81.0,2,1,1,58.0,289.5,165.5,,,,,,,,,,,,,,,,,,,,,,,,,,,,,,,,,,,,,,,0,1,1
2026-01-21T21:00:00Z,2026-01-21T21:30:00Z,30,2025-12-17T14:07:59Z,1,846.8669444444445,,0,,,0,,23.0,58.0,0.0,81.0,2,1,1,58.0,289.0,165.0,,,,,,,,,,,,,,,,,,,,,,,,,,,,,,,,,,,,,,,0,1,1
2026-01-21T21:00:00Z,2026-01-21T22:00:00Z,60,2025-12-17T14:07:59Z,1,846.8669444444445,,0,,,0,,23.0,58.0,0.0,81.0,2,1,1,58.0,289.0,165.0,,,,,,,,,,,,,,,,,,,,,,,,,,,,,,,,,,,,,,,0,1,1
2026-01-21T21:30:00Z,2026-01-21T22:00:00Z,30,2025-12-17T14:07:59Z,1,847.3669444444445,,0,,,0,,23.0,58.0,0.0,81.0,2,1,1,58.0,288.5,164.5,,,,,,,,,,,,,,,,,,,,,,,,,,,,,,,,,,,,,,,0,1,1
2026-01-21T21:30:00Z,2026-01-21T22:30:00Z,60,2025-12-17T14:07:59Z,1,847.3669444444445,,0,,,0,,23.0,58.0,0.0,81.0,2,1,1,58.0,288.5,164.5,,,,,,,,,,,,,,,,,,,,,,,,,,,,,,,,,,,,,,,0,1,1
2026-01-21T22:00:00Z,2026-01-21T22:30:00Z,30,2025-12-17T14:07:59Z,1,847.8669444444445,,0,,,0,,23.0,58.0,0.0,81.0,2,1,1,58.0,288.0,164.0,,,,,,,,,,,,,,,,,,,,,,,,,,,,,,,,,,,,,,,0,1,1
2026-01-21T22:00:00Z,2026-01-21T23:00:00Z,60,2025-12-17T14:07:59Z,1,847.8669444444445,,0,,,0,,23.0,58.0,0.0,81.0,2,1,1,58.0,288.0,164.0,,,,,,,,,,,,,,,,,,,,,,,,,,,,,,,,,,,,,,,0,1,1
2026-01-21T22:30:00Z,2026-01-21T23:00:00Z,30,2025-12-17T14:07:59Z,1,848.3669444444445,,0,,,0,,23.0,58.0,0.0,81.0,2,1,1,58.0,287.5,163.5,,,,,,,,,,,,,,,,,,,,,,,,,,,,,,,,,,,,,,,0,1,1
2026-01-21T22:30:00Z,2026-01-21T23:30:00Z,60,2025-12-17T14:07:59Z,1,848.3669444444445,,0,,,0,,23.0,58.0,0.0,81.0,2,1,1,58.0,287.5,163.5,,,,,,,,,,,,,,,,,,,,,,,,,,,,,,,,,,,,,,,0,1,1
2026-01-21T23:00:00Z,2026-01-21T23:30:00Z,30,2025-12-17T14:07:59Z,1,848.8669444444445,,0,,,0,,23.0,58.0,0.0,81.0,2,1,1,58.0,287.0,163.0,,,,,,,,,,,,,,,,,,,,,,,,,,,,,,,,,,,,,,,0,1,1
2026-01-21T23:00:00Z,2026-01-22T00:00:00Z,60,2025-12-17T14:07:59Z,1,848.8669444444445,,0,,,0,,23.0,58.0,0.0,81.0,2,1,1,58.0,287.0,163.0,,,,,,,,,,,,,,,,,,,,,,,,,,,,,,,,,,,,,,,0,1,1
2026-01-21T23:30:00Z,2026-01-22T00:00:00Z,30,2025-12-17T14:07:59Z,1,849.3669444444445,,0,,,0,,23.0,58.0,0.0,81.0,2,1,1,58.0,286.5,162.5,,,,,,,,,,,,,,,,,,,,,,,,,,,,,,,,,,,,,,,0,1,1
2026-01-21T23:30:00Z,2026-01-22T00:30:00Z,60,2025-12-17T14:07:59Z,1,849.3669444444445,,0,,,0,,23.0,58.0,0.0,81.0,2,1,1,58.0,286.5,162.5,,,,,,,,,,,,,,,,,,,,,,,,,,,,,,,,,,,,,,,0,1,1
2026-01-22T00:00:00Z,2026-01-22T00:30:00Z,30,2025-12-17T14:07:59Z,1,849.8669444444445,,0,,,0,,23.0,58.0,0.0,81.0,2,1,1,58.0,286.0,162.0,,,,,,,,,,,,,,,,,,,,,,,,,,,,,,,,,,,,,,,0,1,1
2026-01-22T00:00:00Z,2026-01-22T01:00:00Z,60,2025-12-17T14:07:59Z,1,849.8669444444445,,0,,,0,,23.0,58.0,0.0,81.0,2,1,1,58.0,286.0,162.0,,,,,,,,,,,,,,,,,,,,,,,,,,,,,,,,,,,,,,,0,1,1
2026-01-22T00:30:00Z,2026-01-22T01:00:00Z,30,2025-12-17T14:07:59Z,1,850.3669444444445,,0,,,0,,23.0,58.0,0.0,81.0,2,1,1,58.0,285.5,161.5,,,,,,,,,,,,,,,,,,,,,,,,,,,,,,,,,,,,,,,0,1,1
2026-01-22T00:30:00Z,2026-01-22T01:30:00Z,60,2025-12-17T14:07:59Z,1,850.3669444444445,,0,,,0,,23.0,58.0,0.0,81.0,2,1,1,58.0,285.5,161.5,,,,,,,,,,,,,,,,,,,,,,,,,,,,,,,,,,,,,,,0,1,1
2026-01-22T01:00:00Z,2026-01-22T01:30:00Z,30,2025-12-17T14:07:59Z,1,850.8669444444445,,0,,,0,,23.0,58.0,0.0,81.0,2,1,1,58.0,285.0,161.0,,,,,,,,,,,,,,,,,,,,,,,,,,,,,,,,,,,,,,,0,1,1
2026-01-22T01:00:00Z,2026-01-22T02:00:00Z,60,2025-12-17T14:07:59Z,1,850.8669444444445,,0,,,0,,23.0,58.0,0.0,81.0,2,1,1,58.0,285.0,161.0,,,,,,,,,,,,,,,,,,,,,,,,,,,,,,,,,,,,,,,0,1,1
2026-01-22T01:30:00Z,2026-01-22T02:00:00Z,30,2025-12-17T14:07:59Z,1,851.3669444444445,,0,,,0,,23.0,58.0,0.0,81.0,2,1,1,58.0,284.5,160.5,,,,,,,,,,,,,,,,,,,,,,,,,,,,,,,,,,,,,,,0,1,1
2026-01-22T01:30:00Z,2026-01-22T02:30:00Z,60,2025-12-17T14:07:59Z,1,851.3669444444445,,0,,,0,,23.0,58.0,0.0,81.0,2,1,1,58.0,284.5,160.5,,,,,,,,,,,,,,,,,,,,,,,,,,,,,,,,,,,,,,,0,1,1
2026-01-22T02:00:00Z,2026-01-22T02:30:00Z,30,2025-12-17T14:07:59Z,1,851.8669444444445,,0,,,0,,23.0,58.0,0.0,81.0,2,1,1,58.0,284.0,160.0,,,,,,,,,,,,,,,,,,,,,,,,,,,,,,,,,,,,,,,0,1,1
2026-01-22T02:00:00Z,2026-01-22T03:00:00Z,60,2025-12-17T14:07:59Z,1,851.8669444444445,,0,,,0,,23.0,58.0,0.0,81.0,2,1,1,58.0,284.0,160.0,,,,,,,,,,,,,,,,,,,,,,,,,,,,,,,,,,,,,,,0,1,1
2026-01-22T02:30:00Z,2026-01-22T03:00:00Z,30,2025-12-17T14:07:59Z,1,852.3669444444445,,0,,,0,,23.0,58.0,0.0,81.0,2,1,1,58.0,283.5,159.5,,,,,,,,,,,,,,,,,,,,,,,,,,,,,,,,,,,,,,,0,1,1
2026-01-22T02:30:00Z,2026-01-22T03:30:00Z,60,2025-12-17T14:07:59Z,1,852.3669444444445,,0,,,0,,23.0,58.0,0.0,81.0,2,1,1,58.0,283.5,159.5,,,,,,,,,,,,,,,,,,,,,,,,,,,,,,,,,,,,,,,0,1,1
2026-01-22T03:00:00Z,2026-01-22T03:30:00Z,30,2025-12-17T14:07:59Z,1,852.8669444444445,,0,,,0,,23.0,58.0,0.0,81.0,2,1,1,58.0,283.0,159.0,,,,,,,,,,,,,,,,,,,,,,,,,,,,,,,,,,,,,,,0,1,1
2026-01-22T03:00:00Z,2026-01-22T04:00:00Z,60,2025-12-17T14:07:59Z,1,852.8669444444445,,0,,,0,,23.0,58.0,0.0,81.0,2,1,1,58.0,283.0,159.0,,,,,,,,,,,,,,,,,,,,,,,,,,,,,,,,,,,,,,,0,1,1
2026-01-22T03:30:00Z,2026-01-22T04:00:00Z,30,2025-12-17T14:07:59Z,1,853.3669444444445,,0,,,0,,23.0,58.0,0.0,81.0,2,1,1,58.0,282.5,158.5,,,,,,,,,,,,,,,,,,,,,,,,,,,,,,,,,,,,,,,0,1,1
2026-01-22T03:30:00Z,2026-01-22T04:30:00Z,60,2025-12-17T14:07:59Z,1,853.3669444444445,,0,,,0,,23.0,58.0,0.0,81.0,2,1,1,58.0,282.5,158.5,,,,,,,,,,,,,,,,,,,,,,,,,,,,,,,,,,,,,,,0,1,1
2026-01-22T04:00:00Z,2026-01-22T04:30:00Z,30,2025-12-17T14:07:59Z,1,853.8669444444445,,0,,,0,,23.0,58.0,0.0,81.0,2,1,1,58.0,282.0,158.0,,,,,,,,,,,,,,,,,,,,,,,,,,,,,,,,,,,,,,,0,1,1
2026-01-22T04:00:00Z,2026-01-22T05:00:00Z,60,2025-12-17T14:07:59Z,1,853.8669444444445,,0,,,0,,23.0,58.0,0.0,81.0,2,1,1,58.0,282.0,158.0,,,,,,,,,,,,,,,,,,,,,,,,,,,,,,,,,,,,,,,0,1,1
2026-01-22T04:30:00Z,2026-01-22T05:00:00Z,30,2025-12-17T14:07:59Z,1,854.3669444444445,,0,,,0,,23.0,58.0,0.0,81.0,2,1,1,58.0,281.5,157.5,,,,,,,,,,,,,,,,,,,,,,,,,,,,,,,,,,,,,,,0,1,1
2026-01-22T04:30:00Z,2026-01-22T05:30:00Z,60,2025-12-17T14:07:59Z,1,854.3669444444445,,0,,,0,,23.0,58.0,0.0,81.0,2,1,1,58.0,281.5,157.5,,,,,,,,,,,,,,,,,,,,,,,,,,,,,,,,,,,,,,,0,1,1
2026-01-22T05:00:00Z,2026-01-22T05:30:00Z,30,2025-12-17T14:07:59Z,1,854.8669444444445,,0,,,0,,23.0,58.0,0.0,81.0,2,1,1,58.0,281.0,157.0,,,,,,,,,,,,,,,,,,,,,,,,,,,,,,,,,,,,,,,0,1,1
2026-01-22T05:00:00Z,2026-01-22T06:00:00Z,60,2025-12-17T14:07:59Z,1,854.8669444444445,,0,,,0,,23.0,58.0,0.0,81.0,2,1,1,58.0,281.0,157.0,,,,,,,,,,,,,,,,,,,,,,,,,,,,,,,,,,,,,,,0,1,1
2026-01-22T05:30:00Z,2026-01-22T06:00:00Z,30,2025-12-17T14:07:59Z,1,855.3669444444445,,0,,,0,,23.0,58.0,0.0,81.0,2,1,1,58.0,280.5,156.5,,,,,,,,,,,,,,,,,,,,,,,,,,,,,,,,,,,,,,,0,1,1
2026-01-22T05:30:00Z,2026-01-22T06:30:00Z,60,2025-12-17T14:07:59Z,1,855.3669444444445,,0,,,0,,23.0,58.0,0.0,81.0,2,1,1,58.0,280.5,156.5,,,,,,,,,,,,,,,,,,,,,,,,,,,,,,,,,,,,,,,0,1,1
2026-01-22T06:00:00Z,2026-01-22T06:30:00Z,30,2025-12-17T14:07:59Z,1,855.8669444444445,,0,,,0,,23.0,58.0,0.0,81.0,2,1,1,58.0,280.0,156.0,,,,,,,,,,,,,,,,,,,,,,,,,,,,,,,,,,,,,,,0,1,1
2026-01-22T06:00:00Z,2026-01-22T07:00:00Z,60,2025-12-17T14:07:59Z,1,855.8669444444445,,0,,,0,,23.0,58.0,0.0,81.0,2,1,1,58.0,280.0,156.0,,,,,,,,,,,,,,,,,,,,,,,,,,,,,,,,,,,,,,,0,1,1
2026-01-22T06:30:00Z,2026-01-22T07:00:00Z,30,2025-12-17T14:07:59Z,1,856.3669444444445,,0,,,0,,23.0,58.0,0.0,81.0,2,1,1,58.0,279.5,155.5,,,,,,,,,,,,,,,,,,,,,,,,,,,,,,,,,,,,,,,0,1,1
2026-01-22T06:30:00Z,2026-01-22T07:30:00Z,60,2025-12-17T14:07:59Z,1,856.3669444444445,,0,,,0,,23.0,58.0,0.0,81.0,2,1,1,58.0,279.5,155.5,,,,,,,,,,,,,,,,,,,,,,,,,,,,,,,,,,,,,,,0,1,1
2026-01-22T07:00:00Z,2026-01-22T07:30:00Z,30,2025-12-17T14:07:59Z,1,856.8669444444445,,0,,,0,,23.0,58.0,0.0,81.0,2,1,1,58.0,279.0,155.0,,,,,,,,,,,,,,,,,,,,,,,,,,,,,,,,,,,,,,,0,1,1
2026-01-22T07:00:00Z,2026-01-22T08:00:00Z,60,2025-12-17T14:07:59Z,1,856.8669444444445,,0,,,0,,23.0,58.0,0.0,81.0,2,1,1,58.0,279.0,155.0,,,,,,,,,,,,,,,,,,,,,,,,,,,,,,,,,,,,,,,0,1,1
2026-01-22T07:30:00Z,2026-01-22T08:00:00Z,30,2025-12-17T14:07:59Z,1,857.3669444444445,,0,,,0,,23.0,58.0,0.0,81.0,2,1,1,58.0,278.5,154.5,,,,,,,,,,,,,,,,,,,,,,,,,,,,,,,,,,,,,,,0,1,1
2026-01-22T07:30:00Z,2026-01-22T08:30:00Z,60,2025-12-17T14:07:59Z,1,857.3669444444445,,0,,,0,,23.0,58.0,0.0,81.0,2,1,1,58.0,278.5,154.5,,,,,,,,,,,,,,,,,,,,,,,,,,,,,,,,,,,,,,,0,1,1
2026-01-22T08:00:00Z,2026-01-22T08:30:00Z,30,2025-12-17T14:07:59Z,1,857.8669444444445,,0,,,0,,23.0,58.0,0.0,81.0,2,1,1,58.0,278.0,154.0,,,,,,,,,,,,,,,,,,,,,,,,,,,,,,,,,,,,,,,0,1,1
2026-01-22T08:00:00Z,2026-01-22T09:00:00Z,60,2025-12-17T14:07:59Z,1,857.8669444444445,,0,,,0,,23.0,58.0,0.0,81.0,2,1,1,58.0,278.0,154.0,,,,,,,,,,,,,,,,,,,,,,,,,,,,,,,,,,,,,,,0,1,1
2026-01-22T08:30:00Z,2026-01-22T09:00:00Z,30,2025-12-17T14:07:59Z,1,858.3669444444445,,0,,,0,,23.0,58.0,0.0,81.0,2,1,1,58.0,277.5,153.5,,,,,,,,,,,,,,,,,,,,,,,,,,,,,,,,,,,,,,,0,1,1
2026-01-22T08:30:00Z,2026-01-22T09:30:00Z,60,2025-12-17T14:07:59Z,1,858.3669444444445,,0,,,0,,23.0,58.0,0.0,81.0,2,1,1,58.0,277.5,153.5,,,,,,,,,,,,,,,,,,,,,,,,,,,,,,,,,,,,,,,0,1,1
2026-01-22T09:00:00Z,2026-01-22T09:30:00Z,30,2025-12-17T14:07:59Z,1,858.8669444444445,,0,,,0,,23.0,58.0,0.0,81.0,2,1,1,58.0,277.0,153.0,,,,,,,,,,,,,,,,,,,,,,,,,,,,,,,,,,,,,,,0,1,1
2026-01-22T09:00:00Z,2026-01-22T10:00:00Z,60,2025-12-17T14:07:59Z,1,858.8669444444445,,0,,,0,,23.0,58.0,0.0,81.0,2,1,1,58.0,277.0,153.0,,,,,,,,,,,,,,,,,,,,,,,,,,,,,,,,,,,,,,,0,1,1
2026-01-22T09:30:00Z,2026-01-22T10:00:00Z,30,2025-12-17T14:07:59Z,1,859.3669444444445,,0,,,0,,23.0,58.0,0.0,81.0,2,1,1,58.0,276.5,152.5,,,,,,,,,,,,,,,,,,,,,,,,,,,,,,,,,,,,,,,0,1,1
2026-01-22T09:30:00Z,2026-01-22T10:30:00Z,60,2025-12-17T14:07:59Z,1,859.3669444444445,,0,,,0,,23.0,58.0,0.0,81.0,2,1,1,58.0,276.5,152.5,,,,,,,,,,,,,,,,,,,,,,,,,,,,,,,,,,,,,,,0,1,1
2026-01-22T10:00:00Z,2026-01-22T10:30:00Z,30,2025-12-17T14:07:59Z,1,859.8669444444445,,0,,,0,,23.0,58.0,0.0,81.0,2,1,1,58.0,276.0,152.0,,,,,,,,,,,,,,,,,,,,,,,,,,,,,,,,,,,,,,,0,1,1
2026-01-22T10:00:00Z,2026-01-22T11:00:00Z,60,2025-12-17T14:07:59Z,1,859.8669444444445,,0,,,0,,23.0,58.0,0.0,81.0,2,1,1,58.0,276.0,152.0,,,,,,,,,,,,,,,,,,,,,,,,,,,,,,,,,,,,,,,0,1,1
2026-01-22T10:30:00Z,2026-01-22T11:00:00Z,30,2025-12-17T14:07:59Z,1,860.3669444444445,,0,,,0,,23.0,58.0,0.0,81.0,2,1,1,58.0,275.5,151.5,,,,,,,,,,,,,,,,,,,,,,,,,,,,,,,,,,,,,,,0,1,1
2026-01-22T10:30:00Z,2026-01-22T11:30:00Z,60,2025-12-17T14:07:59Z,1,860.3669444444445,,0,,,0,,23.0,58.0,0.0,81.0,2,1,1,58.0,275.5,151.5,,,,,,,,,,,,,,,,,,,,,,,,,,,,,,,,,,,,,,,0,1,1
2026-01-22T11:00:00Z,2026-01-22T11:30:00Z,30,2025-12-17T14:07:59Z,1,860.8669444444445,,0,,,0,,23.0,58.0,0.0,81.0,2,1,1,58.0,275.0,151.0,,,,,,,,,,,,,,,,,,,,,,,,,,,,,,,,,,,,,,,0,1,1
2026-01-22T11:00:00Z,2026-01-22T12:00:00Z,60,2025-12-17T14:07:59Z,1,860.8669444444445,,0,,,0,,23.0,58.0,0.0,81.0,2,1,1,58.0,275.0,151.0,,,,,,,,,,,,,,,,,,,,,,,,,,,,,,,,,,,,,,,0,1,1
2026-01-22T11:30:00Z,2026-01-22T12:00:00Z,30,2025-12-17T14:07:59Z,1,861.3669444444445,,0,,,0,,23.0,58.0,0.0,81.0,2,1,1,58.0,274.5,150.5,,,,,,,,,,,,,,,,,,,,,,,,,,,,,,,,,,,,,,,0,1,1
2026-01-22T11:30:00Z,2026-01-22T12:30:00Z,60,2025-12-17T14:07:59Z,1,861.3669444444445,,0,,,0,,23.0,58.0,0.0,81.0,2,1,1,58.0,274.5,150.5,,,,,,,,,,,,,,,,,,,,,,,,,,,,,,,,,,,,,,,0,1,1
2026-01-22T12:00:00Z,2026-01-22T12:30:00Z,30,2025-12-17T14:07:59Z,1,861.8669444444445,,0,,,0,,23.0,58.0,0.0,81.0,2,1,1,58.0,274.0,150.0,,,,,,,,,,,,,,,,,,,,,,,,,,,,,,,,,,,,,,,0,1,1
2026-01-22T12:00:00Z,2026-01-22T13:00:00Z,60,2025-12-17T14:07:59Z,1,861.8669444444445,,0,,,0,,23.0,58.0,0.0,81.0,2,1,1,58.0,274.0,150.0,,,,,,,,,,,,,,,,,,,,,,,,,,,,,,,,,,,,,,,0,1,1
2026-01-22T12:30:00Z,2026-01-22T13:00:00Z,30,2025-12-17T14:07:59Z,1,862.3669444444445,,0,,,0,,23.0,58.0,0.0,81.0,2,1,1,58.0,273.5,149.5,,,,,,,,,,,,,,,,,,,,,,,,,,,,,,,,,,,,,,,0,1,1
2026-01-22T12:30:00Z,2026-01-22T13:30:00Z,60,2025-12-17T14:07:59Z,1,862.3669444444445,,0,,,0,,23.0,58.0,0.0,81.0,2,1,1,58.0,273.5,149.5,,,,,,,,,,,,,,,,,,,,,,,,,,,,,,,,,,,,,,,0,1,1
2026-01-22T13:00:00Z,2026-01-22T13:30:00Z,30,2025-12-17T14:07:59Z,1,862.8669444444445,,0,,,0,,23.0,58.0,0.0,81.0,2,1,1,58.0,273.0,149.0,,,,,,,,,,,,,,,,,,,,,,,,,,,,,,,,,,,,,,,0,1,1
2026-01-22T13:00:00Z,2026-01-22T14:00:00Z,60,2025-12-17T14:07:59Z,1,862.8669444444445,,0,,,0,,23.0,58.0,0.0,81.0,2,1,1,58.0,273.0,149.0,,,,,,,,,,,,,,,,,,,,,,,,,,,,,,,,,,,,,,,0,1,1
2026-01-22T13:30:00Z,2026-01-22T14:00:00Z,30,2025-12-17T14:07:59Z,1,863.3669444444445,,0,,,0,,23.0,58.0,0.0,81.0,2,1,1,58.0,272.5,148.5,,,,,,,,,,,,,,,,,,,,,,,,,,,,,,,,,,,,,,,0,1,1
2026-01-22T13:30:00Z,2026-01-22T14:30:00Z,60,2025-12-17T14:07:59Z,1,863.3669444444445,,0,,,0,,23.0,58.0,0.0,81.0,2,1,1,58.0,272.5,148.5,,,,,,,,,,,,,,,,,,,,,,,,,,,,,,,,,,,,,,,0,1,1
2026-01-22T14:00:00Z,2026-01-22T14:30:00Z,30,2025-12-17T14:07:59Z,1,863.8669444444445,,0,,,0,,23.0,58.0,0.0,81.0,2,1,1,58.0,272.0,148.0,,,,,,,,,,,,,,,,,,,,,,,,,,,,,,,,,,,,,,,0,1,1
2026-01-22T14:00:00Z,2026-01-22T15:00:00Z,60,2025-12-17T14:07:59Z,1,863.8669444444445,,0,,,0,,23.0,58.0,0.0,81.0,2,1,1,58.0,272.0,148.0,,,,,,,,,,,,,,,,,,,,,,,,,,,,,,,,,,,,,,,0,1,1
2026-01-22T14:30:00Z,2026-01-22T15:00:00Z,30,2025-12-17T14:07:59Z,1,864.3669444444445,,0,,,0,,23.0,58.0,0.0,81.0,2,1,1,58.0,271.5,147.5,,,,,,,,,,,,,,,,,,,,,,,,,,,,,,,,,,,,,,,0,1,1
2026-01-22T14:30:00Z,2026-01-22T15:30:00Z,60,2025-12-17T14:07:59Z,1,864.3669444444445,,0,,,0,,23.0,58.0,0.0,81.0,2,1,1,58.0,271.5,147.5,,,,,,,,,,,,,,,,,,,,,,,,,,,,,,,,,,,,,,,0,1,1
2026-01-22T15:00:00Z,2026-01-22T15:30:00Z,30,2025-12-17T14:07:59Z,1,864.8669444444445,,0,,,0,,23.0,58.0,0.0,81.0,2,1,1,58.0,271.0,147.0,,,,,,,,,,,,,,,,,,,,,,,,,,,,,,,,,,,,,,,0,1,1
2026-01-22T15:00:00Z,2026-01-22T16:00:00Z,60,2025-12-17T14:07:59Z,1,864.8669444444445,,0,,,0,,23.0,58.0,0.0,81.0,2,1,1,58.0,271.0,147.0,,,,,,,,,,,,,,,,,,,,,,,,,,,,,,,,,,,,,,,0,1,1
2026-01-22T15:30:00Z,2026-01-22T16:00:00Z,30,2025-12-17T14:07:59Z,1,865.3669444444445,,0,,,0,,23.0,58.0,0.0,81.0,2,1,1,58.0,270.5,146.5,,,,,,,,,,,,,,,,,,,,,,,,,,,,,,,,,,,,,,,0,1,1
2026-01-22T15:30:00Z,2026-01-22T16:30:00Z,60,2025-12-17T14:07:59Z,1,865.3669444444445,,0,,,0,,23.0,58.0,0.0,81.0,2,1,1,58.0,270.5,146.5,,,,,,,,,,,,,,,,,,,,,,,,,,,,,,,,,,,,,,,0,1,1
2026-01-22T16:00:00Z,2026-01-22T16:30:00Z,30,2025-12-17T14:07:59Z,1,865.8669444444445,,0,,,0,,23.0,58.0,0.0,81.0,2,1,1,58.0,270.0,146.0,,,,,,,,,,,,,,,,,,,,,,,,,,,,,,,,,,,,,,,0,1,1
2026-01-22T16:00:00Z,2026-01-22T17:00:00Z,60,2025-12-17T14:07:59Z,1,865.8669444444445,,0,,,0,,23.0,58.0,0.0,81.0,2,1,1,58.0,270.0,146.0,,,,,,,,,,,,,,,,,,,,,,,,,,,,,,,,,,,,,,,0,1,1
2026-01-22T16:30:00Z,2026-01-22T17:00:00Z,30,2025-12-17T14:07:59Z,1,866.3669444444445,,0,,,0,,23.0,58.0,0.0,81.0,2,1,1,58.0,269.5,145.5,,,,,,,,,,,,,,,,,,,,,,,,,,,,,,,,,,,,,,,0,1,1
2026-01-22T16:30:00Z,2026-01-22T17:30:00Z,60,2025-12-17T14:07:59Z,1,866.3669444444445,,0,,,0,,23.0,58.0,0.0,81.0,2,1,1,58.0,269.5,145.5,,,,,,,,,,,,,,,,,,,,,,,,,,,,,,,,,,,,,,,0,1,1
2026-01-22T17:00:00Z,2026-01-22T17:30:00Z,30,2025-12-17T14:07:59Z,1,866.8669444444445,,0,,,0,,23.0,58.0,0.0,81.0,2,1,1,58.0,269.0,145.0,,,,,,,,,,,,,,,,,,,,,,,,,,,,,,,,,,,,,,,0,1,1
2026-01-22T17:00:00Z,2026-01-22T18:00:00Z,60,2025-12-17T14:07:59Z,1,866.8669444444445,,0,,,0,,23.0,58.0,0.0,81.0,2,1,1,58.0,269.0,145.0,,,,,,,,,,,,,,,,,,,,,,,,,,,,,,,,,,,,,,,0,1,1
2026-01-22T17:30:00Z,2026-01-22T18:00:00Z,30,2025-12-17T14:07:59Z,1,867.3669444444445,,0,,,0,,23.0,58.0,0.0,81.0,2,1,1,58.0,268.5,144.5,,,,,,,,,,,,,,,,,,,,,,,,,,,,,,,,,,,,,,,0,1,1
2026-01-22T17:30:00Z,2026-01-22T18:30:00Z,60,2025-12-17T14:07:59Z,1,867.3669444444445,,0,,,0,,23.0,58.0,0.0,81.0,2,1,1,58.0,268.5,144.5,,,,,,,,,,,,,,,,,,,,,,,,,,,,,,,,,,,,,,,0,1,1
2026-01-22T18:00:00Z,2026-01-22T18:30:00Z,30,2025-12-17T14:07:59Z,1,867.8669444444445,,0,,,0,,23.0,58.0,0.0,81.0,2,1,1,58.0,268.0,144.0,,,,,,,,,,,,,,,,,,,,,,,,,,,,,,,,,,,,,,,0,1,1
2026-01-22T18:00:00Z,2026-01-22T19:00:00Z,60,2025-12-17T14:07:59Z,1,867.8669444444445,,0,,,0,,23.0,58.0,0.0,81.0,2,1,1,58.0,268.0,144.0,,,,,,,,,,,,,,,,,,,,,,,,,,,,,,,,,,,,,,,0,1,1
2026-01-22T18:30:00Z,2026-01-22T19:00:00Z,30,2025-12-17T14:07:59Z,1,868.3669444444445,,0,,,0,,23.0,58.0,0.0,81.0,2,1,1,58.0,267.5,143.5,,,,,,,,,,,,,,,,,,,,,,,,,,,,,,,,,,,,,,,0,1,1
2026-01-22T18:30:00Z,2026-01-22T19:30:00Z,60,2025-12-17T14:07:59Z,1,868.3669444444445,,0,,,0,,23.0,58.0,0.0,81.0,2,1,1,58.0,267.5,143.5,,,,,,,,,,,,,,,,,,,,,,,,,,,,,,,,,,,,,,,0,1,1
2026-01-22T19:00:00Z,2026-01-22T19:30:00Z,30,2025-12-17T14:07:59Z,1,868.8669444444445,,0,,,0,,23.0,58.0,0.0,81.0,2,1,1,58.0,267.0,143.0,,,,,,,,,,,,,,,,,,,,,,,,,,,,,,,,,,,,,,,0,1,1
2026-01-22T19:00:00Z,2026-01-22T20:00:00Z,60,2025-12-17T14:07:59Z,1,868.8669444444445,,0,,,0,,23.0,58.0,0.0,81.0,2,1,1,58.0,267.0,143.0,,,,,,,,,,,,,,,,,,,,,,,,,,,,,,,,,,,,,,,0,1,1
2026-01-22T19:30:00Z,2026-01-22T20:00:00Z,30,2025-12-17T14:07:59Z,1,869.3669444444445,,0,,,0,,23.0,58.0,0.0,81.0,2,1,1,58.0,266.5,142.5,,,,,,,,,,,,,,,,,,,,,,,,,,,,,,,,,,,,,,,0,1,1
2026-01-22T19:30:00Z,2026-01-22T20:30:00Z,60,2025-12-17T14:07:59Z,1,869.3669444444445,,0,,,0,,23.0,58.0,0.0,81.0,2,1,1,58.0,266.5,142.5,,,,,,,,,,,,,,,,,,,,,,,,,,,,,,,,,,,,,,,0,1,1
2026-01-22T20:00:00Z,2026-01-22T20:30:00Z,30,2025-12-17T14:07:59Z,1,869.8669444444445,,0,,,0,,23.0,58.0,0.0,81.0,2,1,1,58.0,266.0,142.0,,,,,,,,,,,,,,,,,,,,,,,,,,,,,,,,,,,,,,,0,1,1
2026-01-22T20:00:00Z,2026-01-22T21:00:00Z,60,2025-12-17T14:07:59Z,1,869.8669444444445,,0,,,0,,23.0,58.0,0.0,81.0,2,1,1,58.0,266.0,142.0,,,,,,,,,,,,,,,,,,,,,,,,,,,,,,,,,,,,,,,0,1,1
2026-01-22T20:30:00Z,2026-01-22T21:00:00Z,30,2025-12-17T14:07:59Z,1,870.3669444444445,,0,,,0,,23.0,58.0,0.0,81.0,2,1,1,58.0,265.5,141.5,,,,,,,,,,,,,,,,,,,,,,,,,,,,,,,,,,,,,,,0,1,1
2026-01-22T20:30:00Z,2026-01-22T21:30:00Z,60,2025-12-17T14:07:59Z,1,870.3669444444445,,0,,,0,,23.0,58.0,0.0,81.0,2,1,1,58.0,265.5,141.5,,,,,,,,,,,,,,,,,,,,,,,,,,,,,,,,,,,,,,,0,1,1
2026-01-22T21:00:00Z,2026-01-22T21:30:00Z,30,2025-12-17T14:07:59Z,1,870.8669444444445,,0,,,0,,23.0,58.0,0.0,81.0,2,1,1,58.0,265.0,141.0,,,,,,,,,,,,,,,,,,,,,,,,,,,,,,,,,,,,,,,0,1,1
2026-01-22T21:00:00Z,2026-01-22T22:00:00Z,60,2025-12-17T14:07:59Z,1,870.8669444444445,,0,,,0,,23.0,58.0,0.0,81.0,2,1,1,58.0,265.0,141.0,,,,,,,,,,,,,,,,,,,,,,,,,,,,,,,,,,,,,,,0,1,1
2026-01-22T21:30:00Z,2026-01-22T22:00:00Z,30,2025-12-17T14:07:59Z,1,871.3669444444445,,0,,,0,,23.0,58.0,0.0,81.0,2,1,1,58.0,264.5,140.5,,,,,,,,,,,,,,,,,,,,,,,,,,,,,,,,,,,,,,,0,1,1
2026-01-22T21:30:00Z,2026-01-22T22:30:00Z,60,2025-12-17T14:07:59Z,1,871.3669444444445,,0,,,0,,23.0,58.0,0.0,81.0,2,1,1,58.0,264.5,140.5,,,,,,,,,,,,,,,,,,,,,,,,,,,,,,,,,,,,,,,0,1,1
2026-01-22T22:00:00Z,2026-01-22T22:30:00Z,30,2025-12-17T14:07:59Z,1,871.8669444444445,,0,,,0,,23.0,58.0,0.0,81.0,2,1,1,58.0,264.0,140.0,,,,,,,,,,,,,,,,,,,,,,,,,,,,,,,,,,,,,,,0,1,1
2026-01-22T22:00:00Z,2026-01-22T23:00:00Z,60,2025-12-17T14:07:59Z,1,871.8669444444445,,0,,,0,,23.0,58.0,0.0,81.0,2,1,1,58.0,264.0,140.0,,,,,,,,,,,,,,,,,,,,,,,,,,,,,,,,,,,,,,,0,1,1
2026-01-22T22:30:00Z,2026-01-22T23:00:00Z,30,2025-12-17T14:07:59Z,1,872.3669444444445,,0,,,0,,23.0,58.0,0.0,81.0,2,1,1,58.0,263.5,139.5,,,,,,,,,,,,,,,,,,,,,,,,,,,,,,,,,,,,,,,0,1,1
2026-01-22T22:30:00Z,2026-01-22T23:30:00Z,60,2025-12-17T14:07:59Z,1,872.3669444444445,,0,,,0,,23.0,58.0,0.0,81.0,2,1,1,58.0,263.5,139.5,,,,,,,,,,,,,,,,,,,,,,,,,,,,,,,,,,,,,,,0,1,1
2026-01-22T23:00:00Z,2026-01-22T23:30:00Z,30,2025-12-17T14:07:59Z,1,872.8669444444445,,0,,,0,,23.0,58.0,0.0,81.0,2,1,1,58.0,263.0,139.0,,,,,,,,,,,,,,,,,,,,,,,,,,,,,,,,,,,,,,,0,1,1
2026-01-22T23:00:00Z,2026-01-23T00:00:00Z,60,2025-12-17T14:07:59Z,1,872.8669444444445,,0,,,0,,23.0,58.0,0.0,81.0,2,1,1,58.0,263.0,139.0,,,,,,,,,,,,,,,,,,,,,,,,,,,,,,,,,,,,,,,0,1,1
2026-01-22T23:30:00Z,2026-01-23T00:00:00Z,30,2025-12-17T14:07:59Z,1,873.3669444444445,,0,,,0,,23.0,58.0,0.0,81.0,2,1,1,58.0,262.5,138.5,,,,,,,,,,,,,,,,,,,,,,,,,,,,,,,,,,,,,,,0,1,1
2026-01-22T23:30:00Z,2026-01-23T00:30:00Z,60,2025-12-17T14:07:59Z,1,873.3669444444445,,0,,,0,,23.0,58.0,0.0,81.0,2,1,1,58.0,262.5,138.5,,,,,,,,,,,,,,,,,,,,,,,,,,,,,,,,,,,,,,,0,1,1
2026-01-23T00:00:00Z,2026-01-23T00:30:00Z,30,2025-12-17T14:07:59Z,1,873.8669444444445,,0,,,0,,23.0,58.0,0.0,81.0,2,1,1,58.0,262.0,138.0,,,,,,,,,,,,,,,,,,,,,,,,,,,,,,,,,,,,,,,0,1,1
2026-01-23T00:00:00Z,2026-01-23T01:00:00Z,60,2025-12-17T14:07:59Z,1,873.8669444444445,,0,,,0,,23.0,58.0,0.0,81.0,2,1,1,58.0,262.0,138.0,,,,,,,,,,,,,,,,,,,,,,,,,,,,,,,,,,,,,,,0,1,1
2026-01-23T00:30:00Z,2026-01-23T01:00:00Z,30,2025-12-17T14:07:59Z,1,874.3669444444445,,0,,,0,,23.0,58.0,0.0,81.0,2,1,1,58.0,261.5,137.5,,,,,,,,,,,,,,,,,,,,,,,,,,,,,,,,,,,,,,,0,1,1
2026-01-23T00:30:00Z,2026-01-23T01:30:00Z,60,2025-12-17T14:07:59Z,1,874.3669444444445,,0,,,0,,23.0,58.0,0.0,81.0,2,1,1,58.0,261.5,137.5,,,,,,,,,,,,,,,,,,,,,,,,,,,,,,,,,,,,,,,0,1,1
2026-01-23T01:00:00Z,2026-01-23T01:30:00Z,30,2025-12-17T14:07:59Z,1,874.8669444444445,,0,,,0,,23.0,58.0,0.0,81.0,2,1,1,58.0,261.0,137.0,,,,,,,,,,,,,,,,,,,,,,,,,,,,,,,,,,,,,,,0,1,1
2026-01-23T01:00:00Z,2026-01-23T02:00:00Z,60,2025-12-17T14:07:59Z,1,874.8669444444445,,0,,,0,,23.0,58.0,0.0,81.0,2,1,1,58.0,261.0,137.0,,,,,,,,,,,,,,,,,,,,,,,,,,,,,,,,,,,,,,,0,1,1
2026-01-23T01:30:00Z,2026-01-23T02:00:00Z,30,2025-12-17T14:07:59Z,1,875.3669444444445,,0,,,0,,23.0,58.0,0.0,81.0,2,1,1,58.0,260.5,136.5,,,,,,,,,,,,,,,,,,,,,,,,,,,,,,,,,,,,,,,0,1,1
2026-01-23T01:30:00Z,2026-01-23T02:30:00Z,60,2025-12-17T14:07:59Z,1,875.3669444444445,,0,,,0,,23.0,58.0,0.0,81.0,2,1,1,58.0,260.5,136.5,,,,,,,,,,,,,,,,,,,,,,,,,,,,,,,,,,,,,,,0,1,1
2026-01-23T02:00:00Z,2026-01-23T02:30:00Z,30,2025-12-17T14:07:59Z,1,875.8669444444445,,0,,,0,,23.0,58.0,0.0,81.0,2,1,1,58.0,260.0,136.0,,,,,,,,,,,,,,,,,,,,,,,,,,,,,,,,,,,,,,,0,1,1
2026-01-23T02:00:00Z,2026-01-23T03:00:00Z,60,2025-12-17T14:07:59Z,1,875.8669444444445,,0,,,0,,23.0,58.0,0.0,81.0,2,1,1,58.0,260.0,136.0,,,,,,,,,,,,,,,,,,,,,,,,,,,,,,,,,,,,,,,0,1,1
2026-01-23T02:30:00Z,2026-01-23T03:00:00Z,30,2025-12-17T14:07:59Z,1,876.3669444444445,,0,,,0,,23.0,58.0,0.0,81.0,2,1,1,58.0,259.5,135.5,,,,,,,,,,,,,,,,,,,,,,,,,,,,,,,,,,,,,,,0,1,1
2026-01-23T02:30:00Z,2026-01-23T03:30:00Z,60,2025-12-17T14:07:59Z,1,876.3669444444445,,0,,,0,,23.0,58.0,0.0,81.0,2,1,1,58.0,259.5,135.5,,,,,,,,,,,,,,,,,,,,,,,,,,,,,,,,,,,,,,,0,1,1
2026-01-23T03:00:00Z,2026-01-23T03:30:00Z,30,2025-12-17T14:07:59Z,1,876.8669444444445,,0,,,0,,23.0,58.0,0.0,81.0,2,1,1,58.0,259.0,135.0,,,,,,,,,,,,,,,,,,,,,,,,,,,,,,,,,,,,,,,0,1,1
2026-01-23T03:00:00Z,2026-01-23T04:00:00Z,60,2025-12-17T14:07:59Z,1,876.8669444444445,,0,,,0,,23.0,58.0,0.0,81.0,2,1,1,58.0,259.0,135.0,,,,,,,,,,,,,,,,,,,,,,,,,,,,,,,,,,,,,,,0,1,1
2026-01-23T03:30:00Z,2026-01-23T04:00:00Z,30,2025-12-17T14:07:59Z,1,877.3669444444445,,0,,,0,,23.0,58.0,0.0,81.0,2,1,1,58.0,258.5,134.5,,,,,,,,,,,,,,,,,,,,,,,,,,,,,,,,,,,,,,,0,1,1
2026-01-23T03:30:00Z,2026-01-23T04:30:00Z,60,2025-12-17T14:07:59Z,1,877.3669444444445,,0,,,0,,23.0,58.0,0.0,81.0,2,1,1,58.0,258.5,134.5,,,,,,,,,,,,,,,,,,,,,,,,,,,,,,,,,,,,,,,0,1,1
2026-01-23T04:00:00Z,2026-01-23T04:30:00Z,30,2025-12-17T14:07:59Z,1,877.8669444444445,,0,,,0,,23.0,58.0,0.0,81.0,2,1,1,58.0,258.0,134.0,,,,,,,,,,,,,,,,,,,,,,,,,,,,,,,,,,,,,,,0,1,1
2026-01-23T04:00:00Z,2026-01-23T05:00:00Z,60,2025-12-17T14:07:59Z,1,877.8669444444445,,0,,,0,,23.0,58.0,0.0,81.0,2,1,1,58.0,258.0,134.0,,,,,,,,,,,,,,,,,,,,,,,,,,,,,,,,,,,,,,,0,1,1
2026-01-23T04:30:00Z,2026-01-23T05:00:00Z,30,2025-12-17T14:07:59Z,1,878.3669444444445,,0,,,0,,23.0,58.0,0.0,81.0,2,1,1,58.0,257.5,133.5,,,,,,,,,,,,,,,,,,,,,,,,,,,,,,,,,,,,,,,0,1,1
2026-01-23T04:30:00Z,2026-01-23T05:30:00Z,60,2025-12-17T14:07:59Z,1,878.3669444444445,,0,,,0,,23.0,58.0,0.0,81.0,2,1,1,58.0,257.5,133.5,,,,,,,,,,,,,,,,,,,,,,,,,,,,,,,,,,,,,,,0,1,1
2026-01-23T05:00:00Z,2026-01-23T05:30:00Z,30,2025-12-17T14:07:59Z,1,878.8669444444445,,0,,,0,,23.0,58.0,0.0,81.0,2,1,1,58.0,257.0,133.0,,,,,,,,,,,,,,,,,,,,,,,,,,,,,,,,,,,,,,,0,1,1
2026-01-23T05:00:00Z,2026-01-23T06:00:00Z,60,2025-12-17T14:07:59Z,1,878.8669444444445,,0,,,0,,23.0,58.0,0.0,81.0,2,1,1,58.0,257.0,133.0,,,,,,,,,,,,,,,,,,,,,,,,,,,,,,,,,,,,,,,0,1,1
2026-01-23T05:30:00Z,2026-01-23T06:00:00Z,30,2025-12-17T14:07:59Z,1,879.3669444444445,,0,,,0,,23.0,58.0,0.0,81.0,2,1,1,58.0,256.5,132.5,,,,,,,,,,,,,,,,,,,,,,,,,,,,,,,,,,,,,,,0,1,1
2026-01-23T05:30:00Z,2026-01-23T06:30:00Z,60,2025-12-17T14:07:59Z,1,879.3669444444445,,0,,,0,,23.0,58.0,0.0,81.0,2,1,1,58.0,256.5,132.5,,,,,,,,,,,,,,,,,,,,,,,,,,,,,,,,,,,,,,,0,1,1
2026-01-23T06:00:00Z,2026-01-23T06:30:00Z,30,2025-12-17T14:07:59Z,1,879.8669444444445,,0,,,0,,23.0,58.0,0.0,81.0,2,1,1,58.0,256.0,132.0,,,,,,,,,,,,,,,,,,,,,,,,,,,,,,,,,,,,,,,0,1,1
2026-01-23T06:00:00Z,2026-01-23T07:00:00Z,60,2025-12-17T14:07:59Z,1,879.8669444444445,,0,,,0,,23.0,58.0,0.0,81.0,2,1,1,58.0,256.0,132.0,,,,,,,,,,,,,,,,,,,,,,,,,,,,,,,,,,,,,,,0,1,1
2026-01-23T06:30:00Z,2026-01-23T07:00:00Z,30,2025-12-17T14:07:59Z,1,880.3669444444445,,0,,,0,,23.0,58.0,0.0,81.0,2,1,1,58.0,255.5,131.5,,,,,,,,,,,,,,,,,,,,,,,,,,,,,,,,,,,,,,,0,1,1
2026-01-23T06:30:00Z,2026-01-23T07:30:00Z,60,2025-12-17T14:07:59Z,1,880.3669444444445,,0,,,0,,23.0,58.0,0.0,81.0,2,1,1,58.0,255.5,131.5,,,,,,,,,,,,,,,,,,,,,,,,,,,,,,,,,,,,,,,0,1,1
2026-01-23T07:00:00Z,2026-01-23T07:30:00Z,30,2025-12-17T14:07:59Z,1,880.8669444444445,,0,,,0,,23.0,58.0,0.0,81.0,2,1,1,58.0,255.0,131.0,,,,,,,,,,,,,,,,,,,,,,,,,,,,,,,,,,,,,,,0,1,1
2026-01-23T07:00:00Z,2026-01-23T08:00:00Z,60,2025-12-17T14:07:59Z,1,880.8669444444445,,0,,,0,,23.0,58.0,0.0,81.0,2,1,1,58.0,255.0,131.0,,,,,,,,,,,,,,,,,,,,,,,,,,,,,,,,,,,,,,,0,1,1
2026-01-23T07:30:00Z,2026-01-23T08:00:00Z,30,2025-12-17T14:07:59Z,1,881.3669444444445,,0,,,0,,23.0,58.0,0.0,81.0,2,1,1,58.0,254.5,130.5,,,,,,,,,,,,,,,,,,,,,,,,,,,,,,,,,,,,,,,0,1,1
2026-01-23T07:30:00Z,2026-01-23T08:30:00Z,60,2025-12-17T14:07:59Z,1,881.3669444444445,,0,,,0,,23.0,58.0,0.0,81.0,2,1,1,58.0,254.5,130.5,,,,,,,,,,,,,,,,,,,,,,,,,,,,,,,,,,,,,,,0,1,1
2026-01-23T08:00:00Z,2026-01-23T08:30:00Z,30,2025-12-17T14:07:59Z,1,881.8669444444445,,0,,,0,,23.0,58.0,0.0,81.0,2,1,1,58.0,254.0,130.0,,,,,,,,,,,,,,,,,,,,,,,,,,,,,,,,,,,,,,,0,1,1
2026-01-23T08:00:00Z,2026-01-23T09:00:00Z,60,2025-12-17T14:07:59Z,1,881.8669444444445,,0,,,0,,23.0,58.0,0.0,81.0,2,1,1,58.0,254.0,130.0,,,,,,,,,,,,,,,,,,,,,,,,,,,,,,,,,,,,,,,0,1,1
2026-01-23T08:30:00Z,2026-01-23T09:00:00Z,30,2025-12-17T14:07:59Z,1,882.3669444444445,,0,,,0,,23.0,58.0,0.0,81.0,2,1,1,58.0,253.5,129.5,,,,,,,,,,,,,,,,,,,,,,,,,,,,,,,,,,,,,,,0,1,1
2026-01-23T08:30:00Z,2026-01-23T09:30:00Z,60,2025-12-17T14:07:59Z,1,882.3669444444445,,0,,,0,,23.0,58.0,0.0,81.0,2,1,1,58.0,253.5,129.5,,,,,,,,,,,,,,,,,,,,,,,,,,,,,,,,,,,,,,,0,1,1
2026-01-23T09:00:00Z,2026-01-23T09:30:00Z,30,2025-12-17T14:07:59Z,1,882.8669444444445,,0,,,0,,23.0,58.0,0.0,81.0,2,1,1,58.0,253.0,129.0,,,,,,,,,,,,,,,,,,,,,,,,,,,,,,,,,,,,,,,0,1,1
2026-01-23T09:00:00Z,2026-01-23T10:00:00Z,60,2025-12-17T14:07:59Z,1,882.8669444444445,,0,,,0,,23.0,58.0,0.0,81.0,2,1,1,58.0,253.0,129.0,,,,,,,,,,,,,,,,,,,,,,,,,,,,,,,,,,,,,,,0,1,1
2026-01-23T09:30:00Z,2026-01-23T10:00:00Z,30,2025-12-17T14:07:59Z,1,883.3669444444445,,0,,,0,,23.0,58.0,0.0,81.0,2,1,1,58.0,252.5,128.5,,,,,,,,,,,,,,,,,,,,,,,,,,,,,,,,,,,,,,,0,1,1
2026-01-23T09:30:00Z,2026-01-23T10:30:00Z,60,2025-12-17T14:07:59Z,1,883.3669444444445,,0,,,0,,23.0,58.0,0.0,81.0,2,1,1,58.0,252.5,128.5,,,,,,,,,,,,,,,,,,,,,,,,,,,,,,,,,,,,,,,0,1,1
2026-01-23T10:00:00Z,2026-01-23T10:30:00Z,30,2025-12-17T14:07:59Z,1,883.8669444444445,,0,,,0,,23.0,58.0,0.0,81.0,2,1,1,58.0,252.0,128.0,,,,,,,,,,,,,,,,,,,,,,,,,,,,,,,,,,,,,,,0,1,1
2026-01-23T10:00:00Z,2026-01-23T11:00:00Z,60,2025-12-17T14:07:59Z,1,883.8669444444445,,0,,,0,,23.0,58.0,0.0,81.0,2,1,1,58.0,252.0,128.0,,,,,,,,,,,,,,,,,,,,,,,,,,,,,,,,,,,,,,,0,1,1
2026-01-23T10:30:00Z,2026-01-23T11:00:00Z,30,2025-12-17T14:07:59Z,1,884.3669444444445,,0,,,0,,23.0,58.0,0.0,81.0,2,1,1,58.0,251.5,127.5,,,,,,,,,,,,,,,,,,,,,,,,,,,,,,,,,,,,,,,0,1,1
2026-01-23T10:30:00Z,2026-01-23T11:30:00Z,60,2025-12-17T14:07:59Z,1,884.3669444444445,,0,,,0,,23.0,58.0,0.0,81.0,2,1,1,58.0,251.5,127.5,,,,,,,,,,,,,,,,,,,,,,,,,,,,,,,,,,,,,,,0,1,1
2026-01-23T11:00:00Z,2026-01-23T11:30:00Z,30,2025-12-17T14:07:59Z,1,884.8669444444445,,0,,,0,,23.0,58.0,0.0,81.0,2,1,1,58.0,251.0,127.0,,,,,,,,,,,,,,,,,,,,,,,,,,,,,,,,,,,,,,,0,1,1
2026-01-23T11:00:00Z,2026-01-23T12:00:00Z,60,2025-12-17T14:07:59Z,1,884.8669444444445,,0,,,0,,23.0,58.0,0.0,81.0,2,1,1,58.0,251.0,127.0,,,,,,,,,,,,,,,,,,,,,,,,,,,,,,,,,,,,,,,0,1,1
2026-01-23T11:30:00Z,2026-01-23T12:00:00Z,30,2025-12-17T14:07:59Z,1,885.3669444444445,,0,,,0,,23.0,58.0,0.0,81.0,2,1,1,58.0,250.5,126.5,,,,,,,,,,,,,,,,,,,,,,,,,,,,,,,,,,,,,,,0,1,1
2026-01-23T11:30:00Z,2026-01-23T12:30:00Z,60,2025-12-17T14:07:59Z,1,885.3669444444445,,0,,,0,,23.0,58.0,0.0,81.0,2,1,1,58.0,250.5,126.5,,,,,,,,,,,,,,,,,,,,,,,,,,,,,,,,,,,,,,,0,1,1
2026-01-23T12:00:00Z,2026-01-23T12:30:00Z,30,2025-12-17T14:07:59Z,1,885.8669444444445,,0,,,0,,23.0,58.0,0.0,81.0,2,1,1,58.0,250.0,126.0,,,,,,,,,,,,,,,,,,,,,,,,,,,,,,,,,,,,,,,0,1,1
2026-01-23T12:00:00Z,2026-01-23T13:00:00Z,60,2025-12-17T14:07:59Z,1,885.8669444444445,,0,,,0,,23.0,58.0,0.0,81.0,2,1,1,58.0,250.0,126.0,,,,,,,,,,,,,,,,,,,,,,,,,,,,,,,,,,,,,,,0,1,1
2026-01-23T12:30:00Z,2026-01-23T13:00:00Z,30,2025-12-17T14:07:59Z,1,886.3669444444445,,0,,,0,,23.0,58.0,0.0,81.0,2,1,1,58.0,249.5,125.5,,,,,,,,,,,,,,,,,,,,,,,,,,,,,,,,,,,,,,,0,1,1
2026-01-23T12:30:00Z,2026-01-23T13:30:00Z,60,2025-12-17T14:07:59Z,1,886.3669444444445,,0,,,0,,23.0,58.0,0.0,81.0,2,1,1,58.0,249.5,125.5,,,,,,,,,,,,,,,,,,,,,,,,,,,,,,,,,,,,,,,0,1,1
2026-01-23T13:00:00Z,2026-01-23T13:30:00Z,30,2025-12-17T14:07:59Z,1,886.8669444444445,,0,,,0,,23.0,58.0,0.0,81.0,2,1,1,58.0,249.0,125.0,,,,,,,,,,,,,,,,,,,,,,,,,,,,,,,,,,,,,,,0,1,1
2026-01-23T13:00:00Z,2026-01-23T14:00:00Z,60,2025-12-17T14:07:59Z,1,886.8669444444445,,0,,,0,,23.0,58.0,0.0,81.0,2,1,1,58.0,249.0,125.0,,,,,,,,,,,,,,,,,,,,,,,,,,,,,,,,,,,,,,,0,1,1
2026-01-23T13:30:00Z,2026-01-23T14:00:00Z,30,2025-12-17T14:07:59Z,1,887.3669444444445,,0,,,0,,23.0,58.0,0.0,81.0,2,1,1,58.0,248.5,124.5,,,,,,,,,,,,,,,,,,,,,,,,,,,,,,,,,,,,,,,0,1,1
2026-01-23T13:30:00Z,2026-01-23T14:30:00Z,60,2025-12-17T14:07:59Z,1,887.3669444444445,,0,,,0,,23.0,58.0,0.0,81.0,2,1,1,58.0,248.5,124.5,,,,,,,,,,,,,,,,,,,,,,,,,,,,,,,,,,,,,,,0,1,1
2026-01-23T14:00:00Z,2026-01-23T14:30:00Z,30,2025-12-17T14:07:59Z,1,887.8669444444445,,0,,,0,,23.0,58.0,0.0,81.0,2,1,1,58.0,248.0,124.0,,,,,,,,,,,,,,,,,,,,,,,,,,,,,,,,,,,,,,,0,1,1
2026-01-23T14:00:00Z,2026-01-23T15:00:00Z,60,2025-12-17T14:07:59Z,1,887.8669444444445,,0,,,0,,23.0,58.0,0.0,81.0,2,1,1,58.0,248.0,124.0,,,,,,,,,,,,,,,,,,,,,,,,,,,,,,,,,,,,,,,0,1,1
2026-01-23T14:30:00Z,2026-01-23T15:00:00Z,30,2025-12-17T14:07:59Z,1,888.3669444444445,,0,,,0,,23.0,58.0,0.0,81.0,2,1,1,58.0,247.5,123.5,,,,,,,,,,,,,,,,,,,,,,,,,,,,,,,,,,,,,,,0,1,1
2026-01-23T14:30:00Z,2026-01-23T15:30:00Z,60,2025-12-17T14:07:59Z,1,888.3669444444445,,0,,,0,,23.0,58.0,0.0,81.0,2,1,1,58.0,247.5,123.5,,,,,,,,,,,,,,,,,,,,,,,,,,,,,,,,,,,,,,,0,1,1
2026-01-23T15:00:00Z,2026-01-23T15:30:00Z,30,2025-12-17T14:07:59Z,1,888.8669444444445,,0,,,0,,23.0,58.0,0.0,81.0,2,1,1,58.0,247.0,123.0,,,,,,,,,,,,,,,,,,,,,,,,,,,,,,,,,,,,,,,0,1,1
2026-01-23T15:00:00Z,2026-01-23T16:00:00Z,60,2025-12-17T14:07:59Z,1,888.8669444444445,,0,,,0,,23.0,58.0,0.0,81.0,2,1,1,58.0,247.0,123.0,,,,,,,,,,,,,,,,,,,,,,,,,,,,,,,,,,,,,,,0,1,1
2026-01-23T15:30:00Z,2026-01-23T16:00:00Z,30,2025-12-17T14:07:59Z,1,889.3669444444445,,0,,,0,,23.0,58.0,0.0,81.0,2,1,1,58.0,246.5,122.5,,,,,,,,,,,,,,,,,,,,,,,,,,,,,,,,,,,,,,,0,1,1
2026-01-23T15:30:00Z,2026-01-23T16:30:00Z,60,2025-12-17T14:07:59Z,1,889.3669444444445,,0,,,0,,23.0,58.0,0.0,81.0,2,1,1,58.0,246.5,122.5,,,,,,,,,,,,,,,,,,,,,,,,,,,,,,,,,,,,,,,0,1,1
2026-01-23T16:00:00Z,2026-01-23T16:30:00Z,30,2025-12-17T14:07:59Z,1,889.8669444444445,,0,,,0,,23.0,58.0,0.0,81.0,2,1,1,58.0,246.0,122.0,,,,,,,,,,,,,,,,,,,,,,,,,,,,,,,,,,,,,,,0,1,1
2026-01-23T16:00:00Z,2026-01-23T17:00:00Z,60,2025-12-17T14:07:59Z,1,889.8669444444445,,0,,,0,,23.0,58.0,0.0,81.0,2,1,1,58.0,246.0,122.0,,,,,,,,,,,,,,,,,,,,,,,,,,,,,,,,,,,,,,,0,1,1
2026-01-23T16:30:00Z,2026-01-23T17:00:00Z,30,2025-12-17T14:07:59Z,1,890.3669444444445,2026-01-23T16:19:11Z,1,0.1802777777777778,,0,,23.0,58.0,0.0,81.0,2,1,1,58.0,245.5,121.5,34.0,33.0,2.2,220.0,55.5,7.5,2.0,3.0,5.0,5.0,13.0,7.0,,,,,,,,,,,,,,,,,,,,,,,,,,,0,0,1
2026-01-23T16:30:00Z,2026-01-23T17:30:00Z,60,2025-12-17T14:07:59Z,1,890.3669444444445,2026-01-23T16:19:11Z,1,0.1802777777777778,,0,,23.0,58.0,0.0,81.0,2,1,1,58.0,245.5,121.5,34.0,33.0,2.2,220.0,55.5,7.5,2.0,3.0,5.0,5.0,13.0,7.0,,,,,,,,,,,,,,,,,,,,,,,,,,,0,0,1
2026-01-23T17:00:00Z,2026-01-23T17:30:00Z,30,2025-12-17T14:07:59Z,1,890.8669444444445,2026-01-23T16:19:11Z,1,0.6802777777777778,,0,,23.0,58.0,0.0,81.0,2,1,1,58.0,245.0,121.0,34.0,33.0,2.2,220.0,55.0,7.0,2.0,3.0,5.0,5.0,13.0,7.0,,,,,,,,,,,,,,,,,,,,,,,,,,,0,0,1
2026-01-23T17:00:00Z,2026-01-23T18:00:00Z,60,2025-12-17T14:07:59Z,1,890.8669444444445,2026-01-23T16:19:11Z,1,0.6802777777777778,,0,,23.0,58.0,0.0,81.0,2,1,1,58.0,245.0,121.0,34.0,33.0,2.2,220.0,55.0,7.0,2.0,3.0,5.0,5.0,13.0,7.0,,,,,,,,,,,,,,,,,,,,,,,,,,,0,0,1
2026-01-23T17:30:00Z,2026-01-23T18:00:00Z,30,2025-12-17T14:07:59Z,1,891.3669444444445,2026-01-23T16:19:11Z,1,1.1802777777777778,,0,,23.0,58.0,0.0,81.0,2,1,1,58.0,244.5,120.5,34.0,33.0,2.2,220.0,54.5,6.5,2.0,3.0,5.0,5.0,13.0,7.0,,,,,,,,,,,,,,,,,,,,,,,,,,,0,0,1
2026-01-23T17:30:00Z,2026-01-23T18:30:00Z,60,2025-12-17T14:07:59Z,1,891.3669444444445,2026-01-23T16:19:11Z,1,1.1802777777777778,,0,,23.0,58.0,0.0,81.0,2,1,1,58.0,244.5,120.5,34.0,33.0,2.2,220.0,54.5,6.5,2.0,3.0,5.0,5.0,13.0,7.0,,,,,,,,,,,,,,,,,,,,,,,,,,,0,0,1
2026-01-23T18:00:00Z,2026-01-23T18:30:00Z,30,2025-12-17T14:07:59Z,1,891.8669444444445,2026-01-23T16:19:11Z,1,1.6802777777777778,,0,,23.0,58.0,0.0,81.0,2,1,1,58.0,244.0,120.0,34.0,33.0,2.2,220.0,54.0,6.0,2.0,3.0,5.0,5.0,13.0,7.0,,,,,,,,,,,,,,,,,,,,,,,,,,,0,0,1
2026-01-23T18:00:00Z,2026-01-23T19:00:00Z,60,2025-12-17T14:07:59Z,1,891.8669444444445,2026-01-23T16:19:11Z,1,1.6802777777777778,,0,,23.0,58.0,0.0,81.0,2,1,1,58.0,244.0,120.0,34.0,33.0,2.2,220.0,54.0,6.0,2.0,3.0,5.0,5.0,13.0,7.0,,,,,,,,,,,,,,,,,,,,,,,,,,,0,0,1
2026-01-23T18:30:00Z,2026-01-23T19:00:00Z,30,2025-12-17T14:07:59Z,1,892.3669444444445,2026-01-23T16:19:11Z,1,2.180277777777778,,0,,23.0,58.0,0.0,81.0,2,1,1,58.0,243.5,119.5,34.0,33.0,2.2,220.0,53.5,5.5,2.0,3.0,5.0,5.0,13.0,7.0,,,,,,,,,,,,,,,,,,,,,,,,,,,0,0,1
2026-01-23T18:30:00Z,2026-01-23T19:30:00Z,60,2025-12-17T14:07:59Z,1,892.3669444444445,2026-01-23T16:19:11Z,1,2.180277777777778,,0,,23.0,58.0,0.0,81.0,2,1,1,58.0,243.5,119.5,34.0,33.0,2.2,220.0,53.5,5.5,2.0,3.0,5.0,5.0,13.0,7.0,,,,,,,,,,,,,,,,,,,,,,,,,,,0,0,1
2026-01-23T19:00:00Z,2026-01-23T19:30:00Z,30,2025-12-17T14:07:59Z,1,892.8669444444445,2026-01-23T16:19:11Z,1,2.680277777777778,,0,,23.0,58.0,0.0,81.0,2,1,1,58.0,243.0,119.0,34.0,33.0,2.2,220.0,53.0,5.0,2.0,3.0,5.0,5.0,13.0,7.0,,,,,,,,,,,,,,,,,,,,,,,,,,,0,0,1
2026-01-23T19:00:00Z,2026-01-23T20:00:00Z,60,2025-12-17T14:07:59Z,1,892.8669444444445,2026-01-23T16:19:11Z,1,2.680277777777778,,0,,23.0,58.0,0.0,81.0,2,1,1,58.0,243.0,119.0,34.0,33.0,2.2,220.0,53.0,5.0,2.0,3.0,5.0,5.0,13.0,7.0,,,,,,,,,,,,,,,,,,,,,,,,,,,0,0,1
2026-01-23T19:30:00Z,2026-01-23T20:00:00Z,30,2025-12-17T14:07:59Z,1,893.3669444444445,2026-01-23T16:19:11Z,1,3.180277777777778,,0,,23.0,58.0,0.0,81.0,2,1,1,58.0,242.5,118.5,34.0,33.0,2.2,220.0,52.5,4.5,2.0,3.0,5.0,5.0,13.0,7.0,,,,,,,,,,,,,,,,,,,,,,,,,,,0,0,1
2026-01-23T19:30:00Z,2026-01-23T20:30:00Z,60,2025-12-17T14:07:59Z,1,893.3669444444445,2026-01-23T16:19:11Z,1,3.180277777777778,,0,,23.0,58.0,0.0,81.0,2,1,1,58.0,242.5,118.5,34.0,33.0,2.2,220.0,52.5,4.5,2.0,3.0,5.0,5.0,13.0,7.0,,,,,,,,,,,,,,,,,,,,,,,,,,,0,0,1
2026-01-23T20:00:00Z,2026-01-23T20:30:00Z,30,2025-12-17T14:07:59Z,1,893.8669444444445,2026-01-23T16:19:11Z,1,3.680277777777778,,0,,23.0,58.0,0.0,81.0,2,1,1,58.0,242.0,118.0,34.0,33.0,2.2,220.0,52.0,4.0,2.0,3.0,5.0,5.0,13.0,7.0,,,,,,,,,,,,,,,,,,,,,,,,,,,0,0,1
2026-01-23T20:00:00Z,2026-01-23T21:00:00Z,60,2025-12-17T14:07:59Z,1,893.8669444444445,2026-01-23T16:19:11Z,1,3.680277777777778,,0,,23.0,58.0,0.0,81.0,2,1,1,58.0,242.0,118.0,34.0,33.0,2.2,220.0,52.0,4.0,2.0,3.0,5.0,5.0,13.0,7.0,,,,,,,,,,,,,,,,,,,,,,,,,,,0,0,1
2026-01-23T20:30:00Z,2026-01-23T21:00:00Z,30,2025-12-17T14:07:59Z,1,894.3669444444445,2026-01-23T16:19:11Z,1,4.1802777777777775,,0,,23.0,58.0,0.0,81.0,2,1,1,58.0,241.5,117.5,34.0,33.0,2.2,220.0,51.5,3.5,2.0,3.0,5.0,5.0,13.0,7.0,,,,,,,,,,,,,,,,,,,,,,,,,,,0,0,1
2026-01-23T20:30:00Z,2026-01-23T21:30:00Z,60,2025-12-17T14:07:59Z,1,894.3669444444445,2026-01-23T16:19:11Z,1,4.1802777777777775,,0,,23.0,58.0,0.0,81.0,2,1,1,58.0,241.5,117.5,34.0,33.0,2.2,220.0,51.5,3.5,2.0,3.0,5.0,5.0,13.0,7.0,,,,,,,,,,,,,,,,,,,,,,,,,,,0,0,1
2026-01-23T21:00:00Z,2026-01-23T21:30:00Z,30,2025-12-17T14:07:59Z,1,894.8669444444445,2026-01-23T16:19:11Z,1,4.6802777777777775,,0,,23.0,58.0,0.0,81.0,2,1,1,58.0,241.0,117.0,34.0,33.0,2.2,220.0,51.0,3.0,2.0,3.0,5.0,5.0,13.0,7.0,,,,,,,,,,,,,,,,,,,,,,,,,,,0,0,1
2026-01-23T21:00:00Z,2026-01-23T22:00:00Z,60,2025-12-17T14:07:59Z,1,894.8669444444445,2026-01-23T16:19:11Z,1,4.6802777777777775,,0,,23.0,58.0,0.0,81.0,2,1,1,58.0,241.0,117.0,34.0,33.0,2.2,220.0,51.0,3.0,2.0,3.0,5.0,5.0,13.0,7.0,,,,,,,,,,,,,,,,,,,,,,,,,,,0,0,1
2026-01-23T21:30:00Z,2026-01-23T22:00:00Z,30,2025-12-17T14:07:59Z,1,895.3669444444445,2026-01-23T16:19:11Z,1,5.1802777777777775,,0,,23.0,58.0,0.0,81.0,2,1,1,58.0,240.5,116.5,34.0,33.0,2.2,220.0,50.5,2.5,2.0,3.0,5.0,5.0,13.0,7.0,,,,,,,,,,,,,,,,,,,,,,,,,,,0,0,1
2026-01-23T21:30:00Z,2026-01-23T22:30:00Z,60,2025-12-17T14:07:59Z,1,895.3669444444445,2026-01-23T16:19:11Z,1,5.1802777777777775,,0,,23.0,58.0,0.0,81.0,2,1,1,58.0,240.5,116.5,34.0,33.0,2.2,220.0,50.5,2.5,2.0,3.0,5.0,5.0,13.0,7.0,,,,,,,,,,,,,,,,,,,,,,,,,,,0,0,1
2026-01-23T22:00:00Z,2026-01-23T22:30:00Z,30,2025-12-17T14:07:59Z,1,895.8669444444445,2026-01-23T16:19:11Z,1,5.6802777777777775,,0,,23.0,58.0,0.0,81.0,2,1,1,58.0,240.0,116.0,34.0,33.0,2.2,220.0,50.0,2.0,2.0,3.0,5.0,5.0,13.0,7.0,,,,,,,,,,,,,,,,,,,,,,,,,,,0,0,1
2026-01-23T22:00:00Z,2026-01-23T23:00:00Z,60,2025-12-17T14:07:59Z,1,895.8669444444445,2026-01-23T16:19:11Z,1,5.6802777777777775,,0,,23.0,58.0,0.0,81.0,2,1,1,58.0,240.0,116.0,34.0,33.0,2.2,220.0,50.0,2.0,2.0,3.0,5.0,5.0,13.0,7.0,,,,,,,,,,,,,,,,,,,,,,,,,,,0,0,1
2026-01-23T22:30:00Z,2026-01-23T23:00:00Z,30,2025-12-17T14:07:59Z,1,896.3669444444445,2026-01-23T16:19:11Z,1,6.1802777777777775,,0,,23.0,58.0,0.0,81.0,2,1,1,58.0,239.5,115.5,34.0,33.0,2.2,220.0,49.5,1.5,2.0,3.0,5.0,5.0,13.0,7.0,,,,,,,,,,,,,,,,,,,,,,,,,,,0,0,1
2026-01-23T22:30:00Z,2026-01-23T23:30:00Z,60,2025-12-17T14:07:59Z,1,896.3669444444445,2026-01-23T16:19:11Z,1,6.1802777777777775,,0,,23.0,58.0,0.0,81.0,2,1,1,58.0,239.5,115.5,34.0,33.0,2.2,220.0,49.5,1.5,2.0,3.0,5.0,5.0,13.0,7.0,,,,,,,,,,,,,,,,,,,,,,,,,,,0,0,1
2026-01-23T23:00:00Z,2026-01-23T23:30:00Z,30,2025-12-17T14:07:59Z,1,896.8669444444445,2026-01-23T16:19:11Z,1,6.6802777777777775,,0,,23.0,58.0,0.0,81.0,2,1,1,58.0,239.0,115.0,34.0,33.0,2.2,220.0,49.0,1.0,2.0,3.0,5.0,5.0,13.0,7.0,,,,,,,,,,,,,,,,,,,,,,,,,,,0,0,1
2026-01-23T23:00:00Z,2026-01-24T00:00:00Z,60,2025-12-17T14:07:59Z,1,896.8669444444445,2026-01-23T16:19:11Z,1,6.6802777777777775,,0,,23.0,58.0,0.0,81.0,2,1,1,58.0,239.0,115.0,25.0,24.0,1.65,220.0,49.0,49.0,1.0,3.0,4.0,4.0,7.0,7.0,,,,,,,,,,,,,,,,,,,,,,,,,,,0,0,1
2026-01-23T23:30:00Z,2026-01-24T00:00:00Z,30,2025-12-17T14:07:59Z,1,897.3669444444445,2026-01-23T16:19:11Z,1,7.1802777777777775,,0,,23.0,58.0,0.0,81.0,2,1,1,58.0,238.5,114.5,25.0,24.0,1.65,220.0,48.5,48.5,1.0,3.0,4.0,4.0,7.0,7.0,,,,,,,,,,,,,,,,,,,,,,,,,,,0,0,1
2026-01-23T23:30:00Z,2026-01-24T00:30:00Z,60,2025-12-17T14:07:59Z,1,897.3669444444445,2026-01-23T16:19:11Z,1,7.1802777777777775,,0,,23.0,58.0,0.0,81.0,2,1,1,58.0,238.5,114.5,25.0,24.0,1.65,220.0,48.5,48.5,1.0,3.0,4.0,4.0,7.0,7.0,,,,,,,,,,,,,,,,,,,,,,,,,,,0,0,1
2026-01-24T00:00:00Z,2026-01-24T00:30:00Z,30,2025-12-17T14:07:59Z,1,897.8669444444445,2026-01-23T16:19:11Z,1,7.6802777777777775,,0,,23.0,58.0,0.0,81.0,2,1,1,58.0,238.0,114.0,25.0,24.0,1.65,220.0,48.0,48.0,1.0,3.0,4.0,4.0,7.0,7.0,,,,,,,,,,,,,,,,,,,,,,,,,,,0,0,1
2026-01-24T00:00:00Z,2026-01-24T01:00:00Z,60,2025-12-17T14:07:59Z,1,897.8669444444445,2026-01-23T16:19:11Z,1,7.6802777777777775,,0,,23.0,58.0,0.0,81.0,2,1,1,58.0,238.0,114.0,25.0,24.0,1.65,220.0,48.0,48.0,1.0,3.0,4.0,4.0,7.0,7.0,,,,,,,,,,,,,,,,,,,,,,,,,,,0,0,1
2026-01-24T00:30:00Z,2026-01-24T01:00:00Z,30,2025-12-17T14:07:59Z,1,898.3669444444445,2026-01-23T16:19:11Z,1,8.180277777777778,,0,,23.0,58.0,0.0,81.0,2,1,1,58.0,237.5,113.5,25.0,24.0,1.65,220.0,47.5,47.5,1.0,3.0,4.0,4.0,7.0,7.0,,,,,,,,,,,,,,,,,,,,,,,,,,,0,0,1
2026-01-24T00:30:00Z,2026-01-24T01:30:00Z,60,2025-12-17T14:07:59Z,1,898.3669444444445,2026-01-23T16:19:11Z,1,8.180277777777778,,0,,23.0,58.0,0.0,81.0,2,1,1,58.0,237.5,113.5,25.0,24.0,1.65,220.0,47.5,47.5,1.0,3.0,4.0,4.0,7.0,7.0,,,,,,,,,,,,,,,,,,,,,,,,,,,0,0,1
2026-01-24T01:00:00Z,2026-01-24T01:30:00Z,30,2025-12-17T14:07:59Z,1,898.8669444444445,2026-01-23T16:19:11Z,1,8.680277777777778,,0,,23.0,58.0,0.0,81.0,2,1,1,58.0,237.0,113.0,25.0,24.0,1.65,220.0,47.0,47.0,1.0,3.0,4.0,4.0,7.0,7.0,,,,,,,,,,,,,,,,,,,,,,,,,,,0,0,1
2026-01-24T01:00:00Z,2026-01-24T02:00:00Z,60,2025-12-17T14:07:59Z,1,898.8669444444445,2026-01-23T16:19:11Z,1,8.680277777777778,,0,,23.0,58.0,0.0,81.0,2,1,1,58.0,237.0,113.0,25.0,24.0,1.65,220.0,47.0,47.0,1.0,3.0,4.0,4.0,7.0,7.0,,,,,,,,,,,,,,,,,,,,,,,,,,,0,0,1
2026-01-24T01:30:00Z,2026-01-24T02:00:00Z,30,2025-12-17T14:07:59Z,1,899.3669444444445,2026-01-23T16:19:11Z,1,9.180277777777778,,0,,23.0,58.0,0.0,81.0,2,1,1,58.0,236.5,112.5,25.0,24.0,1.65,220.0,46.5,46.5,1.0,3.0,4.0,4.0,7.0,7.0,,,,,,,,,,,,,,,,,,,,,,,,,,,0,0,1
2026-01-24T01:30:00Z,2026-01-24T02:30:00Z,60,2025-12-17T14:07:59Z,1,899.3669444444445,2026-01-23T16:19:11Z,1,9.180277777777778,,0,,23.0,58.0,0.0,81.0,2,1,1,58.0,236.5,112.5,25.0,24.0,1.65,220.0,46.5,46.5,1.0,3.0,4.0,4.0,7.0,7.0,,,,,,,,,,,,,,,,,,,,,,,,,,,0,0,1
2026-01-24T02:00:00Z,2026-01-24T02:30:00Z,30,2025-12-17T14:07:59Z,1,899.8669444444445,2026-01-23T16:19:11Z,1,9.680277777777778,,0,,23.0,58.0,0.0,81.0,2,1,1,58.0,236.0,112.0,25.0,24.0,1.65,220.0,46.0,46.0,1.0,3.0,4.0,4.0,7.0,7.0,,,,,,,,,,,,,,,,,,,,,,,,,,,0,0,1
2026-01-24T02:00:00Z,2026-01-24T03:00:00Z,60,2025-12-17T14:07:59Z,1,899.8669444444445,2026-01-23T16:19:11Z,1,9.680277777777778,,0,,23.0,58.0,0.0,81.0,2,1,1,58.0,236.0,112.0,25.0,24.0,1.65,220.0,46.0,46.0,1.0,3.0,4.0,4.0,7.0,7.0,,,,,,,,,,,,,,,,,,,,,,,,,,,0,0,1
2026-01-24T02:30:00Z,2026-01-24T03:00:00Z,30,2025-12-17T14:07:59Z,1,900.3669444444445,2026-01-23T16:19:11Z,1,10.180277777777778,,0,,23.0,58.0,0.0,81.0,2,1,1,58.0,235.5,111.5,25.0,24.0,1.65,220.0,45.5,45.5,1.0,3.0,4.0,4.0,7.0,7.0,,,,,,,,,,,,,,,,,,,,,,,,,,,0,0,1
2026-01-24T02:30:00Z,2026-01-24T03:30:00Z,60,2025-12-17T14:07:59Z,1,900.3669444444445,2026-01-23T16:19:11Z,1,10.180277777777778,,0,,23.0,58.0,0.0,81.0,2,1,1,58.0,235.5,111.5,25.0,24.0,1.65,220.0,45.5,45.5,1.0,3.0,4.0,4.0,7.0,7.0,,,,,,,,,,,,,,,,,,,,,,,,,,,0,0,1
2026-01-24T03:00:00Z,2026-01-24T03:30:00Z,30,2025-12-17T14:07:59Z,1,900.8669444444445,2026-01-23T16:19:11Z,1,10.680277777777778,,0,,23.0,58.0,0.0,81.0,2,1,1,58.0,235.0,111.0,25.0,24.0,1.65,220.0,45.0,45.0,1.0,3.0,4.0,4.0,7.0,7.0,,,,,,,,,,,,,,,,,,,,,,,,,,,0,0,1
2026-01-24T03:00:00Z,2026-01-24T04:00:00Z,60,2025-12-17T14:07:59Z,1,900.8669444444445,2026-01-23T16:19:11Z,1,10.680277777777778,,0,,23.0,58.0,0.0,81.0,2,1,1,58.0,235.0,111.0,25.0,24.0,1.65,220.0,45.0,45.0,1.0,3.0,4.0,4.0,7.0,7.0,,,,,,,,,,,,,,,,,,,,,,,,,,,0,0,1
2026-01-24T03:30:00Z,2026-01-24T04:00:00Z,30,2025-12-17T14:07:59Z,1,901.3669444444445,2026-01-23T16:19:11Z,1,11.180277777777778,,0,,23.0,58.0,0.0,81.0,2,1,1,58.0,234.5,110.5,25.0,24.0,1.65,220.0,44.5,44.5,1.0,3.0,4.0,4.0,7.0,7.0,,,,,,,,,,,,,,,,,,,,,,,,,,,0,0,1
2026-01-24T03:30:00Z,2026-01-24T04:30:00Z,60,2025-12-17T14:07:59Z,1,901.3669444444445,2026-01-23T16:19:11Z,1,11.180277777777778,,0,,23.0,58.0,0.0,81.0,2,1,1,58.0,234.5,110.5,25.0,24.0,1.65,220.0,44.5,44.5,1.0,3.0,4.0,4.0,7.0,7.0,,,,,,,,,,,,,,,,,,,,,,,,,,,0,0,1
2026-01-24T04:00:00Z,2026-01-24T04:30:00Z,30,2025-12-17T14:07:59Z,1,901.8669444444445,2026-01-23T16:19:11Z,1,11.680277777777778,,0,,23.0,58.0,0.0,81.0,2,1,1,58.0,234.0,110.0,25.0,24.0,1.65,220.0,44.0,44.0,1.0,3.0,4.0,4.0,7.0,7.0,,,,,,,,,,,,,,,,,,,,,,,,,,,0,0,1
2026-01-24T04:00:00Z,2026-01-24T05:00:00Z,60,2025-12-17T14:07:59Z,1,901.8669444444445,2026-01-23T16:19:11Z,1,11.680277777777778,,0,,23.0,58.0,0.0,81.0,2,1,1,58.0,234.0,110.0,25.0,24.0,1.65,220.0,44.0,44.0,1.0,3.0,4.0,4.0,7.0,7.0,,,,,,,,,,,,,,,,,,,,,,,,,,,0,0,1
2026-01-24T04:30:00Z,2026-01-24T05:00:00Z,30,2025-12-17T14:07:59Z,1,902.3669444444445,2026-01-23T16:19:11Z,1,12.180277777777778,,0,,23.0,58.0,0.0,81.0,2,1,1,58.0,233.5,109.5,25.0,24.0,1.65,220.0,43.5,43.5,1.0,3.0,4.0,4.0,7.0,7.0,,,,,,,,,,,,,,,,,,,,,,,,,,,0,0,1
2026-01-24T04:30:00Z,2026-01-24T05:30:00Z,60,2025-12-17T14:07:59Z,1,902.3669444444445,2026-01-23T16:19:11Z,1,12.180277777777778,,0,,23.0,58.0,0.0,81.0,2,1,1,58.0,233.5,109.5,25.0,24.0,1.65,220.0,43.5,43.5,1.0,3.0,4.0,4.0,7.0,7.0,,,,,,,,,,,,,,,,,,,,,,,,,,,0,0,1
2026-01-24T05:00:00Z,2026-01-24T05:30:00Z,30,2025-12-17T14:07:59Z,1,902.8669444444445,2026-01-23T16:19:11Z,1,12.680277777777778,,0,,23.0,58.0,0.0,81.0,2,1,1,58.0,233.0,109.0,25.0,24.0,1.65,220.0,43.0,43.0,1.0,3.0,4.0,4.0,7.0,7.0,,,,,,,,,,,,,,,,,,,,,,,,,,,0,0,1
2026-01-24T05:00:00Z,2026-01-24T06:00:00Z,60,2025-12-17T14:07:59Z,1,902.8669444444445,2026-01-23T16:19:11Z,1,12.680277777777778,,0,,23.0,58.0,0.0,81.0,2,1,1,58.0,233.0,109.0,25.0,24.0,1.65,220.0,43.0,43.0,1.0,3.0,4.0,4.0,7.0,7.0,,,,,,,,,,,,,,,,,,,,,,,,,,,0,0,1
2026-01-24T05:30:00Z,2026-01-24T06:00:00Z,30,2025-12-17T14:07:59Z,1,903.3669444444445,2026-01-23T16:19:11Z,1,13.180277777777778,,0,,23.0,58.0,0.0,81.0,2,1,1,58.0,232.5,108.5,25.0,24.0,1.65,220.0,42.5,42.5,1.0,3.0,4.0,4.0,7.0,7.0,,,,,,,,,,,,,,,,,,,,,,,,,,,0,0,1
2026-01-24T05:30:00Z,2026-01-24T06:30:00Z,60,2025-12-17T14:07:59Z,1,903.3669444444445,2026-01-23T16:19:11Z,1,13.180277777777778,,0,,23.0,58.0,0.0,81.0,2,1,1,58.0,232.5,108.5,25.0,24.0,1.65,220.0,42.5,42.5,1.0,3.0,4.0,4.0,7.0,7.0,,,,,,,,,,,,,,,,,,,,,,,,,,,0,0,1
2026-01-24T06:00:00Z,2026-01-24T06:30:00Z,30,2025-12-17T14:07:59Z,1,903.8669444444445,2026-01-23T16:19:11Z,1,13.680277777777778,,0,,23.0,58.0,0.0,81.0,2,1,1,58.0,232.0,108.0,25.0,24.0,1.65,220.0,42.0,42.0,1.0,3.0,4.0,4.0,7.0,7.0,,,,,,,,,,,,,,,,,,,,,,,,,,,0,0,1
2026-01-24T06:00:00Z,2026-01-24T07:00:00Z,60,2025-12-17T14:07:59Z,1,903.8669444444445,2026-01-23T16:19:11Z,1,13.680277777777778,,0,,23.0,58.0,0.0,81.0,2,1,1,58.0,232.0,108.0,25.0,24.0,1.65,220.0,42.0,42.0,1.0,3.0,4.0,4.0,7.0,7.0,,,,,,,,,,,,,,,,,,,,,,,,,,,0,0,1
2026-01-24T06:30:00Z,2026-01-24T07:00:00Z,30,2025-12-17T14:07:59Z,1,904.3669444444445,2026-01-23T16:19:11Z,1,14.180277777777778,,0,,23.0,58.0,0.0,81.0,2,1,1,58.0,231.5,107.5,25.0,24.0,1.65,220.0,41.5,41.5,1.0,3.0,4.0,4.0,7.0,7.0,,,,,,,,,,,,,,,,,,,,,,,,,,,0,0,1
2026-01-24T06:30:00Z,2026-01-24T07:30:00Z,60,2025-12-17T14:07:59Z,1,904.3669444444445,2026-01-23T16:19:11Z,1,14.180277777777778,,0,,23.0,58.0,0.0,81.0,2,1,1,58.0,231.5,107.5,25.0,24.0,1.65,220.0,41.5,41.5,1.0,3.0,4.0,4.0,7.0,7.0,,,,,,,,,,,,,,,,,,,,,,,,,,,0,0,1
2026-01-24T07:00:00Z,2026-01-24T07:30:00Z,30,2025-12-17T14:07:59Z,1,904.8669444444445,2026-01-23T16:19:11Z,1,14.680277777777778,,0,,23.0,58.0,0.0,81.0,2,1,1,58.0,231.0,107.0,25.0,24.0,1.65,220.0,41.0,41.0,1.0,3.0,4.0,4.0,7.0,7.0,,,,,,,,,,,,,,,,,,,,,,,,,,,0,0,1
2026-01-24T07:00:00Z,2026-01-24T08:00:00Z,60,2025-12-17T14:07:59Z,1,904.8669444444445,2026-01-23T16:19:11Z,1,14.680277777777778,,0,,23.0,58.0,0.0,81.0,2,1,1,58.0,231.0,107.0,25.0,24.0,1.65,220.0,41.0,41.0,1.0,3.0,4.0,4.0,7.0,7.0,,,,,,,,,,,,,,,,,,,,,,,,,,,0,0,1
2026-01-24T07:30:00Z,2026-01-24T08:00:00Z,30,2025-12-17T14:07:59Z,1,905.3669444444445,2026-01-23T16:19:11Z,1,15.180277777777778,,0,,23.0,58.0,0.0,81.0,2,1,1,58.0,230.5,106.5,25.0,24.0,1.65,220.0,40.5,40.5,1.0,3.0,4.0,4.0,7.0,7.0,,,,,,,,,,,,,,,,,,,,,,,,,,,0,0,1
2026-01-24T07:30:00Z,2026-01-24T08:30:00Z,60,2025-12-17T14:07:59Z,1,905.3669444444445,2026-01-23T16:19:11Z,1,15.180277777777778,,0,,23.0,58.0,0.0,81.0,2,1,1,58.0,230.5,106.5,25.0,24.0,1.65,220.0,40.5,40.5,1.0,3.0,4.0,4.0,7.0,7.0,,,,,,,,,,,,,,,,,,,,,,,,,,,0,0,1
2026-01-24T08:00:00Z,2026-01-24T08:30:00Z,30,2025-12-17T14:07:59Z,1,905.8669444444445,2026-01-23T16:19:11Z,1,15.680277777777778,,0,,23.0,58.0,0.0,81.0,2,1,1,58.0,230.0,106.0,25.0,24.0,1.65,220.0,40.0,40.0,1.0,3.0,4.0,4.0,7.0,7.0,,,,,,,,,,,,,,,,,,,,,,,,,,,0,0,1
2026-01-24T08:00:00Z,2026-01-24T09:00:00Z,60,2025-12-17T14:07:59Z,1,905.8669444444445,2026-01-23T16:19:11Z,1,15.680277777777778,,0,,23.0,58.0,0.0,81.0,2,1,1,58.0,230.0,106.0,25.0,24.0,1.65,220.0,40.0,40.0,1.0,3.0,4.0,4.0,7.0,7.0,,,,,,,,,,,,,,,,,,,,,,,,,,,0,0,1
2026-01-24T08:30:00Z,2026-01-24T09:00:00Z,30,2025-12-17T14:07:59Z,1,906.3669444444445,2026-01-23T16:19:11Z,1,16.18027777777778,,0,,23.0,58.0,0.0,81.0,2,1,1,58.0,229.5,105.5,25.0,24.0,1.65,220.0,39.5,39.5,1.0,3.0,4.0,4.0,7.0,7.0,,,,,,,,,,,,,,,,,,,,,,,,,,,0,0,1
2026-01-24T08:30:00Z,2026-01-24T09:30:00Z,60,2025-12-17T14:07:59Z,1,906.3669444444445,2026-01-23T16:19:11Z,1,16.18027777777778,,0,,23.0,58.0,0.0,81.0,2,1,1,58.0,229.5,105.5,25.0,24.0,1.65,220.0,39.5,39.5,1.0,3.0,4.0,4.0,7.0,7.0,,,,,,,,,,,,,,,,,,,,,,,,,,,0,0,1
2026-01-24T09:00:00Z,2026-01-24T09:30:00Z,30,2025-12-17T14:07:59Z,1,906.8669444444445,2026-01-23T16:19:11Z,1,16.68027777777778,,0,,23.0,58.0,0.0,81.0,2,1,1,58.0,229.0,105.0,25.0,24.0,1.65,220.0,39.0,39.0,1.0,3.0,4.0,4.0,7.0,7.0,,,,,,,,,,,,,,,,,,,,,,,,,,,0,0,1
2026-01-24T09:00:00Z,2026-01-24T10:00:00Z,60,2025-12-17T14:07:59Z,1,906.8669444444445,2026-01-23T16:19:11Z,1,16.68027777777778,,0,,23.0,58.0,0.0,81.0,2,1,1,58.0,229.0,105.0,25.0,24.0,1.65,220.0,39.0,39.0,1.0,3.0,4.0,4.0,7.0,7.0,,,,,,,,,,,,,,,,,,,,,,,,,,,0,0,1
2026-01-24T09:30:00Z,2026-01-24T10:00:00Z,30,2025-12-17T14:07:59Z,1,907.3669444444445,2026-01-23T16:19:11Z,1,17.18027777777778,,0,,23.0,58.0,0.0,81.0,2,1,1,58.0,228.5,104.5,25.0,24.0,1.65,220.0,38.5,38.5,1.0,3.0,4.0,4.0,7.0,7.0,,,,,,,,,,,,,,,,,,,,,,,,,,,0,0,1
2026-01-24T09:30:00Z,2026-01-24T10:30:00Z,60,2025-12-17T14:07:59Z,1,907.3669444444445,2026-01-23T16:19:11Z,1,17.18027777777778,,0,,23.0,58.0,0.0,81.0,2,1,1,58.0,228.5,104.5,25.0,24.0,1.65,220.0,38.5,38.5,1.0,3.0,4.0,4.0,7.0,7.0,,,,,,,,,,,,,,,,,,,,,,,,,,,0,0,1
2026-01-24T10:00:00Z,2026-01-24T10:30:00Z,30,2025-12-17T14:07:59Z,1,907.8669444444445,2026-01-23T16:19:11Z,1,17.68027777777778,,0,,23.0,58.0,0.0,81.0,2,1,1,58.0,228.0,104.0,25.0,24.0,1.65,220.0,38.0,38.0,1.0,3.0,4.0,4.0,7.0,7.0,,,,,,,,,,,,,,,,,,,,,,,,,,,0,0,1
2026-01-24T10:00:00Z,2026-01-24T11:00:00Z,60,2025-12-17T14:07:59Z,1,907.8669444444445,2026-01-23T16:19:11Z,1,17.68027777777778,,0,,23.0,58.0,0.0,81.0,2,1,1,58.0,228.0,104.0,25.0,24.0,1.65,220.0,38.0,38.0,1.0,3.0,4.0,4.0,7.0,7.0,,,,,,,,,,,,,,,,,,,,,,,,,,,0,0,1
2026-01-24T10:30:00Z,2026-01-24T11:00:00Z,30,2025-12-17T14:07:59Z,1,908.3669444444445,2026-01-23T16:19:11Z,1,18.18027777777778,,0,,23.0,58.0,0.0,81.0,2,1,1,58.0,227.5,103.5,25.0,24.0,1.65,220.0,37.5,37.5,1.0,3.0,4.0,4.0,7.0,7.0,,,,,,,,,,,,,,,,,,,,,,,,,,,0,0,1
2026-01-24T10:30:00Z,2026-01-24T11:30:00Z,60,2025-12-17T14:07:59Z,1,908.3669444444445,2026-01-23T16:19:11Z,1,18.18027777777778,,0,,23.0,58.0,0.0,81.0,2,1,1,58.0,227.5,103.5,25.0,24.0,1.65,220.0,37.5,37.5,1.0,3.0,4.0,4.0,7.0,7.0,,,,,,,,,,,,,,,,,,,,,,,,,,,0,0,1
2026-01-24T11:00:00Z,2026-01-24T11:30:00Z,30,2025-12-17T14:07:59Z,1,908.8669444444445,2026-01-23T16:19:11Z,1,18.68027777777778,,0,,23.0,58.0,0.0,81.0,2,1,1,58.0,227.0,103.0,25.0,24.0,1.65,220.0,37.0,37.0,1.0,3.0,4.0,4.0,7.0,7.0,,,,,,,,,,,,,,,,,,,,,,,,,,,0,0,1
2026-01-24T11:00:00Z,2026-01-24T12:00:00Z,60,2025-12-17T14:07:59Z,1,908.8669444444445,2026-01-23T16:19:11Z,1,18.68027777777778,,0,,23.0,58.0,0.0,81.0,2,1,1,58.0,227.0,103.0,25.0,24.0,1.65,220.0,37.0,37.0,1.0,3.0,4.0,4.0,7.0,7.0,,,,,,,,,,,,,,,,,,,,,,,,,,,0,0,1
2026-01-24T11:30:00Z,2026-01-24T12:00:00Z,30,2025-12-17T14:07:59Z,1,909.3669444444445,2026-01-23T16:19:11Z,1,19.18027777777778,,0,,23.0,58.0,0.0,81.0,2,1,1,58.0,226.5,102.5,25.0,24.0,1.65,220.0,36.5,36.5,1.0,3.0,4.0,4.0,7.0,7.0,,,,,,,,,,,,,,,,,,,,,,,,,,,0,0,1
2026-01-24T11:30:00Z,2026-01-24T12:30:00Z,60,2025-12-17T14:07:59Z,1,909.3669444444445,2026-01-23T16:19:11Z,1,19.18027777777778,,0,,23.0,58.0,0.0,81.0,2,1,1,58.0,226.5,102.5,25.0,24.0,1.65,220.0,36.5,36.5,1.0,3.0,4.0,4.0,7.0,7.0,,,,,,,,,,,,,,,,,,,,,,,,,,,0,0,1
2026-01-24T12:00:00Z,2026-01-24T12:30:00Z,30,2025-12-17T14:07:59Z,1,909.8669444444445,2026-01-23T16:19:11Z,1,19.68027777777778,,0,,23.0,58.0,0.0,81.0,2,1,1,58.0,226.0,102.0,25.0,24.0,1.65,220.0,36.0,36.0,1.0,3.0,4.0,4.0,7.0,7.0,,,,,,,,,,,,,,,,,,,,,,,,,,,0,0,1
2026-01-24T12:00:00Z,2026-01-24T13:00:00Z,60,2025-12-17T14:07:59Z,1,909.8669444444445,2026-01-23T16:19:11Z,1,19.68027777777778,,0,,23.0,58.0,0.0,81.0,2,1,1,58.0,226.0,102.0,25.0,24.0,1.65,220.0,36.0,36.0,1.0,3.0,4.0,4.0,7.0,7.0,,,,,,,,,,,,,,,,,,,,,,,,,,,0,0,1
2026-01-24T12:30:00Z,2026-01-24T13:00:00Z,30,2025-12-17T14:07:59Z,1,910.3669444444445,2026-01-23T16:19:11Z,1,20.18027777777778,,0,,23.0,58.0,0.0,81.0,2,1,1,58.0,225.5,101.5,25.0,24.0,1.65,220.0,35.5,35.5,1.0,3.0,4.0,4.0,7.0,7.0,,,,,,,,,,,,,,,,,,,,,,,,,,,0,0,1
2026-01-24T12:30:00Z,2026-01-24T13:30:00Z,60,2025-12-17T14:07:59Z,1,910.3669444444445,2026-01-23T16:19:11Z,1,20.18027777777778,,0,,23.0,58.0,0.0,81.0,2,1,1,58.0,225.5,101.5,25.0,24.0,1.65,220.0,35.5,35.5,1.0,3.0,4.0,4.0,7.0,7.0,,,,,,,,,,,,,,,,,,,,,,,,,,,0,0,1
2026-01-24T13:00:00Z,2026-01-24T13:30:00Z,30,2025-12-17T14:07:59Z,1,910.8669444444445,2026-01-23T16:19:11Z,1,20.68027777777778,,0,,23.0,58.0,0.0,81.0,2,1,1,58.0,225.0,101.0,25.0,24.0,1.65,220.0,35.0,35.0,1.0,3.0,4.0,4.0,7.0,7.0,,,,,,,,,,,,,,,,,,,,,,,,,,,0,0,1
2026-01-24T13:00:00Z,2026-01-24T14:00:00Z,60,2025-12-17T14:07:59Z,1,910.8669444444445,2026-01-23T16:19:11Z,1,20.68027777777778,,0,,23.0,58.0,0.0,81.0,2,1,1,58.0,225.0,101.0,25.0,24.0,1.65,220.0,35.0,35.0,1.0,3.0,4.0,4.0,7.0,7.0,,,,,,,,,,,,,,,,,,,,,,,,,,,0,0,1
2026-01-24T13:30:00Z,2026-01-24T14:00:00Z,30,2025-12-17T14:07:59Z,1,911.3669444444445,2026-01-23T16:19:11Z,1,21.18027777777778,,0,,23.0,58.0,0.0,81.0,2,1,1,58.0,224.5,100.5,25.0,24.0,1.65,220.0,34.5,34.5,1.0,3.0,4.0,4.0,7.0,7.0,,,,,,,,,,,,,,,,,,,,,,,,,,,0,0,1
2026-01-24T13:30:00Z,2026-01-24T14:30:00Z,60,2025-12-17T14:07:59Z,1,911.3669444444445,2026-01-23T16:19:11Z,1,21.18027777777778,,0,,23.0,58.0,0.0,81.0,2,1,1,58.0,224.5,100.5,25.0,24.0,1.65,220.0,34.5,34.5,1.0,3.0,4.0,4.0,7.0,7.0,,,,,,,,,,,,,,,,,,,,,,,,,,,0,0,1
2026-01-24T14:00:00Z,2026-01-24T14:30:00Z,30,2025-12-17T14:07:59Z,1,911.8669444444445,2026-01-23T16:19:11Z,1,21.68027777777778,,0,,23.0,58.0,0.0,81.0,2,1,1,58.0,224.0,100.0,25.0,24.0,1.65,220.0,34.0,34.0,1.0,3.0,4.0,4.0,7.0,7.0,,,,,,,,,,,,,,,,,,,,,,,,,,,0,0,1
2026-01-24T14:00:00Z,2026-01-24T15:00:00Z,60,2025-12-17T14:07:59Z,1,911.8669444444445,2026-01-23T16:19:11Z,1,21.68027777777778,,0,,23.0,58.0,0.0,81.0,2,1,1,58.0,224.0,100.0,25.0,24.0,1.65,220.0,34.0,34.0,1.0,3.0,4.0,4.0,7.0,7.0,,,,,,,,,,,,,,,,,,,,,,,,,,,0,0,1
2026-01-24T14:30:00Z,2026-01-24T15:00:00Z,30,2025-12-17T14:07:59Z,1,912.3669444444445,2026-01-23T16:19:11Z,1,22.18027777777778,,0,,23.0,58.0,0.0,81.0,2,1,1,58.0,223.5,99.5,25.0,24.0,1.65,220.0,33.5,33.5,1.0,3.0,4.0,4.0,7.0,7.0,,,,,,,,,,,,,,,,,,,,,,,,,,,0,0,1
2026-01-24T14:30:00Z,2026-01-24T15:30:00Z,60,2025-12-17T14:07:59Z,1,912.3669444444445,2026-01-23T16:19:11Z,1,22.18027777777778,,0,,23.0,58.0,0.0,81.0,2,1,1,58.0,223.5,99.5,25.0,24.0,1.65,220.0,33.5,33.5,1.0,3.0,4.0,4.0,7.0,7.0,,,,,,,,,,,,,,,,,,,,,,,,,,,0,0,1
2026-01-24T15:00:00Z,2026-01-24T15:30:00Z,30,2025-12-17T14:07:59Z,1,912.8669444444445,2026-01-23T16:19:11Z,1,22.68027777777778,,0,,23.0,58.0,0.0,81.0,2,1,1,58.0,223.0,99.0,25.0,24.0,1.65,220.0,33.0,33.0,1.0,3.0,4.0,4.0,7.0,7.0,,,,,,,,,,,,,,,,,,,,,,,,,,,0,0,1
2026-01-24T15:00:00Z,2026-01-24T16:00:00Z,60,2025-12-17T14:07:59Z,1,912.8669444444445,2026-01-23T16:19:11Z,1,22.68027777777778,,0,,23.0,58.0,0.0,81.0,2,1,1,58.0,223.0,99.0,25.0,24.0,1.65,220.0,33.0,33.0,1.0,3.0,4.0,4.0,7.0,7.0,,,,,,,,,,,,,,,,,,,,,,,,,,,0,0,1
2026-01-24T15:30:00Z,2026-01-24T16:00:00Z,30,2025-12-17T14:07:59Z,1,913.3669444444445,2026-01-23T16:19:11Z,1,23.18027777777778,,0,,23.0,58.0,0.0,81.0,2,1,1,58.0,222.5,98.5,25.0,24.0,1.65,220.0,32.5,32.5,1.0,3.0,4.0,4.0,7.0,7.0,,,,,,,,,,,,,,,,,,,,,,,,,,,0,0,1
2026-01-24T15:30:00Z,2026-01-24T16:30:00Z,60,2025-12-17T14:07:59Z,1,913.3669444444445,2026-01-23T16:19:11Z,1,23.18027777777778,,0,,23.0,58.0,0.0,81.0,2,1,1,58.0,222.5,98.5,25.0,24.0,1.65,220.0,32.5,32.5,1.0,3.0,4.0,4.0,7.0,7.0,,,,,,,,,,,,,,,,,,,,,,,,,,,0,0,1
2026-01-24T16:00:00Z,2026-01-24T16:30:00Z,30,2025-12-17T14:07:59Z,1,913.8669444444445,2026-01-23T16:19:11Z,1,23.68027777777778,,0,,23.0,58.0,0.0,81.0,2,1,1,58.0,222.0,98.0,25.0,24.0,1.65,220.0,32.0,32.0,1.0,3.0,4.0,4.0,7.0,7.0,,,,,,,,,,,,,,,,,,,,,,,,,,,0,0,1
2026-01-24T16:00:00Z,2026-01-24T17:00:00Z,60,2025-12-17T14:07:59Z,1,913.8669444444445,2026-01-23T16:19:11Z,1,23.68027777777778,,0,,23.0,58.0,0.0,81.0,2,1,1,58.0,222.0,98.0,25.0,24.0,1.65,220.0,32.0,32.0,1.0,3.0,4.0,4.0,7.0,7.0,,,,,,,,,,,,,,,,,,,,,,,,,,,0,0,1
2026-01-24T16:30:00Z,2026-01-24T17:00:00Z,30,2025-12-17T14:07:59Z,1,914.3669444444445,2026-01-23T16:19:11Z,1,24.18027777777778,,0,,23.0,58.0,0.0,81.0,2,1,1,58.0,221.5,97.5,25.0,24.0,1.65,220.0,31.5,31.5,1.0,3.0,4.0,4.0,7.0,7.0,,,,,,,,,,,,,,,,,,,,,,,,,,,0,0,1
2026-01-24T16:30:00Z,2026-01-24T17:30:00Z,60,2025-12-17T14:07:59Z,1,914.3669444444445,2026-01-23T16:19:11Z,1,24.18027777777778,,0,,23.0,58.0,0.0,81.0,2,1,1,58.0,221.5,97.5,25.0,24.0,1.65,220.0,31.5,31.5,1.0,3.0,4.0,4.0,7.0,7.0,,,,,,,,,,,,,,,,,,,,,,,,,,,0,0,1
2026-01-24T17:00:00Z,2026-01-24T17:30:00Z,30,2025-12-17T14:07:59Z,1,914.8669444444445,2026-01-23T16:19:11Z,1,24.68027777777778,,0,,23.0,58.0,0.0,81.0,2,1,1,58.0,221.0,97.0,25.0,24.0,1.65,220.0,31.0,31.0,1.0,3.0,4.0,4.0,7.0,7.0,,,,,,,,,,,,,,,,,,,,,,,,,,,0,0,1
2026-01-24T17:00:00Z,2026-01-24T18:00:00Z,60,2025-12-17T14:07:59Z,1,914.8669444444445,2026-01-23T16:19:11Z,1,24.68027777777778,,0,,23.0,58.0,0.0,81.0,2,1,1,58.0,221.0,97.0,25.0,24.0,1.65,220.0,31.0,31.0,1.0,3.0,4.0,4.0,7.0,7.0,,,,,,,,,,,,,,,,,,,,,,,,,,,0,0,1
2026-01-24T17:30:00Z,2026-01-24T18:00:00Z,30,2025-12-17T14:07:59Z,1,915.3669444444445,2026-01-23T16:19:11Z,1,25.18027777777778,,0,,23.0,58.0,0.0,81.0,2,1,1,58.0,220.5,96.5,25.0,24.0,1.65,220.0,30.5,30.5,1.0,3.0,4.0,4.0,7.0,7.0,,,,,,,,,,,,,,,,,,,,,,,,,,,0,0,1
2026-01-24T17:30:00Z,2026-01-24T18:30:00Z,60,2025-12-17T14:07:59Z,1,915.3669444444445,2026-01-23T16:19:11Z,1,25.18027777777778,,0,,23.0,58.0,0.0,81.0,2,1,1,58.0,220.5,96.5,25.0,24.0,1.65,220.0,30.5,30.5,1.0,3.0,4.0,4.0,7.0,7.0,,,,,,,,,,,,,,,,,,,,,,,,,,,0,0,1
2026-01-24T18:00:00Z,2026-01-24T18:30:00Z,30,2025-12-17T14:07:59Z,1,915.8669444444445,2026-01-23T16:19:11Z,1,25.68027777777778,,0,,23.0,58.0,0.0,81.0,2,1,1,58.0,220.0,96.0,25.0,24.0,1.65,220.0,30.0,30.0,1.0,3.0,4.0,4.0,7.0,7.0,,,,,,,,,,,,,,,,,,,,,,,,,,,0,0,1
2026-01-24T18:00:00Z,2026-01-24T19:00:00Z,60,2025-12-17T14:07:59Z,1,915.8669444444445,2026-01-23T16:19:11Z,1,25.68027777777778,,0,,23.0,58.0,0.0,81.0,2,1,1,58.0,220.0,96.0,25.0,24.0,1.65,220.0,30.0,30.0,1.0,3.0,4.0,4.0,7.0,7.0,,,,,,,,,,,,,,,,,,,,,,,,,,,0,0,1
2026-01-24T18:30:00Z,2026-01-24T19:00:00Z,30,2025-12-17T14:07:59Z,1,916.3669444444445,2026-01-23T16:19:11Z,1,26.18027777777778,,0,,23.0,58.0,0.0,81.0,2,1,1,58.0,219.5,95.5,25.0,24.0,1.65,220.0,29.5,29.5,1.0,3.0,4.0,4.0,7.0,7.0,,,,,,,,,,,,,,,,,,,,,,,,,,,0,0,1
2026-01-24T18:30:00Z,2026-01-24T19:30:00Z,60,2025-12-17T14:07:59Z,1,916.3669444444445,2026-01-23T16:19:11Z,1,26.18027777777778,,0,,23.0,58.0,0.0,81.0,2,1,1,58.0,219.5,95.5,25.0,24.0,1.65,220.0,29.5,29.5,1.0,3.0,4.0,4.0,7.0,7.0,,,,,,,,,,,,,,,,,,,,,,,,,,,0,0,1
2026-01-24T19:00:00Z,2026-01-24T19:30:00Z,30,2025-12-17T14:07:59Z,1,916.8669444444445,2026-01-23T16:19:11Z,1,26.68027777777778,,0,,23.0,58.0,0.0,81.0,2,1,1,58.0,219.0,95.0,25.0,24.0,1.65,220.0,29.0,29.0,1.0,3.0,4.0,4.0,7.0,7.0,,,,,,,,,,,,,,,,,,,,,,,,,,,0,0,1
2026-01-24T19:00:00Z,2026-01-24T20:00:00Z,60,2025-12-17T14:07:59Z,1,916.8669444444445,2026-01-23T16:19:11Z,1,26.68027777777778,,0,,23.0,58.0,0.0,81.0,2,1,1,58.0,219.0,95.0,25.0,24.0,1.65,220.0,29.0,29.0,1.0,3.0,4.0,4.0,7.0,7.0,,,,,,,,,,,,,,,,,,,,,,,,,,,0,0,1
2026-01-24T19:30:00Z,2026-01-24T20:00:00Z,30,2025-12-17T14:07:59Z,1,917.3669444444445,2026-01-23T16:19:11Z,1,27.18027777777778,,0,,23.0,58.0,0.0,81.0,2,1,1,58.0,218.5,94.5,25.0,24.0,1.65,220.0,28.5,28.5,1.0,3.0,4.0,4.0,7.0,7.0,,,,,,,,,,,,,,,,,,,,,,,,,,,0,0,1
2026-01-24T19:30:00Z,2026-01-24T20:30:00Z,60,2025-12-17T14:07:59Z,1,917.3669444444445,2026-01-23T16:19:11Z,1,27.18027777777778,,0,,23.0,58.0,0.0,81.0,2,1,1,58.0,218.5,94.5,25.0,24.0,1.65,220.0,28.5,28.5,1.0,3.0,4.0,4.0,7.0,7.0,,,,,,,,,,,,,,,,,,,,,,,,,,,0,0,1
2026-01-24T20:00:00Z,2026-01-24T20:30:00Z,30,2025-12-17T14:07:59Z,1,917.8669444444445,2026-01-23T16:19:11Z,1,27.68027777777778,,0,,23.0,58.0,0.0,81.0,2,1,1,58.0,218.0,94.0,25.0,24.0,1.65,220.0,28.0,28.0,1.0,3.0,4.0,4.0,7.0,7.0,,,,,,,,,,,,,,,,,,,,,,,,,,,0,0,1
2026-01-24T20:00:00Z,2026-01-24T21:00:00Z,60,2025-12-17T14:07:59Z,1,917.8669444444445,2026-01-23T16:19:11Z,1,27.68027777777778,,0,,23.0,58.0,0.0,81.0,2,1,1,58.0,218.0,94.0,25.0,24.0,1.65,220.0,28.0,28.0,1.0,3.0,4.0,4.0,7.0,7.0,,,,,,,,,,,,,,,,,,,,,,,,,,,0,0,1
2026-01-24T20:30:00Z,2026-01-24T21:00:00Z,30,2025-12-17T14:07:59Z,1,918.3669444444445,2026-01-23T16:19:11Z,1,28.18027777777778,,0,,23.0,58.0,0.0,81.0,2,1,1,58.0,217.5,93.5,25.0,24.0,1.65,220.0,27.5,27.5,1.0,3.0,4.0,4.0,7.0,7.0,,,,,,,,,,,,,,,,,,,,,,,,,,,0,0,1
2026-01-24T20:30:00Z,2026-01-24T21:30:00Z,60,2025-12-17T14:07:59Z,1,918.3669444444445,2026-01-23T16:19:11Z,1,28.18027777777778,,0,,23.0,58.0,0.0,81.0,2,1,1,58.0,217.5,93.5,25.0,24.0,1.65,220.0,27.5,27.5,1.0,3.0,4.0,4.0,7.0,7.0,,,,,,,,,,,,,,,,,,,,,,,,,,,0,0,1
2026-01-24T21:00:00Z,2026-01-24T21:30:00Z,30,2025-12-17T14:07:59Z,1,918.8669444444445,2026-01-23T16:19:11Z,1,28.68027777777778,,0,,23.0,58.0,0.0,81.0,2,1,1,58.0,217.0,93.0,25.0,24.0,1.65,220.0,27.0,27.0,1.0,3.0,4.0,4.0,7.0,7.0,,,,,,,,,,,,,,,,,,,,,,,,,,,0,0,1
2026-01-24T21:00:00Z,2026-01-24T22:00:00Z,60,2025-12-17T14:07:59Z,1,918.8669444444445,2026-01-23T16:19:11Z,1,28.68027777777778,,0,,23.0,58.0,0.0,81.0,2,1,1,58.0,217.0,93.0,25.0,24.0,1.65,220.0,27.0,27.0,1.0,3.0,4.0,4.0,7.0,7.0,,,,,,,,,,,,,,,,,,,,,,,,,,,0,0,1
2026-01-24T21:30:00Z,2026-01-24T22:00:00Z,30,2025-12-17T14:07:59Z,1,919.3669444444445,2026-01-23T16:19:11Z,1,29.18027777777778,,0,,23.0,58.0,0.0,81.0,2,1,1,58.0,216.5,92.5,25.0,24.0,1.65,220.0,26.5,26.5,1.0,3.0,4.0,4.0,7.0,7.0,,,,,,,,,,,,,,,,,,,,,,,,,,,0,0,1
2026-01-24T21:30:00Z,2026-01-24T22:30:00Z,60,2025-12-17T14:07:59Z,1,919.3669444444445,2026-01-23T16:19:11Z,1,29.18027777777778,,0,,23.0,58.0,0.0,81.0,2,1,1,58.0,216.5,92.5,25.0,24.0,1.65,220.0,26.5,26.5,1.0,3.0,4.0,4.0,7.0,7.0,,,,,,,,,,,,,,,,,,,,,,,,,,,0,0,1
2026-01-24T22:00:00Z,2026-01-24T22:30:00Z,30,2025-12-17T14:07:59Z,1,919.8669444444445,2026-01-23T16:19:11Z,1,29.68027777777778,,0,,23.0,58.0,0.0,81.0,2,1,1,58.0,216.0,92.0,25.0,24.0,1.65,220.0,26.0,26.0,1.0,3.0,4.0,4.0,7.0,7.0,,,,,,,,,,,,,,,,,,,,,,,,,,,0,0,1
2026-01-24T22:00:00Z,2026-01-24T23:00:00Z,60,2025-12-17T14:07:59Z,1,919.8669444444445,2026-01-23T16:19:11Z,1,29.68027777777778,,0,,23.0,58.0,0.0,81.0,2,1,1,58.0,216.0,92.0,25.0,24.0,1.65,220.0,26.0,26.0,1.0,3.0,4.0,4.0,7.0,7.0,,,,,,,,,,,,,,,,,,,,,,,,,,,0,0,1
2026-01-24T22:30:00Z,2026-01-24T23:00:00Z,30,2025-12-17T14:07:59Z,1,920.3669444444445,2026-01-23T16:19:11Z,1,30.18027777777778,,0,,23.0,58.0,0.0,81.0,2,1,1,58.0,215.5,91.5,25.0,24.0,1.65,220.0,25.5,25.5,1.0,3.0,4.0,4.0,7.0,7.0,,,,,,,,,,,,,,,,,,,,,,,,,,,0,0,1
2026-01-24T22:30:00Z,2026-01-24T23:30:00Z,60,2025-12-17T14:07:59Z,1,920.3669444444445,2026-01-23T16:19:11Z,1,30.18027777777778,,0,,23.0,58.0,0.0,81.0,2,1,1,58.0,215.5,91.5,25.0,24.0,1.65,220.0,25.5,25.5,1.0,3.0,4.0,4.0,7.0,7.0,,,,,,,,,,,,,,,,,,,,,,,,,,,0,0,1
2026-01-24T23:00:00Z,2026-01-24T23:30:00Z,30,2025-12-17T14:07:59Z,1,920.8669444444445,2026-01-23T16:19:11Z,1,30.68027777777778,,0,,23.0,58.0,0.0,81.0,2,1,1,58.0,215.0,91.0,25.0,24.0,1.65,220.0,25.0,25.0,1.0,3.0,4.0,4.0,7.0,7.0,,,,,,,,,,,,,,,,,,,,,,,,,,,0,0,1
2026-01-24T23:00:00Z,2026-01-25T00:00:00Z,60,2025-12-17T14:07:59Z,1,920.8669444444445,2026-01-23T16:19:11Z,1,30.68027777777778,,0,,23.0,58.0,0.0,81.0,2,1,1,58.0,215.0,91.0,25.0,24.0,1.65,220.0,25.0,25.0,1.0,3.0,4.0,4.0,7.0,7.0,,,,,,,,,,,,,,,,,,,,,,,,,,,0,0,1
2026-01-24T23:30:00Z,2026-01-25T00:00:00Z,30,2025-12-17T14:07:59Z,1,921.3669444444445,2026-01-23T16:19:11Z,1,31.18027777777778,,0,,23.0,58.0,0.0,81.0,2,1,1,58.0,214.5,90.5,25.0,24.0,1.65,220.0,24.5,24.5,1.0,3.0,4.0,4.0,7.0,7.0,,,,,,,,,,,,,,,,,,,,,,,,,,,0,0,1
2026-01-24T23:30:00Z,2026-01-25T00:30:00Z,60,2025-12-17T14:07:59Z,1,921.3669444444445,2026-01-23T16:19:11Z,1,31.18027777777778,,0,,23.0,58.0,0.0,81.0,2,1,1,58.0,214.5,90.5,25.0,24.0,1.65,220.0,24.5,24.5,1.0,3.0,4.0,4.0,7.0,7.0,,,,,,,,,,,,,,,,,,,,,,,,,,,0,0,1
2026-01-25T00:00:00Z,2026-01-25T00:30:00Z,30,2025-12-17T14:07:59Z,1,921.8669444444445,2026-01-23T16:19:11Z,1,31.68027777777778,,0,,23.0,58.0,0.0,81.0,2,1,1,58.0,214.0,90.0,25.0,24.0,1.65,220.0,24.0,24.0,1.0,3.0,4.0,4.0,7.0,7.0,,,,,,,,,,,,,,,,,,,,,,,,,,,0,0,1
2026-01-25T00:00:00Z,2026-01-25T01:00:00Z,60,2025-12-17T14:07:59Z,1,921.8669444444445,2026-01-23T16:19:11Z,1,31.68027777777778,,0,,23.0,58.0,0.0,81.0,2,1,1,58.0,214.0,90.0,25.0,24.0,1.65,220.0,24.0,24.0,1.0,3.0,4.0,4.0,7.0,7.0,,,,,,,,,,,,,,,,,,,,,,,,,,,0,0,1
2026-01-25T00:30:00Z,2026-01-25T01:00:00Z,30,2025-12-17T14:07:59Z,1,922.3669444444445,2026-01-23T16:19:11Z,1,32.180277777777775,,0,,23.0,58.0,0.0,81.0,2,1,1,58.0,213.5,89.5,25.0,24.0,1.65,220.0,23.5,23.5,1.0,3.0,4.0,4.0,7.0,7.0,,,,,,,,,,,,,,,,,,,,,,,,,,,0,0,1
2026-01-25T00:30:00Z,2026-01-25T01:30:00Z,60,2025-12-17T14:07:59Z,1,922.3669444444445,2026-01-23T16:19:11Z,1,32.180277777777775,,0,,23.0,58.0,0.0,81.0,2,1,1,58.0,213.5,89.5,25.0,24.0,1.65,220.0,23.5,23.5,1.0,3.0,4.0,4.0,7.0,7.0,,,,,,,,,,,,,,,,,,,,,,,,,,,0,0,1
2026-01-25T01:00:00Z,2026-01-25T01:30:00Z,30,2025-12-17T14:07:59Z,1,922.8669444444445,2026-01-23T16:19:11Z,1,32.680277777777775,,0,,23.0,58.0,0.0,81.0,2,1,1,58.0,213.0,89.0,25.0,24.0,1.65,220.0,23.0,23.0,1.0,3.0,4.0,4.0,7.0,7.0,,,,,,,,,,,,,,,,,,,,,,,,,,,0,0,1
2026-01-25T01:00:00Z,2026-01-25T02:00:00Z,60,2025-12-17T14:07:59Z,1,922.8669444444445,2026-01-23T16:19:11Z,1,32.680277777777775,,0,,23.0,58.0,0.0,81.0,2,1,1,58.0,213.0,89.0,25.0,24.0,1.65,220.0,23.0,23.0,1.0,3.0,4.0,4.0,7.0,7.0,,,,,,,,,,,,,,,,,,,,,,,,,,,0,0,1
2026-01-25T01:30:00Z,2026-01-25T02:00:00Z,30,2025-12-17T14:07:59Z,1,923.3669444444445,2026-01-23T16:19:11Z,1,33.180277777777775,,0,,23.0,58.0,0.0,81.0,2,1,1,58.0,212.5,88.5,25.0,24.0,1.65,220.0,22.5,22.5,1.0,3.0,4.0,4.0,7.0,7.0,,,,,,,,,,,,,,,,,,,,,,,,,,,0,0,1
2026-01-25T01:30:00Z,2026-01-25T02:30:00Z,60,2025-12-17T14:07:59Z,1,923.3669444444445,2026-01-23T16:19:11Z,1,33.180277777777775,,0,,23.0,58.0,0.0,81.0,2,1,1,58.0,212.5,88.5,25.0,24.0,1.65,220.0,22.5,22.5,1.0,3.0,4.0,4.0,7.0,7.0,,,,,,,,,,,,,,,,,,,,,,,,,,,0,0,1
2026-01-25T02:00:00Z,2026-01-25T02:30:00Z,30,2025-12-17T14:07:59Z,1,923.8669444444445,2026-01-23T16:19:11Z,1,33.680277777777775,,0,,23.0,58.0,0.0,81.0,2,1,1,58.0,212.0,88.0,25.0,24.0,1.65,220.0,22.0,22.0,1.0,3.0,4.0,4.0,7.0,7.0,,,,,,,,,,,,,,,,,,,,,,,,,,,0,0,1
2026-01-25T02:00:00Z,2026-01-25T03:00:00Z,60,2025-12-17T14:07:59Z,1,923.8669444444445,2026-01-23T16:19:11Z,1,33.680277777777775,,0,,23.0,58.0,0.0,81.0,2,1,1,58.0,212.0,88.0,25.0,24.0,1.65,220.0,22.0,22.0,1.0,3.0,4.0,4.0,7.0,7.0,,,,,,,,,,,,,,,,,,,,,,,,,,,0,0,1
2026-01-25T02:30:00Z,2026-01-25T03:00:00Z,30,2025-12-17T14:07:59Z,1,924.3669444444445,2026-01-23T16:19:11Z,1,34.180277777777775,,0,,23.0,58.0,0.0,81.0,2,1,1,58.0,211.5,87.5,25.0,24.0,1.65,220.0,21.5,21.5,1.0,3.0,4.0,4.0,7.0,7.0,,,,,,,,,,,,,,,,,,,,,,,,,,,0,0,1
2026-01-25T02:30:00Z,2026-01-25T03:30:00Z,60,2025-12-17T14:07:59Z,1,924.3669444444445,2026-01-23T16:19:11Z,1,34.180277777777775,,0,,23.0,58.0,0.0,81.0,2,1,1,58.0,211.5,87.5,25.0,24.0,1.65,220.0,21.5,21.5,1.0,3.0,4.0,4.0,7.0,7.0,,,,,,,,,,,,,,,,,,,,,,,,,,,0,0,1
2026-01-25T03:00:00Z,2026-01-25T03:30:00Z,30,2025-12-17T14:07:59Z,1,924.8669444444445,2026-01-23T16:19:11Z,1,34.680277777777775,,0,,23.0,58.0,0.0,81.0,2,1,1,58.0,211.0,87.0,25.0,24.0,1.65,220.0,21.0,21.0,1.0,3.0,4.0,4.0,7.0,7.0,,,,,,,,,,,,,,,,,,,,,,,,,,,0,0,1
2026-01-25T03:00:00Z,2026-01-25T04:00:00Z,60,2025-12-17T14:07:59Z,1,924.8669444444445,2026-01-23T16:19:11Z,1,34.680277777777775,,0,,23.0,58.0,0.0,81.0,2,1,1,58.0,211.0,87.0,25.0,24.0,1.65,220.0,21.0,21.0,1.0,3.0,4.0,4.0,7.0,7.0,,,,,,,,,,,,,,,,,,,,,,,,,,,0,0,1
2026-01-25T03:30:00Z,2026-01-25T04:00:00Z,30,2025-12-17T14:07:59Z,1,925.3669444444445,2026-01-23T16:19:11Z,1,35.180277777777775,,0,,23.0,58.0,0.0,81.0,2,1,1,58.0,210.5,86.5,25.0,24.0,1.65,220.0,20.5,20.5,1.0,3.0,4.0,4.0,7.0,7.0,,,,,,,,,,,,,,,,,,,,,,,,,,,0,0,1
2026-01-25T03:30:00Z,2026-01-25T04:30:00Z,60,2025-12-17T14:07:59Z,1,925.3669444444445,2026-01-23T16:19:11Z,1,35.180277777777775,,0,,23.0,58.0,0.0,81.0,2,1,1,58.0,210.5,86.5,25.0,24.0,1.65,220.0,20.5,20.5,1.0,3.0,4.0,4.0,7.0,7.0,,,,,,,,,,,,,,,,,,,,,,,,,,,0,0,1
2026-01-25T04:00:00Z,2026-01-25T04:30:00Z,30,2025-12-17T14:07:59Z,1,925.8669444444445,2026-01-23T16:19:11Z,1,35.680277777777775,,0,,23.0,58.0,0.0,81.0,2,1,1,58.0,210.0,86.0,25.0,24.0,1.65,220.0,20.0,20.0,1.0,3.0,4.0,4.0,7.0,7.0,,,,,,,,,,,,,,,,,,,,,,,,,,,0,0,1
2026-01-25T04:00:00Z,2026-01-25T05:00:00Z,60,2025-12-17T14:07:59Z,1,925.8669444444445,2026-01-23T16:19:11Z,1,35.680277777777775,,0,,23.0,58.0,0.0,81.0,2,1,1,58.0,210.0,86.0,25.0,24.0,1.65,220.0,20.0,20.0,1.0,3.0,4.0,4.0,7.0,7.0,,,,,,,,,,,,,,,,,,,,,,,,,,,0,0,1
2026-01-25T04:30:00Z,2026-01-25T05:00:00Z,30,2025-12-17T14:07:59Z,1,926.3669444444445,2026-01-23T16:19:11Z,1,36.180277777777775,,0,,23.0,58.0,0.0,81.0,2,1,1,58.0,209.5,85.5,25.0,24.0,1.65,220.0,19.5,19.5,1.0,3.0,4.0,4.0,7.0,7.0,,,,,,,,,,,,,,,,,,,,,,,,,,,0,0,1
2026-01-25T04:30:00Z,2026-01-25T05:30:00Z,60,2025-12-17T14:07:59Z,1,926.3669444444445,2026-01-23T16:19:11Z,1,36.180277777777775,,0,,23.0,58.0,0.0,81.0,2,1,1,58.0,209.5,85.5,25.0,24.0,1.65,220.0,19.5,19.5,1.0,3.0,4.0,4.0,7.0,7.0,,,,,,,,,,,,,,,,,,,,,,,,,,,0,0,1
2026-01-25T05:00:00Z,2026-01-25T05:30:00Z,30,2025-12-17T14:07:59Z,1,926.8669444444445,2026-01-23T16:19:11Z,1,36.680277777777775,,0,,23.0,58.0,0.0,81.0,2,1,1,58.0,209.0,85.0,25.0,24.0,1.65,220.0,19.0,19.0,1.0,3.0,4.0,4.0,7.0,7.0,,,,,,,,,,,,,,,,,,,,,,,,,,,0,0,1
2026-01-25T05:00:00Z,2026-01-25T06:00:00Z,60,2025-12-17T14:07:59Z,1,926.8669444444445,2026-01-23T16:19:11Z,1,36.680277777777775,,0,,23.0,58.0,0.0,81.0,2,1,1,58.0,209.0,85.0,25.0,24.0,1.65,220.0,19.0,19.0,1.0,3.0,4.0,4.0,7.0,7.0,,,,,,,,,,,,,,,,,,,,,,,,,,,0,0,1
2026-01-25T05:30:00Z,2026-01-25T06:00:00Z,30,2025-12-17T14:07:59Z,1,927.3669444444445,2026-01-23T16:19:11Z,1,37.180277777777775,,0,,23.0,58.0,0.0,81.0,2,1,1,58.0,208.5,84.5,25.0,24.0,1.65,220.0,18.5,18.5,1.0,3.0,4.0,4.0,7.0,7.0,,,,,,,,,,,,,,,,,,,,,,,,,,,0,0,1
2026-01-25T05:30:00Z,2026-01-25T06:30:00Z,60,2025-12-17T14:07:59Z,1,927.3669444444445,2026-01-23T16:19:11Z,1,37.180277777777775,,0,,23.0,58.0,0.0,81.0,2,1,1,58.0,208.5,84.5,25.0,24.0,1.65,220.0,18.5,18.5,1.0,3.0,4.0,4.0,7.0,7.0,,,,,,,,,,,,,,,,,,,,,,,,,,,0,0,1
2026-01-25T06:00:00Z,2026-01-25T06:30:00Z,30,2025-12-17T14:07:59Z,1,927.8669444444445,2026-01-23T16:19:11Z,1,37.680277777777775,,0,,23.0,58.0,0.0,81.0,2,1,1,58.0,208.0,84.0,25.0,24.0,1.65,220.0,18.0,18.0,1.0,3.0,4.0,4.0,7.0,7.0,,,,,,,,,,,,,,,,,,,,,,,,,,,0,0,1
2026-01-25T06:00:00Z,2026-01-25T07:00:00Z,60,2025-12-17T14:07:59Z,1,927.8669444444445,2026-01-23T16:19:11Z,1,37.680277777777775,,0,,23.0,58.0,0.0,81.0,2,1,1,58.0,208.0,84.0,25.0,24.0,1.65,220.0,18.0,18.0,1.0,3.0,4.0,4.0,7.0,7.0,,,,,,,,,,,,,,,,,,,,,,,,,,,0,0,1
2026-01-25T06:30:00Z,2026-01-25T07:00:00Z,30,2025-12-17T14:07:59Z,1,928.3669444444445,2026-01-23T16:19:11Z,1,38.180277777777775,,0,,23.0,58.0,0.0,81.0,2,1,1,58.0,207.5,83.5,25.0,24.0,1.65,220.0,17.5,17.5,1.0,3.0,4.0,4.0,7.0,7.0,,,,,,,,,,,,,,,,,,,,,,,,,,,0,0,1
2026-01-25T06:30:00Z,2026-01-25T07:30:00Z,60,2025-12-17T14:07:59Z,1,928.3669444444445,2026-01-23T16:19:11Z,1,38.180277777777775,,0,,23.0,58.0,0.0,81.0,2,1,1,58.0,207.5,83.5,25.0,24.0,1.65,220.0,17.5,17.5,1.0,3.0,4.0,4.0,7.0,7.0,,,,,,,,,,,,,,,,,,,,,,,,,,,0,0,1
2026-01-25T07:00:00Z,2026-01-25T07:30:00Z,30,2025-12-17T14:07:59Z,1,928.8669444444445,2026-01-23T16:19:11Z,1,38.680277777777775,,0,,23.0,58.0,0.0,81.0,2,1,1,58.0,207.0,83.0,25.0,24.0,1.65,220.0,17.0,17.0,1.0,3.0,4.0,4.0,7.0,7.0,,,,,,,,,,,,,,,,,,,,,,,,,,,0,0,1
2026-01-25T07:00:00Z,2026-01-25T08:00:00Z,60,2025-12-17T14:07:59Z,1,928.8669444444445,2026-01-23T16:19:11Z,1,38.680277777777775,,0,,23.0,58.0,0.0,81.0,2,1,1,58.0,207.0,83.0,25.0,24.0,1.65,220.0,17.0,17.0,1.0,3.0,4.0,4.0,7.0,7.0,,,,,,,,,,,,,,,,,,,,,,,,,,,0,0,1
2026-01-25T07:30:00Z,2026-01-25T08:00:00Z,30,2025-12-17T14:07:59Z,1,929.3669444444445,2026-01-23T16:19:11Z,1,39.180277777777775,,0,,23.0,58.0,0.0,81.0,2,1,1,58.0,206.5,82.5,25.0,24.0,1.65,220.0,16.5,16.5,1.0,3.0,4.0,4.0,7.0,7.0,,,,,,,,,,,,,,,,,,,,,,,,,,,0,0,1
2026-01-25T07:30:00Z,2026-01-25T08:30:00Z,60,2025-12-17T14:07:59Z,1,929.3669444444445,2026-01-23T16:19:11Z,1,39.180277777777775,,0,,23.0,58.0,0.0,81.0,2,1,1,58.0,206.5,82.5,25.0,24.0,1.65,220.0,16.5,16.5,1.0,3.0,4.0,4.0,7.0,7.0,,,,,,,,,,,,,,,,,,,,,,,,,,,0,0,1
2026-01-25T08:00:00Z,2026-01-25T08:30:00Z,30,2025-12-17T14:07:59Z,1,929.8669444444445,2026-01-23T16:19:11Z,1,39.680277777777775,,0,,23.0,58.0,0.0,81.0,2,1,1,58.0,206.0,82.0,25.0,24.0,1.65,220.0,16.0,16.0,1.0,3.0,4.0,4.0,7.0,7.0,,,,,,,,,,,,,,,,,,,,,,,,,,,0,0,1
2026-01-25T08:00:00Z,2026-01-25T09:00:00Z,60,2025-12-17T14:07:59Z,1,929.8669444444445,2026-01-23T16:19:11Z,1,39.680277777777775,,0,,23.0,58.0,0.0,81.0,2,1,1,58.0,206.0,82.0,25.0,24.0,1.65,220.0,16.0,16.0,1.0,3.0,4.0,4.0,7.0,7.0,,,,,,,,,,,,,,,,,,,,,,,,,,,0,0,1
2026-01-25T08:30:00Z,2026-01-25T09:00:00Z,30,2025-12-17T14:07:59Z,1,930.3669444444445,2026-01-23T16:19:11Z,1,40.180277777777775,,0,,23.0,58.0,0.0,81.0,2,1,1,58.0,205.5,81.5,25.0,24.0,1.65,220.0,15.5,15.5,1.0,3.0,4.0,4.0,7.0,7.0,,,,,,,,,,,,,,,,,,,,,,,,,,,0,0,1
2026-01-25T08:30:00Z,2026-01-25T09:30:00Z,60,2025-12-17T14:07:59Z,1,930.3669444444445,2026-01-23T16:19:11Z,1,40.180277777777775,,0,,23.0,58.0,0.0,81.0,2,1,1,58.0,205.5,81.5,25.0,24.0,1.65,220.0,15.5,15.5,1.0,3.0,4.0,4.0,7.0,7.0,,,,,,,,,,,,,,,,,,,,,,,,,,,0,0,1
2026-01-25T09:00:00Z,2026-01-25T09:30:00Z,30,2025-12-17T14:07:59Z,1,930.8669444444445,2026-01-23T16:19:11Z,1,40.680277777777775,,0,,23.0,58.0,0.0,81.0,2,1,1,58.0,205.0,81.0,25.0,24.0,1.65,220.0,15.0,15.0,1.0,3.0,4.0,4.0,7.0,7.0,,,,,,,,,,,,,,,,,,,,,,,,,,,0,0,1
2026-01-25T09:00:00Z,2026-01-25T10:00:00Z,60,2025-12-17T14:07:59Z,1,930.8669444444445,2026-01-23T16:19:11Z,1,40.680277777777775,,0,,23.0,58.0,0.0,81.0,2,1,1,58.0,205.0,81.0,25.0,24.0,1.65,220.0,15.0,15.0,1.0,3.0,4.0,4.0,7.0,7.0,,,,,,,,,,,,,,,,,,,,,,,,,,,0,0,1
2026-01-25T09:30:00Z,2026-01-25T10:00:00Z,30,2025-12-17T14:07:59Z,1,931.3669444444445,2026-01-23T16:19:11Z,1,41.180277777777775,,0,,23.0,58.0,0.0,81.0,2,1,1,58.0,204.5,80.5,25.0,24.0,1.65,220.0,14.5,14.5,1.0,3.0,4.0,4.0,7.0,7.0,,,,,,,,,,,,,,,,,,,,,,,,,,,0,0,1
2026-01-25T09:30:00Z,2026-01-25T10:30:00Z,60,2025-12-17T14:07:59Z,1,931.3669444444445,2026-01-23T16:19:11Z,1,41.180277777777775,,0,,23.0,58.0,0.0,81.0,2,1,1,58.0,204.5,80.5,25.0,24.0,1.65,220.0,14.5,14.5,1.0,3.0,4.0,4.0,7.0,7.0,,,,,,,,,,,,,,,,,,,,,,,,,,,0,0,1
2026-01-25T10:00:00Z,2026-01-25T10:30:00Z,30,2025-12-17T14:07:59Z,1,931.8669444444445,2026-01-23T16:19:11Z,1,41.680277777777775,,0,,23.0,58.0,0.0,81.0,2,1,1,58.0,204.0,80.0,25.0,24.0,1.65,220.0,14.0,14.0,1.0,3.0,4.0,4.0,7.0,7.0,,,,,,,,,,,,,,,,,,,,,,,,,,,0,0,1
2026-01-25T10:00:00Z,2026-01-25T11:00:00Z,60,2025-12-17T14:07:59Z,1,931.8669444444445,2026-01-23T16:19:11Z,1,41.680277777777775,,0,,23.0,58.0,0.0,81.0,2,1,1,58.0,204.0,80.0,25.0,24.0,1.65,220.0,14.0,14.0,1.0,3.0,4.0,4.0,7.0,7.0,,,,,,,,,,,,,,,,,,,,,,,,,,,0,0,1
2026-01-25T10:30:00Z,2026-01-25T11:00:00Z,30,2025-12-17T14:07:59Z,1,932.3669444444445,2026-01-23T16:19:11Z,1,42.180277777777775,,0,,23.0,58.0,0.0,81.0,2,1,1,58.0,203.5,79.5,25.0,24.0,1.65,220.0,13.5,13.5,1.0,3.0,4.0,4.0,7.0,7.0,,,,,,,,,,,,,,,,,,,,,,,,,,,0,0,1
2026-01-25T10:30:00Z,2026-01-25T11:30:00Z,60,2025-12-17T14:07:59Z,1,932.3669444444445,2026-01-23T16:19:11Z,1,42.180277777777775,,0,,23.0,58.0,0.0,81.0,2,1,1,58.0,203.5,79.5,25.0,24.0,1.65,220.0,13.5,13.5,1.0,3.0,4.0,4.0,7.0,7.0,,,,,,,,,,,,,,,,,,,,,,,,,,,0,0,1
2026-01-25T11:00:00Z,2026-01-25T11:30:00Z,30,2025-12-17T14:07:59Z,1,932.8669444444445,2026-01-23T16:19:11Z,1,42.680277777777775,,0,,23.0,58.0,0.0,81.0,2,1,1,58.0,203.0,79.0,25.0,24.0,1.65,220.0,13.0,13.0,1.0,3.0,4.0,4.0,7.0,7.0,,,,,,,,,,,,,,,,,,,,,,,,,,,0,0,1
2026-01-25T11:00:00Z,2026-01-25T12:00:00Z,60,2025-12-17T14:07:59Z,1,932.8669444444445,2026-01-23T16:19:11Z,1,42.680277777777775,,0,,23.0,58.0,0.0,81.0,2,1,1,58.0,203.0,79.0,25.0,24.0,1.65,220.0,13.0,13.0,1.0,3.0,4.0,4.0,7.0,7.0,,,,,,,,,,,,,,,,,,,,,,,,,,,0,0,1
2026-01-25T11:30:00Z,2026-01-25T12:00:00Z,30,2025-12-17T14:07:59Z,1,933.3669444444445,2026-01-23T16:19:11Z,1,43.180277777777775,,0,,23.0,58.0,0.0,81.0,2,1,1,58.0,202.5,78.5,25.0,24.0,1.65,220.0,12.5,12.5,1.0,3.0,4.0,4.0,7.0,7.0,,,,,,,,,,,,,,,,,,,,,,,,,,,0,0,1
2026-01-25T11:30:00Z,2026-01-25T12:30:00Z,60,2025-12-17T14:07:59Z,1,933.3669444444445,2026-01-23T16:19:11Z,1,43.180277777777775,,0,,23.0,58.0,0.0,81.0,2,1,1,58.0,202.5,78.5,25.0,24.0,1.65,220.0,12.5,12.5,1.0,3.0,4.0,4.0,7.0,7.0,,,,,,,,,,,,,,,,,,,,,,,,,,,0,0,1
2026-01-25T12:00:00Z,2026-01-25T12:30:00Z,30,2025-12-17T14:07:59Z,1,933.8669444444445,2026-01-23T16:19:11Z,1,43.680277777777775,,0,,23.0,58.0,0.0,81.0,2,1,1,58.0,202.0,78.0,25.0,24.0,1.65,220.0,12.0,12.0,1.0,3.0,4.0,4.0,7.0,7.0,,,,,,,,,,,,,,,,,,,,,,,,,,,0,0,1
2026-01-25T12:00:00Z,2026-01-25T13:00:00Z,60,2025-12-17T14:07:59Z,1,933.8669444444445,2026-01-23T16:19:11Z,1,43.680277777777775,,0,,23.0,58.0,0.0,81.0,2,1,1,58.0,202.0,78.0,25.0,24.0,1.65,220.0,12.0,12.0,1.0,3.0,4.0,4.0,7.0,7.0,,,,,,,,,,,,,,,,,,,,,,,,,,,0,0,1
2026-01-25T12:30:00Z,2026-01-25T13:00:00Z,30,2025-12-17T14:07:59Z,1,934.3669444444445,2026-01-23T16:19:11Z,1,44.180277777777775,,0,,23.0,58.0,0.0,81.0,2,1,1,58.0,201.5,77.5,25.0,24.0,1.65,220.0,11.5,11.5,1.0,3.0,4.0,4.0,7.0,7.0,,,,,,,,,,,,,,,,,,,,,,,,,,,0,0,1
2026-01-25T12:30:00Z,2026-01-25T13:30:00Z,60,2025-12-17T14:07:59Z,1,934.3669444444445,2026-01-23T16:19:11Z,1,44.180277777777775,,0,,23.0,58.0,0.0,81.0,2,1,1,58.0,201.5,77.5,25.0,24.0,1.65,220.0,11.5,11.5,1.0,3.0,4.0,4.0,7.0,7.0,,,,,,,,,,,,,,,,,,,,,,,,,,,0,0,1
2026-01-25T13:00:00Z,2026-01-25T13:30:00Z,30,2025-12-17T14:07:59Z,1,934.8669444444445,2026-01-23T16:19:11Z,1,44.680277777777775,,0,,23.0,58.0,0.0,81.0,2,1,1,58.0,201.0,77.0,25.0,24.0,1.65,220.0,11.0,11.0,1.0,3.0,4.0,4.0,7.0,7.0,,,,,,,,,,,,,,,,,,,,,,,,,,,0,0,1
2026-01-25T13:00:00Z,2026-01-25T14:00:00Z,60,2025-12-17T14:07:59Z,1,934.8669444444445,2026-01-23T16:19:11Z,1,44.680277777777775,,0,,23.0,58.0,0.0,81.0,2,1,1,58.0,201.0,77.0,25.0,24.0,1.65,220.0,11.0,11.0,1.0,3.0,4.0,4.0,7.0,7.0,,,,,,,,,,,,,,,,,,,,,,,,,,,0,0,1
2026-01-25T13:30:00Z,2026-01-25T14:00:00Z,30,2025-12-17T14:07:59Z,1,935.3669444444445,2026-01-23T16:19:11Z,1,45.180277777777775,,0,,23.0,58.0,0.0,81.0,2,1,1,58.0,200.5,76.5,25.0,24.0,1.65,220.0,10.5,10.5,1.0,3.0,4.0,4.0,7.0,7.0,,,,,,,,,,,,,,,,,,,,,,,,,,,0,0,1
2026-01-25T13:30:00Z,2026-01-25T14:30:00Z,60,2025-12-17T14:07:59Z,1,935.3669444444445,2026-01-23T16:19:11Z,1,45.180277777777775,,0,,23.0,58.0,0.0,81.0,2,1,1,58.0,200.5,76.5,25.0,24.0,1.65,220.0,10.5,10.5,1.0,3.0,4.0,4.0,7.0,7.0,,,,,,,,,,,,,,,,,,,,,,,,,,,0,0,1
2026-01-25T14:00:00Z,2026-01-25T14:30:00Z,30,2025-12-17T14:07:59Z,1,935.8669444444445,2026-01-23T16:19:11Z,1,45.680277777777775,,0,,23.0,58.0,0.0,81.0,2,1,1,58.0,200.0,76.0,25.0,24.0,1.65,220.0,10.0,10.0,1.0,3.0,4.0,4.0,7.0,7.0,,,,,,,,,,,,,,,,,,,,,,,,,,,0,0,1
2026-01-25T14:00:00Z,2026-01-25T15:00:00Z,60,2025-12-17T14:07:59Z,1,935.8669444444445,2026-01-23T16:19:11Z,1,45.680277777777775,,0,,23.0,58.0,0.0,81.0,2,1,1,58.0,200.0,76.0,25.0,24.0,1.65,220.0,10.0,10.0,1.0,3.0,4.0,4.0,7.0,7.0,,,,,,,,,,,,,,,,,,,,,,,,,,,0,0,1
2026-01-25T14:30:00Z,2026-01-25T15:00:00Z,30,2025-12-17T14:07:59Z,1,936.3669444444445,2026-01-23T16:19:11Z,1,46.180277777777775,,0,,23.0,58.0,0.0,81.0,2,1,1,58.0,199.5,75.5,25.0,24.0,1.65,220.0,9.5,9.5,1.0,3.0,4.0,4.0,7.0,7.0,,,,,,,,,,,,,,,,,,,,,,,,,,,0,0,1
2026-01-25T14:30:00Z,2026-01-25T15:30:00Z,60,2025-12-17T14:07:59Z,1,936.3669444444445,2026-01-23T16:19:11Z,1,46.180277777777775,,0,,23.0,58.0,0.0,81.0,2,1,1,58.0,199.5,75.5,25.0,24.0,1.65,220.0,9.5,9.5,1.0,3.0,4.0,4.0,7.0,7.0,,,,,,,,,,,,,,,,,,,,,,,,,,,0,0,1
2026-01-25T15:00:00Z,2026-01-25T15:30:00Z,30,2025-12-17T14:07:59Z,1,936.8669444444445,2026-01-23T16:19:11Z,1,46.680277777777775,,0,,23.0,58.0,0.0,81.0,2,1,1,58.0,199.0,75.0,25.0,24.0,1.65,220.0,9.0,9.0,1.0,3.0,4.0,4.0,7.0,7.0,,,,,,,,,,,,,,,,,,,,,,,,,,,0,0,1
2026-01-25T15:00:00Z,2026-01-25T16:00:00Z,60,2025-12-17T14:07:59Z,1,936.8669444444445,2026-01-23T16:19:11Z,1,46.680277777777775,,0,,23.0,58.0,0.0,81.0,2,1,1,58.0,199.0,75.0,25.0,24.0,1.65,220.0,9.0,9.0,1.0,3.0,4.0,4.0,7.0,7.0,,,,,,,,,,,,,,,,,,,,,,,,,,,0,0,1
2026-01-25T15:30:00Z,2026-01-25T16:00:00Z,30,2025-12-17T14:07:59Z,1,937.3669444444445,2026-01-23T16:19:11Z,1,47.180277777777775,,0,,23.0,58.0,0.0,81.0,2,1,1,58.0,198.5,74.5,25.0,24.0,1.65,220.0,8.5,8.5,1.0,3.0,4.0,4.0,7.0,7.0,,,,,,,,,,,,,,,,,,,,,,,,,,,0,0,1
2026-01-25T15:30:00Z,2026-01-25T16:30:00Z,60,2025-12-17T14:07:59Z,1,937.3669444444445,2026-01-23T16:19:11Z,1,47.180277777777775,,0,,23.0,58.0,0.0,81.0,2,1,1,58.0,198.5,74.5,25.0,24.0,1.65,220.0,8.5,8.5,1.0,3.0,4.0,4.0,7.0,7.0,,,,,,,,,,,,,,,,,,,,,,,,,,,0,0,1
2026-01-25T16:00:00Z,2026-01-25T16:30:00Z,30,2025-12-17T14:07:59Z,1,937.8669444444445,2026-01-23T16:19:11Z,1,47.680277777777775,,0,,23.0,58.0,0.0,81.0,2,1,1,58.0,198.0,74.0,25.0,24.0,1.65,220.0,8.0,8.0,1.0,3.0,4.0,4.0,7.0,7.0,,,,,,,,,,,,,,,,,,,,,,,,,,,0,0,1
2026-01-25T16:00:00Z,2026-01-25T17:00:00Z,60,2025-12-17T14:07:59Z,1,937.8669444444445,2026-01-23T16:19:11Z,1,47.680277777777775,,0,,23.0,58.0,0.0,81.0,2,1,1,58.0,198.0,74.0,25.0,24.0,1.65,220.0,8.0,8.0,1.0,3.0,4.0,4.0,7.0,7.0,,,,,,,,,,,,,,,,,,,,,,,,,,,0,0,1
2026-01-25T16:30:00Z,2026-01-25T17:00:00Z,30,2025-12-17T14:07:59Z,1,938.3669444444445,2026-01-23T16:19:11Z,1,48.180277777777775,,0,,23.0,58.0,0.0,81.0,2,1,1,58.0,197.5,73.5,25.0,24.0,1.65,220.0,7.5,7.5,1.0,3.0,4.0,4.0,7.0,7.0,,,,,,,,,,,,,,,,,,,,,,,,,,,0,0,1
2026-01-25T16:30:00Z,2026-01-25T17:30:00Z,60,2025-12-17T14:07:59Z,1,938.3669444444445,2026-01-23T16:19:11Z,1,48.180277777777775,,0,,23.0,58.0,0.0,81.0,2,1,1,58.0,197.5,73.5,25.0,24.0,1.65,220.0,7.5,7.5,1.0,3.0,4.0,4.0,7.0,7.0,,,,,,,,,,,,,,,,,,,,,,,,,,,0,0,1
2026-01-25T17:00:00Z,2026-01-25T17:30:00Z,30,2025-12-17T14:07:59Z,1,938.8669444444445,2026-01-23T16:19:11Z,1,48.680277777777775,,0,,23.0,58.0,0.0,81.0,2,1,1,58.0,197.0,73.0,25.0,24.0,1.65,220.0,7.0,7.0,1.0,3.0,4.0,4.0,7.0,7.0,,,,,,,,,,,,,,,,,,,,,,,,,,,0,0,1
2026-01-25T17:00:00Z,2026-01-25T18:00:00Z,60,2025-12-17T14:07:59Z,1,938.8669444444445,2026-01-23T16:19:11Z,1,48.680277777777775,,0,,23.0,58.0,0.0,81.0,2,1,1,58.0,197.0,73.0,25.0,24.0,1.65,220.0,7.0,7.0,1.0,3.0,4.0,4.0,7.0,7.0,,,,,,,,,,,,,,,,,,,,,,,,,,,0,0,1
2026-01-25T17:30:00Z,2026-01-25T18:00:00Z,30,2025-12-17T14:07:59Z,1,939.3669444444445,2026-01-23T16:19:11Z,1,49.180277777777775,,0,,23.0,58.0,0.0,81.0,2,1,1,58.0,196.5,72.5,25.0,24.0,1.65,220.0,6.5,6.5,1.0,3.0,4.0,4.0,7.0,7.0,,,,,,,,,,,,,,,,,,,,,,,,,,,0,0,1
2026-01-25T17:30:00Z,2026-01-25T18:30:00Z,60,2025-12-17T14:07:59Z,1,939.3669444444445,2026-01-23T16:19:11Z,1,49.180277777777775,,0,,23.0,58.0,0.0,81.0,2,1,1,58.0,196.5,72.5,25.0,24.0,1.65,220.0,6.5,6.5,1.0,3.0,4.0,4.0,7.0,7.0,,,,,,,,,,,,,,,,,,,,,,,,,,,0,0,1
2026-01-25T18:00:00Z,2026-01-25T18:30:00Z,30,2025-12-17T14:07:59Z,1,939.8669444444445,2026-01-23T16:19:11Z,1,49.680277777777775,,0,,23.0,58.0,0.0,81.0,2,1,1,58.0,196.0,72.0,25.0,24.0,1.65,220.0,6.0,6.0,1.0,3.0,4.0,4.0,7.0,7.0,,,,,,,,,,,,,,,,,,,,,,,,,,,0,0,1
2026-01-25T18:00:00Z,2026-01-25T19:00:00Z,60,2025-12-17T14:07:59Z,1,939.8669444444445,2026-01-23T16:19:11Z,1,49.680277777777775,,0,,23.0,58.0,0.0,81.0,2,1,1,58.0,196.0,72.0,25.0,24.0,1.65,220.0,6.0,6.0,1.0,3.0,4.0,4.0,7.0,7.0,,,,,,,,,,,,,,,,,,,,,,,,,,,0,0,1
2026-01-25T18:30:00Z,2026-01-25T19:00:00Z,30,2025-12-17T14:07:59Z,1,940.3669444444445,2026-01-23T16:19:11Z,1,50.180277777777775,,0,,23.0,58.0,0.0,81.0,2,1,1,58.0,195.5,71.5,25.0,24.0,1.65,220.0,5.5,5.5,1.0,3.0,4.0,4.0,7.0,7.0,,,,,,,,,,,,,,,,,,,,,,,,,,,0,0,1
2026-01-25T18:30:00Z,2026-01-25T19:30:00Z,60,2025-12-17T14:07:59Z,1,940.3669444444445,2026-01-23T16:19:11Z,1,50.180277777777775,,0,,23.0,58.0,0.0,81.0,2,1,1,58.0,195.5,71.5,25.0,24.0,1.65,220.0,5.5,5.5,1.0,3.0,4.0,4.0,7.0,7.0,,,,,,,,,,,,,,,,,,,,,,,,,,,0,0,1
2026-01-25T19:00:00Z,2026-01-25T19:30:00Z,30,2025-12-17T14:07:59Z,1,940.8669444444445,2026-01-23T16:19:11Z,1,50.680277777777775,,0,,23.0,58.0,0.0,81.0,2,1,1,58.0,195.0,71.0,25.0,24.0,1.65,220.0,5.0,5.0,1.0,3.0,4.0,4.0,7.0,7.0,,,,,,,,,,,,,,,,,,,,,,,,,,,0,0,1
2026-01-25T19:00:00Z,2026-01-25T20:00:00Z,60,2025-12-17T14:07:59Z,1,940.8669444444445,2026-01-23T16:19:11Z,1,50.680277777777775,,0,,23.0,58.0,0.0,81.0,2,1,1,58.0,195.0,71.0,25.0,24.0,1.65,220.0,5.0,5.0,1.0,3.0,4.0,4.0,7.0,7.0,,,,,,,,,,,,,,,,,,,,,,,,,,,0,0,1
2026-01-25T19:30:00Z,2026-01-25T20:00:00Z,30,2025-12-17T14:07:59Z,1,941.3669444444445,2026-01-23T16:19:11Z,1,51.180277777777775,,0,,23.0,58.0,0.0,81.0,2,1,1,58.0,194.5,70.5,25.0,24.0,1.65,220.0,4.5,4.5,1.0,3.0,4.0,4.0,7.0,7.0,,,,,,,,,,,,,,,,,,,,,,,,,,,0,0,1
2026-01-25T19:30:00Z,2026-01-25T20:30:00Z,60,2025-12-17T14:07:59Z,1,941.3669444444445,2026-01-23T16:19:11Z,1,51.180277777777775,,0,,23.0,58.0,0.0,81.0,2,1,1,58.0,194.5,70.5,25.0,24.0,1.65,220.0,4.5,4.5,1.0,3.0,4.0,4.0,7.0,7.0,,,,,,,,,,,,,,,,,,,,,,,,,,,0,0,1
2026-01-25T20:00:00Z,2026-01-25T20:30:00Z,30,2025-12-17T14:07:59Z,1,941.8669444444445,2026-01-23T16:19:11Z,1,51.680277777777775,,0,,23.0,58.0,0.0,81.0,2,1,1,58.0,194.0,70.0,25.0,24.0,1.65,220.0,4.0,4.0,1.0,3.0,4.0,4.0,7.0,7.0,,,,,,,,,,,,,,,,,,,,,,,,,,,0,0,1
2026-01-25T20:00:00Z,2026-01-25T21:00:00Z,60,2025-12-17T14:07:59Z,1,941.8669444444445,2026-01-23T16:19:11Z,1,51.680277777777775,,0,,23.0,58.0,0.0,81.0,2,1,1,58.0,194.0,70.0,25.0,24.0,1.65,220.0,4.0,4.0,1.0,3.0,4.0,4.0,7.0,7.0,,,,,,,,,,,,,,,,,,,,,,,,,,,0,0,1
2026-01-25T20:30:00Z,2026-01-25T21:00:00Z,30,2025-12-17T14:07:59Z,1,942.3669444444445,2026-01-23T16:19:11Z,1,52.180277777777775,,0,,23.0,58.0,0.0,81.0,2,1,1,58.0,193.5,69.5,25.0,24.0,1.65,220.0,3.5,3.5,1.0,3.0,4.0,4.0,7.0,7.0,,,,,,,,,,,,,,,,,,,,,,,,,,,0,0,1
2026-01-25T20:30:00Z,2026-01-25T21:30:00Z,60,2025-12-17T14:07:59Z,1,942.3669444444445,2026-01-23T16:19:11Z,1,52.180277777777775,,0,,23.0,58.0,0.0,81.0,2,1,1,58.0,193.5,69.5,25.0,24.0,1.65,220.0,3.5,3.5,1.0,3.0,4.0,4.0,7.0,7.0,,,,,,,,,,,,,,,,,,,,,,,,,,,0,0,1
2026-01-25T21:00:00Z,2026-01-25T21:30:00Z,30,2025-12-17T14:07:59Z,1,942.8669444444445,2026-01-23T16:19:11Z,1,52.680277777777775,,0,,23.0,58.0,0.0,81.0,2,1,1,58.0,193.0,69.0,25.0,24.0,1.65,220.0,3.0,3.0,1.0,3.0,4.0,4.0,7.0,7.0,,,,,,,,,,,,,,,,,,,,,,,,,,,0,0,1
2026-01-25T21:00:00Z,2026-01-25T22:00:00Z,60,2025-12-17T14:07:59Z,1,942.8669444444445,2026-01-23T16:19:11Z,1,52.680277777777775,,0,,23.0,58.0,0.0,81.0,2,1,1,58.0,193.0,69.0,25.0,24.0,1.65,220.0,3.0,3.0,1.0,3.0,4.0,4.0,7.0,7.0,,,,,,,,,,,,,,,,,,,,,,,,,,,0,0,1
2026-01-25T21:30:00Z,2026-01-25T22:00:00Z,30,2025-12-17T14:07:59Z,1,943.3669444444445,2026-01-23T16:19:11Z,1,53.180277777777775,,0,,23.0,58.0,0.0,81.0,2,1,1,58.0,192.5,68.5,25.0,24.0,1.65,220.0,2.5,2.5,1.0,3.0,4.0,4.0,7.0,7.0,,,,,,,,,,,,,,,,,,,,,,,,,,,0,0,1
2026-01-25T21:30:00Z,2026-01-25T22:30:00Z,60,2025-12-17T14:07:59Z,1,943.3669444444445,2026-01-23T16:19:11Z,1,53.180277777777775,,0,,23.0,58.0,0.0,81.0,2,1,1,58.0,192.5,68.5,25.0,24.0,1.65,220.0,2.5,2.5,1.0,3.0,4.0,4.0,7.0,7.0,,,,,,,,,,,,,,,,,,,,,,,,,,,0,0,1
2026-01-25T22:00:00Z,2026-01-25T22:30:00Z,30,2025-12-17T14:07:59Z,1,943.8669444444445,2026-01-23T16:19:11Z,1,53.680277777777775,,0,,23.0,58.0,0.0,81.0,2,1,1,58.0,192.0,68.0,25.0,24.0,1.65,220.0,2.0,2.0,1.0,3.0,4.0,4.0,7.0,7.0,,,,,,,,,,,,,,,,,,,,,,,,,,,0,0,1
2026-01-25T22:00:00Z,2026-01-25T23:00:00Z,60,2025-12-17T14:07:59Z,1,943.8669444444445,2026-01-23T16:19:11Z,1,53.680277777777775,,0,,23.0,58.0,0.0,81.0,2,1,1,58.0,192.0,68.0,25.0,24.0,1.65,220.0,2.0,2.0,1.0,3.0,4.0,4.0,7.0,7.0,,,,,,,,,,,,,,,,,,,,,,,,,,,0,0,1
2026-01-25T22:30:00Z,2026-01-25T23:00:00Z,30,2025-12-17T14:07:59Z,1,944.3669444444445,2026-01-23T16:19:11Z,1,54.180277777777775,,0,,23.0,58.0,0.0,81.0,2,1,1,58.0,191.5,67.5,25.0,24.0,1.65,220.0,1.5,1.5,1.0,3.0,4.0,4.0,7.0,7.0,,,,,,,,,,,,,,,,,,,,,,,,,,,0,0,1
2026-01-25T22:30:00Z,2026-01-25T23:30:00Z,60,2025-12-17T14:07:59Z,1,944.3669444444445,2026-01-23T16:19:11Z,1,54.180277777777775,,0,,23.0,58.0,0.0,81.0,2,1,1,58.0,191.5,67.5,25.0,24.0,1.65,220.0,1.5,1.5,1.0,3.0,4.0,4.0,7.0,7.0,,,,,,,,,,,,,,,,,,,,,,,,,,,0,0,1
2026-01-25T23:00:00Z,2026-01-25T23:30:00Z,30,2025-12-17T14:07:59Z,1,944.8669444444445,2026-01-23T16:19:11Z,1,54.680277777777775,,0,,23.0,58.0,0.0,81.0,2,1,1,58.0,191.0,67.0,25.0,24.0,1.65,220.0,1.0,1.0,1.0,3.0,4.0,4.0,7.0,7.0,,,,,,,,,,,,,,,,,,,,,,,,,,,0,0,1
2026-01-25T23:00:00Z,2026-01-26T00:00:00Z,60,2025-12-17T14:07:59Z,1,944.8669444444445,2026-01-23T16:19:11Z,1,54.680277777777775,,0,,23.0,58.0,0.0,81.0,2,1,1,58.0,191.0,67.0,57.0,54.0,3.575,220.0,1.0,49.0,1.0,11.0,6.0,11.0,20.0,10.0,,,,,,,,,,,,,,,,,,,,,,,,,,,0,0,1
2026-01-25T23:30:00Z,2026-01-26T00:00:00Z,30,2025-12-17T14:07:59Z,1,945.3669444444445,2026-01-23T16:19:11Z,1,55.180277777777775,,0,,23.0,58.0,0.0,81.0,2,1,1,58.0,190.5,66.5,57.0,54.0,3.575,220.0,0.5,48.5,1.0,11.0,6.0,11.0,20.0,10.0,,,,,,,,,,,,,,,,,,,,,,,,,,,0,0,1
2026-01-25T23:30:00Z,2026-01-26T00:30:00Z,60,2025-12-17T14:07:59Z,1,945.3669444444445,2026-01-23T16:19:11Z,1,55.180277777777775,,0,,23.0,58.0,0.0,81.0,2,1,1,58.0,190.5,66.5,57.0,54.0,3.575,220.0,0.5,48.5,1.0,11.0,6.0,11.0,20.0,10.0,,,,,,,,,,,,,,,,,,,,,,,,,,,0,0,1
2026-01-26T00:00:00Z,2026-01-26T00:30:00Z,30,2025-12-17T14:07:59Z,1,945.8669444444445,2026-01-23T16:19:11Z,1,55.680277777777775,,0,,23.0,58.0,0.0,81.0,2,1,1,58.0,190.0,66.0,57.0,54.0,3.575,220.0,24.0,48.0,1.0,11.0,6.0,11.0,20.0,10.0,,,,,,,,,,,,,,,,,,,,,,,,,,,0,0,1
2026-01-26T00:00:00Z,2026-01-26T01:00:00Z,60,2025-12-17T14:07:59Z,1,945.8669444444445,2026-01-23T16:19:11Z,1,55.680277777777775,,0,,23.0,58.0,0.0,81.0,2,1,1,58.0,190.0,66.0,57.0,54.0,3.575,220.0,24.0,48.0,1.0,11.0,6.0,11.0,20.0,10.0,,,,,,,,,,,,,,,,,,,,,,,,,,,0,0,1
2026-01-26T00:30:00Z,2026-01-26T01:00:00Z,30,2025-12-17T14:07:59Z,1,946.3669444444445,2026-01-23T16:19:11Z,1,56.180277777777775,,0,,23.0,58.0,0.0,81.0,2,1,1,58.0,189.5,65.5,57.0,54.0,3.575,220.0,23.5,47.5,1.0,11.0,6.0,11.0,20.0,10.0,,,,,,,,,,,,,,,,,,,,,,,,,,,0,0,1
2026-01-26T00:30:00Z,2026-01-26T01:30:00Z,60,2025-12-17T14:07:59Z,1,946.3669444444445,2026-01-23T16:19:11Z,1,56.180277777777775,,0,,23.0,58.0,0.0,81.0,2,1,1,58.0,189.5,65.5,57.0,54.0,3.575,220.0,23.5,47.5,1.0,11.0,6.0,11.0,20.0,10.0,,,,,,,,,,,,,,,,,,,,,,,,,,,0,0,1
2026-01-26T01:00:00Z,2026-01-26T01:30:00Z,30,2025-12-17T14:07:59Z,1,946.8669444444445,2026-01-23T16:19:11Z,1,56.680277777777775,,0,,23.0,58.0,0.0,81.0,2,1,1,58.0,189.0,65.0,57.0,54.0,3.575,220.0,23.0,47.0,1.0,11.0,6.0,11.0,20.0,10.0,,,,,,,,,,,,,,,,,,,,,,,,,,,0,0,1
2026-01-26T01:00:00Z,2026-01-26T02:00:00Z,60,2025-12-17T14:07:59Z,1,946.8669444444445,2026-01-23T16:19:11Z,1,56.680277777777775,,0,,23.0,58.0,0.0,81.0,2,1,1,58.0,189.0,65.0,57.0,54.0,3.575,220.0,23.0,47.0,1.0,11.0,6.0,11.0,20.0,10.0,,,,,,,,,,,,,,,,,,,,,,,,,,,0,0,1
2026-01-26T01:30:00Z,2026-01-26T02:00:00Z,30,2025-12-17T14:07:59Z,1,947.3669444444445,2026-01-23T16:19:11Z,1,57.180277777777775,,0,,23.0,58.0,0.0,81.0,2,1,1,58.0,188.5,64.5,57.0,54.0,3.575,220.0,22.5,46.5,1.0,11.0,6.0,11.0,20.0,10.0,,,,,,,,,,,,,,,,,,,,,,,,,,,0,0,1
2026-01-26T01:30:00Z,2026-01-26T02:30:00Z,60,2025-12-17T14:07:59Z,1,947.3669444444445,2026-01-23T16:19:11Z,1,57.180277777777775,,0,,23.0,58.0,0.0,81.0,2,1,1,58.0,188.5,64.5,57.0,54.0,3.575,220.0,22.5,46.5,1.0,11.0,6.0,11.0,20.0,10.0,,,,,,,,,,,,,,,,,,,,,,,,,,,0,0,1
2026-01-26T02:00:00Z,2026-01-26T02:30:00Z,30,2025-12-17T14:07:59Z,1,947.8669444444445,2026-01-23T16:19:11Z,1,57.680277777777775,,0,,23.0,58.0,0.0,81.0,2,1,1,58.0,188.0,64.0,57.0,54.0,3.575,220.0,22.0,46.0,1.0,11.0,6.0,11.0,20.0,10.0,,,,,,,,,,,,,,,,,,,,,,,,,,,0,0,1
2026-01-26T02:00:00Z,2026-01-26T03:00:00Z,60,2025-12-17T14:07:59Z,1,947.8669444444445,2026-01-23T16:19:11Z,1,57.680277777777775,,0,,23.0,58.0,0.0,81.0,2,1,1,58.0,188.0,64.0,57.0,54.0,3.575,220.0,22.0,46.0,1.0,11.0,6.0,11.0,20.0,10.0,,,,,,,,,,,,,,,,,,,,,,,,,,,0,0,1
2026-01-26T02:30:00Z,2026-01-26T03:00:00Z,30,2025-12-17T14:07:59Z,1,948.3669444444445,2026-01-23T16:19:11Z,1,58.180277777777775,,0,,23.0,58.0,0.0,81.0,2,1,1,58.0,187.5,63.5,57.0,54.0,3.575,220.0,21.5,45.5,1.0,11.0,6.0,11.0,20.0,10.0,,,,,,,,,,,,,,,,,,,,,,,,,,,0,0,1
2026-01-26T02:30:00Z,2026-01-26T03:30:00Z,60,2025-12-17T14:07:59Z,1,948.3669444444445,2026-01-23T16:19:11Z,1,58.180277777777775,,0,,23.0,58.0,0.0,81.0,2,1,1,58.0,187.5,63.5,57.0,54.0,3.575,220.0,21.5,45.5,1.0,11.0,6.0,11.0,20.0,10.0,,,,,,,,,,,,,,,,,,,,,,,,,,,0,0,1
2026-01-26T03:00:00Z,2026-01-26T03:30:00Z,30,2025-12-17T14:07:59Z,1,948.8669444444445,2026-01-23T16:19:11Z,1,58.680277777777775,,0,,23.0,58.0,0.0,81.0,2,1,1,58.0,187.0,63.0,57.0,54.0,3.575,220.0,21.0,45.0,1.0,11.0,6.0,11.0,20.0,10.0,,,,,,,,,,,,,,,,,,,,,,,,,,,0,0,1
2026-01-26T03:00:00Z,2026-01-26T04:00:00Z,60,2025-12-17T14:07:59Z,1,948.8669444444445,2026-01-23T16:19:11Z,1,58.680277777777775,,0,,23.0,58.0,0.0,81.0,2,1,1,58.0,187.0,63.0,57.0,54.0,3.575,220.0,21.0,45.0,1.0,11.0,6.0,11.0,20.0,10.0,,,,,,,,,,,,,,,,,,,,,,,,,,,0,0,1
2026-01-26T03:30:00Z,2026-01-26T04:00:00Z,30,2025-12-17T14:07:59Z,1,949.3669444444445,2026-01-23T16:19:11Z,1,59.180277777777775,,0,,23.0,58.0,0.0,81.0,2,1,1,58.0,186.5,62.5,57.0,54.0,3.575,220.0,20.5,44.5,1.0,11.0,6.0,11.0,20.0,10.0,,,,,,,,,,,,,,,,,,,,,,,,,,,0,0,1
2026-01-26T03:30:00Z,2026-01-26T04:30:00Z,60,2025-12-17T14:07:59Z,1,949.3669444444445,2026-01-23T16:19:11Z,1,59.180277777777775,,0,,23.0,58.0,0.0,81.0,2,1,1,58.0,186.5,62.5,57.0,54.0,3.575,220.0,20.5,44.5,1.0,11.0,6.0,11.0,20.0,10.0,,,,,,,,,,,,,,,,,,,,,,,,,,,0,0,1
2026-01-26T04:00:00Z,2026-01-26T04:30:00Z,30,2025-12-17T14:07:59Z,1,949.8669444444445,2026-01-23T16:19:11Z,1,59.680277777777775,,0,,23.0,58.0,0.0,81.0,2,1,1,58.0,186.0,62.0,57.0,54.0,3.575,220.0,20.0,44.0,1.0,11.0,6.0,11.0,20.0,10.0,,,,,,,,,,,,,,,,,,,,,,,,,,,0,0,1
2026-01-26T04:00:00Z,2026-01-26T05:00:00Z,60,2025-12-17T14:07:59Z,1,949.8669444444445,2026-01-23T16:19:11Z,1,59.680277777777775,,0,,23.0,58.0,0.0,81.0,2,1,1,58.0,186.0,62.0,57.0,54.0,3.575,220.0,20.0,44.0,1.0,11.0,6.0,11.0,20.0,10.0,,,,,,,,,,,,,,,,,,,,,,,,,,,0,0,1
2026-01-26T04:30:00Z,2026-01-26T05:00:00Z,30,2025-12-17T14:07:59Z,1,950.3669444444445,2026-01-23T16:19:11Z,1,60.180277777777775,,0,,23.0,58.0,0.0,81.0,2,1,1,58.0,185.5,61.5,57.0,54.0,3.575,220.0,19.5,43.5,1.0,11.0,6.0,11.0,20.0,10.0,,,,,,,,,,,,,,,,,,,,,,,,,,,0,0,1
2026-01-26T04:30:00Z,2026-01-26T05:30:00Z,60,2025-12-17T14:07:59Z,1,950.3669444444445,2026-01-23T16:19:11Z,1,60.180277777777775,,0,,23.0,58.0,0.0,81.0,2,1,1,58.0,185.5,61.5,57.0,54.0,3.575,220.0,19.5,43.5,1.0,11.0,6.0,11.0,20.0,10.0,,,,,,,,,,,,,,,,,,,,,,,,,,,0,0,1
2026-01-26T05:00:00Z,2026-01-26T05:30:00Z,30,2025-12-17T14:07:59Z,1,950.8669444444445,2026-01-23T16:19:11Z,1,60.680277777777775,,0,,23.0,58.0,0.0,81.0,2,1,1,58.0,185.0,61.0,57.0,54.0,3.575,220.0,19.0,43.0,1.0,11.0,6.0,11.0,20.0,10.0,,,,,,,,,,,,,,,,,,,,,,,,,,,0,0,1
2026-01-26T05:00:00Z,2026-01-26T06:00:00Z,60,2025-12-17T14:07:59Z,1,950.8669444444445,2026-01-23T16:19:11Z,1,60.680277777777775,,0,,23.0,58.0,0.0,81.0,2,1,1,58.0,185.0,61.0,57.0,54.0,3.575,220.0,19.0,43.0,1.0,11.0,6.0,11.0,20.0,10.0,,,,,,,,,,,,,,,,,,,,,,,,,,,0,0,1
2026-01-26T05:30:00Z,2026-01-26T06:00:00Z,30,2025-12-17T14:07:59Z,1,951.3669444444445,2026-01-23T16:19:11Z,1,61.180277777777775,,0,,23.0,58.0,0.0,81.0,2,1,1,58.0,184.5,60.5,57.0,54.0,3.575,220.0,18.5,42.5,1.0,11.0,6.0,11.0,20.0,10.0,,,,,,,,,,,,,,,,,,,,,,,,,,,0,0,1
2026-01-26T05:30:00Z,2026-01-26T06:30:00Z,60,2025-12-17T14:07:59Z,1,951.3669444444445,2026-01-23T16:19:11Z,1,61.180277777777775,,0,,23.0,58.0,0.0,81.0,2,1,1,58.0,184.5,60.5,57.0,54.0,3.575,220.0,18.5,42.5,1.0,11.0,6.0,11.0,20.0,10.0,,,,,,,,,,,,,,,,,,,,,,,,,,,0,0,1
2026-01-26T06:00:00Z,2026-01-26T06:30:00Z,30,2025-12-17T14:07:59Z,1,951.8669444444445,2026-01-23T16:19:11Z,1,61.680277777777775,,0,,23.0,58.0,0.0,81.0,2,1,1,58.0,184.0,60.0,57.0,54.0,3.575,220.0,18.0,42.0,1.0,11.0,6.0,11.0,20.0,10.0,,,,,,,,,,,,,,,,,,,,,,,,,,,0,0,1
2026-01-26T06:00:00Z,2026-01-26T07:00:00Z,60,2025-12-17T14:07:59Z,1,951.8669444444445,2026-01-23T16:19:11Z,1,61.680277777777775,,0,,23.0,58.0,0.0,81.0,2,1,1,58.0,184.0,60.0,57.0,54.0,3.575,220.0,18.0,42.0,1.0,11.0,6.0,11.0,20.0,10.0,,,,,,,,,,,,,,,,,,,,,,,,,,,0,0,1
2026-01-26T06:30:00Z,2026-01-26T07:00:00Z,30,2025-12-17T14:07:59Z,1,952.3669444444445,2026-01-23T16:19:11Z,1,62.180277777777775,,0,,23.0,58.0,0.0,81.0,2,1,1,58.0,183.5,59.5,57.0,54.0,3.575,220.0,17.5,41.5,1.0,11.0,6.0,11.0,20.0,10.0,,,,,,,,,,,,,,,,,,,,,,,,,,,0,0,1
2026-01-26T06:30:00Z,2026-01-26T07:30:00Z,60,2025-12-17T14:07:59Z,1,952.3669444444445,2026-01-23T16:19:11Z,1,62.180277777777775,,0,,23.0,58.0,0.0,81.0,2,1,1,58.0,183.5,59.5,57.0,54.0,3.575,220.0,17.5,41.5,1.0,11.0,6.0,11.0,20.0,10.0,,,,,,,,,,,,,,,,,,,,,,,,,,,0,0,1
2026-01-26T07:00:00Z,2026-01-26T07:30:00Z,30,2025-12-17T14:07:59Z,1,952.8669444444445,2026-01-23T16:19:11Z,1,62.680277777777775,,0,,23.0,58.0,0.0,81.0,2,1,1,58.0,183.0,59.0,57.0,54.0,3.575,220.0,17.0,41.0,1.0,11.0,6.0,11.0,20.0,10.0,,,,,,,,,,,,,,,,,,,,,,,,,,,0,0,1
2026-01-26T07:00:00Z,2026-01-26T08:00:00Z,60,2025-12-17T14:07:59Z,1,952.8669444444445,2026-01-23T16:19:11Z,1,62.680277777777775,,0,,23.0,58.0,0.0,81.0,2,1,1,58.0,183.0,59.0,57.0,54.0,3.575,220.0,17.0,41.0,1.0,11.0,6.0,11.0,20.0,10.0,,,,,,,,,,,,,,,,,,,,,,,,,,,0,0,1
2026-01-26T07:30:00Z,2026-01-26T08:00:00Z,30,2025-12-17T14:07:59Z,1,953.3669444444445,2026-01-23T16:19:11Z,1,63.180277777777775,,0,,23.0,58.0,0.0,81.0,2,1,1,58.0,182.5,58.5,57.0,54.0,3.575,220.0,16.5,40.5,1.0,11.0,6.0,11.0,20.0,10.0,,,,,,,,,,,,,,,,,,,,,,,,,,,0,0,1
2026-01-26T07:30:00Z,2026-01-26T08:30:00Z,60,2025-12-17T14:07:59Z,1,953.3669444444445,2026-01-23T16:19:11Z,1,63.180277777777775,,0,,23.0,58.0,0.0,81.0,2,1,1,58.0,182.5,58.5,57.0,54.0,3.575,220.0,16.5,40.5,1.0,11.0,6.0,11.0,20.0,10.0,,,,,,,,,,,,,,,,,,,,,,,,,,,0,0,1
2026-01-26T08:00:00Z,2026-01-26T08:30:00Z,30,2025-12-17T14:07:59Z,1,953.8669444444445,2026-01-23T16:19:11Z,1,63.680277777777775,,0,,23.0,58.0,0.0,81.0,2,1,1,58.0,182.0,58.0,57.0,54.0,3.575,220.0,16.0,40.0,1.0,11.0,6.0,11.0,20.0,10.0,,,,,,,,,,,,,,,,,,,,,,,,,,,0,0,1
2026-01-26T08:00:00Z,2026-01-26T09:00:00Z,60,2025-12-17T14:07:59Z,1,953.8669444444445,2026-01-23T16:19:11Z,1,63.680277777777775,,0,,23.0,58.0,0.0,81.0,2,1,1,58.0,182.0,58.0,57.0,54.0,3.575,220.0,16.0,40.0,1.0,11.0,6.0,11.0,20.0,10.0,,,,,,,,,,,,,,,,,,,,,,,,,,,0,0,1
2026-01-26T08:30:00Z,2026-01-26T09:00:00Z,30,2025-12-17T14:07:59Z,1,954.3669444444445,2026-01-23T16:19:11Z,1,64.18027777777777,,0,,23.0,58.0,0.0,81.0,2,1,1,58.0,181.5,57.5,57.0,54.0,3.575,220.0,15.5,39.5,1.0,11.0,6.0,11.0,20.0,10.0,,,,,,,,,,,,,,,,,,,,,,,,,,,0,0,1
2026-01-26T08:30:00Z,2026-01-26T09:30:00Z,60,2025-12-17T14:07:59Z,1,954.3669444444445,2026-01-23T16:19:11Z,1,64.18027777777777,,0,,23.0,58.0,0.0,81.0,2,1,1,58.0,181.5,57.5,57.0,54.0,3.575,220.0,15.5,39.5,1.0,11.0,6.0,11.0,20.0,10.0,,,,,,,,,,,,,,,,,,,,,,,,,,,0,0,1
2026-01-26T09:00:00Z,2026-01-26T09:30:00Z,30,2025-12-17T14:07:59Z,1,954.8669444444445,2026-01-23T16:19:11Z,1,64.68027777777777,,0,,23.0,58.0,0.0,81.0,2,1,1,58.0,181.0,57.0,57.0,54.0,3.575,220.0,15.0,39.0,1.0,11.0,6.0,11.0,20.0,10.0,,,,,,,,,,,,,,,,,,,,,,,,,,,0,0,1
2026-01-26T09:00:00Z,2026-01-26T10:00:00Z,60,2025-12-17T14:07:59Z,1,954.8669444444445,2026-01-23T16:19:11Z,1,64.68027777777777,,0,,23.0,58.0,0.0,81.0,2,1,1,58.0,181.0,57.0,57.0,54.0,3.575,220.0,15.0,39.0,1.0,11.0,6.0,11.0,20.0,10.0,,,,,,,,,,,,,,,,,,,,,,,,,,,0,0,1
2026-01-26T09:30:00Z,2026-01-26T10:00:00Z,30,2025-12-17T14:07:59Z,1,955.3669444444445,2026-01-23T16:19:11Z,1,65.18027777777777,,0,,23.0,58.0,0.0,81.0,2,1,1,58.0,180.5,56.5,57.0,54.0,3.575,220.0,14.5,38.5,1.0,11.0,6.0,11.0,20.0,10.0,,,,,,,,,,,,,,,,,,,,,,,,,,,0,0,1
2026-01-26T09:30:00Z,2026-01-26T10:30:00Z,60,2025-12-17T14:07:59Z,1,955.3669444444445,2026-01-23T16:19:11Z,1,65.18027777777777,,0,,23.0,58.0,0.0,81.0,2,1,1,58.0,180.5,56.5,57.0,54.0,3.575,220.0,14.5,38.5,1.0,11.0,6.0,11.0,20.0,10.0,,,,,,,,,,,,,,,,,,,,,,,,,,,0,0,1
2026-01-26T10:00:00Z,2026-01-26T10:30:00Z,30,2025-12-17T14:07:59Z,1,955.8669444444445,2026-01-23T16:19:11Z,1,65.68027777777777,,0,,23.0,58.0,0.0,81.0,2,1,1,58.0,180.0,56.0,57.0,54.0,3.575,220.0,14.0,38.0,1.0,11.0,6.0,11.0,20.0,10.0,,,,,,,,,,,,,,,,,,,,,,,,,,,0,0,1
2026-01-26T10:00:00Z,2026-01-26T11:00:00Z,60,2025-12-17T14:07:59Z,1,955.8669444444445,2026-01-23T16:19:11Z,1,65.68027777777777,,0,,23.0,58.0,0.0,81.0,2,1,1,58.0,180.0,56.0,57.0,54.0,3.575,220.0,14.0,38.0,1.0,11.0,6.0,11.0,20.0,10.0,,,,,,,,,,,,,,,,,,,,,,,,,,,0,0,1
2026-01-26T10:30:00Z,2026-01-26T11:00:00Z,30,2025-12-17T14:07:59Z,1,956.3669444444445,2026-01-23T16:19:11Z,1,66.18027777777777,,0,,23.0,58.0,0.0,81.0,2,1,1,58.0,179.5,55.5,57.0,54.0,3.575,220.0,13.5,37.5,1.0,11.0,6.0,11.0,20.0,10.0,,,,,,,,,,,,,,,,,,,,,,,,,,,0,0,1
2026-01-26T10:30:00Z,2026-01-26T11:30:00Z,60,2025-12-17T14:07:59Z,1,956.3669444444445,2026-01-23T16:19:11Z,1,66.18027777777777,,0,,23.0,58.0,0.0,81.0,2,1,1,58.0,179.5,55.5,57.0,54.0,3.575,220.0,13.5,37.5,1.0,11.0,6.0,11.0,20.0,10.0,,,,,,,,,,,,,,,,,,,,,,,,,,,0,0,1
2026-01-26T11:00:00Z,2026-01-26T11:30:00Z,30,2025-12-17T14:07:59Z,1,956.8669444444445,2026-01-23T16:19:11Z,1,66.68027777777777,,0,,23.0,58.0,0.0,81.0,2,1,1,58.0,179.0,55.0,57.0,54.0,3.575,220.0,13.0,37.0,1.0,11.0,6.0,11.0,20.0,10.0,,,,,,,,,,,,,,,,,,,,,,,,,,,0,0,1
2026-01-26T11:00:00Z,2026-01-26T12:00:00Z,60,2025-12-17T14:07:59Z,1,956.8669444444445,2026-01-23T16:19:11Z,1,66.68027777777777,,0,,23.0,58.0,0.0,81.0,2,1,1,58.0,179.0,55.0,57.0,54.0,3.575,220.0,13.0,37.0,1.0,11.0,6.0,11.0,20.0,10.0,,,,,,,,,,,,,,,,,,,,,,,,,,,0,0,1
2026-01-26T11:30:00Z,2026-01-26T12:00:00Z,30,2025-12-17T14:07:59Z,1,957.3669444444445,2026-01-23T16:19:11Z,1,67.18027777777777,,0,,23.0,58.0,0.0,81.0,2,1,1,58.0,178.5,54.5,57.0,54.0,3.575,220.0,12.5,36.5,1.0,11.0,6.0,11.0,20.0,10.0,,,,,,,,,,,,,,,,,,,,,,,,,,,0,0,1
2026-01-26T11:30:00Z,2026-01-26T12:30:00Z,60,2025-12-17T14:07:59Z,1,957.3669444444445,2026-01-23T16:19:11Z,1,67.18027777777777,,0,,23.0,58.0,0.0,81.0,2,1,1,58.0,178.5,54.5,57.0,54.0,3.575,220.0,12.5,36.5,1.0,11.0,6.0,11.0,20.0,10.0,,,,,,,,,,,,,,,,,,,,,,,,,,,0,0,1
2026-01-26T12:00:00Z,2026-01-26T12:30:00Z,30,2025-12-17T14:07:59Z,1,957.8669444444445,2026-01-23T16:19:11Z,1,67.68027777777777,,0,,23.0,58.0,0.0,81.0,2,1,1,58.0,178.0,54.0,57.0,54.0,3.575,220.0,12.0,36.0,1.0,11.0,6.0,11.0,20.0,10.0,,,,,,,,,,,,,,,,,,,,,,,,,,,0,0,1
2026-01-26T12:00:00Z,2026-01-26T13:00:00Z,60,2025-12-17T14:07:59Z,1,957.8669444444445,2026-01-23T16:19:11Z,1,67.68027777777777,,0,,23.0,58.0,0.0,81.0,2,1,1,58.0,178.0,54.0,57.0,54.0,3.575,220.0,12.0,36.0,1.0,11.0,6.0,11.0,20.0,10.0,,,,,,,,,,,,,,,,,,,,,,,,,,,0,0,1
2026-01-26T12:30:00Z,2026-01-26T13:00:00Z,30,2025-12-17T14:07:59Z,1,958.3669444444445,2026-01-23T16:19:11Z,1,68.18027777777777,,0,,23.0,58.0,0.0,81.0,2,1,1,58.0,177.5,53.5,57.0,54.0,3.575,220.0,11.5,35.5,1.0,11.0,6.0,11.0,20.0,10.0,,,,,,,,,,,,,,,,,,,,,,,,,,,0,0,1
2026-01-26T12:30:00Z,2026-01-26T13:30:00Z,60,2025-12-17T14:07:59Z,1,958.3669444444445,2026-01-23T16:19:11Z,1,68.18027777777777,,0,,23.0,58.0,0.0,81.0,2,1,1,58.0,177.5,53.5,57.0,54.0,3.575,220.0,11.5,35.5,1.0,11.0,6.0,11.0,20.0,10.0,,,,,,,,,,,,,,,,,,,,,,,,,,,0,0,1
2026-01-26T13:00:00Z,2026-01-26T13:30:00Z,30,2025-12-17T14:07:59Z,1,958.8669444444445,2026-01-23T16:19:11Z,1,68.68027777777777,,0,,23.0,58.0,0.0,81.0,2,1,1,58.0,177.0,53.0,57.0,54.0,3.575,220.0,11.0,35.0,1.0,11.0,6.0,11.0,20.0,10.0,,,,,,,,,,,,,,,,,,,,,,,,,,,0,0,1
2026-01-26T13:00:00Z,2026-01-26T14:00:00Z,60,2025-12-17T14:07:59Z,1,958.8669444444445,2026-01-23T16:19:11Z,1,68.68027777777777,,0,,23.0,58.0,0.0,81.0,2,1,1,58.0,177.0,53.0,57.0,54.0,3.575,220.0,11.0,35.0,1.0,11.0,6.0,11.0,20.0,10.0,,,,,,,,,,,,,,,,,,,,,,,,,,,0,0,1
2026-01-26T13:30:00Z,2026-01-26T14:00:00Z,30,2025-12-17T14:07:59Z,1,959.3669444444445,2026-01-23T16:19:11Z,1,69.18027777777777,,0,,23.0,58.0,0.0,81.0,2,1,1,58.0,176.5,52.5,57.0,54.0,3.575,220.0,10.5,34.5,1.0,11.0,6.0,11.0,20.0,10.0,,,,,,,,,,,,,,,,,,,,,,,,,,,0,0,1
2026-01-26T13:30:00Z,2026-01-26T14:30:00Z,60,2025-12-17T14:07:59Z,1,959.3669444444445,2026-01-23T16:19:11Z,1,69.18027777777777,,0,,23.0,58.0,0.0,81.0,2,1,1,58.0,176.5,52.5,57.0,54.0,3.575,220.0,10.5,34.5,1.0,11.0,6.0,11.0,20.0,10.0,,,,,,,,,,,,,,,,,,,,,,,,,,,0,0,1
2026-01-26T14:00:00Z,2026-01-26T14:30:00Z,30,2025-12-17T14:07:59Z,1,959.8669444444445,2026-01-23T16:19:11Z,1,69.68027777777777,,0,,23.0,58.0,0.0,81.0,2,1,1,58.0,176.0,52.0,57.0,54.0,3.575,220.0,10.0,34.0,1.0,11.0,6.0,11.0,20.0,10.0,,,,,,,,,,,,,,,,,,,,,,,,,,,0,0,1
2026-01-26T14:00:00Z,2026-01-26T15:00:00Z,60,2025-12-17T14:07:59Z,1,959.8669444444445,2026-01-23T16:19:11Z,1,69.68027777777777,,0,,23.0,58.0,0.0,81.0,2,1,1,58.0,176.0,52.0,57.0,54.0,3.575,220.0,10.0,34.0,1.0,11.0,6.0,11.0,20.0,10.0,,,,,,,,,,,,,,,,,,,,,,,,,,,0,0,1
2026-01-26T14:30:00Z,2026-01-26T15:00:00Z,30,2025-12-17T14:07:59Z,1,960.3669444444445,2026-01-23T16:19:11Z,1,70.18027777777777,,0,,23.0,58.0,0.0,81.0,2,1,1,58.0,175.5,51.5,57.0,54.0,3.575,220.0,9.5,33.5,1.0,11.0,6.0,11.0,20.0,10.0,,,,,,,,,,,,,,,,,,,,,,,,,,,0,0,1
2026-01-26T14:30:00Z,2026-01-26T15:30:00Z,60,2025-12-17T14:07:59Z,1,960.3669444444445,2026-01-23T16:19:11Z,1,70.18027777777777,,0,,23.0,58.0,0.0,81.0,2,1,1,58.0,175.5,51.5,57.0,54.0,3.575,220.0,9.5,33.5,1.0,11.0,6.0,11.0,20.0,10.0,,,,,,,,,,,,,,,,,,,,,,,,,,,0,0,1
2026-01-26T16:00:00Z,2026-01-26T16:30:00Z,30,2025-12-17T14:07:59Z,1,961.8669444444445,2026-01-23T16:19:11Z,1,71.68027777777777,,0,,23.0,58.0,0.0,81.0,2,1,1,58.0,174.0,50.0,57.0,54.0,3.575,220.0,8.0,32.0,1.0,11.0,6.0,11.0,20.0,10.0,,,,,,,,,,,,,,,,,,,,,,,,,,,0,0,1
2026-01-26T16:00:00Z,2026-01-26T17:00:00Z,60,2025-12-17T14:07:59Z,1,961.8669444444445,2026-01-23T16:19:11Z,1,71.68027777777777,,0,,23.0,58.0,0.0,81.0,2,1,1,58.0,174.0,50.0,57.0,54.0,3.575,220.0,8.0,32.0,1.0,11.0,6.0,11.0,20.0,10.0,,,,,,,,,,,,,,,,,,,,,,,,,,,0,0,1
2026-01-26T16:30:00Z,2026-01-26T17:00:00Z,30,2025-12-17T14:07:59Z,1,962.3669444444445,2026-01-23T16:19:11Z,1,72.18027777777777,,0,,23.0,58.0,0.0,81.0,2,1,1,58.0,173.5,49.5,57.0,54.0,3.575,220.0,7.5,31.5,1.0,11.0,6.0,11.0,20.0,10.0,,,,,,,,,,,,,,,,,,,,,,,,,,,0,0,1
2026-01-26T16:30:00Z,2026-01-26T17:30:00Z,60,2025-12-17T14:07:59Z,1,962.3669444444445,2026-01-23T16:19:11Z,1,72.18027777777777,,0,,23.0,58.0,0.0,81.0,2,1,1,58.0,173.5,49.5,57.0,54.0,3.575,220.0,7.5,31.5,1.0,11.0,6.0,11.0,20.0,10.0,,,,,,,,,,,,,,,,,,,,,,,,,,,0,0,1
2026-01-26T17:00:00Z,2026-01-26T17:30:00Z,30,2025-12-17T14:07:59Z,1,962.8669444444445,2026-01-23T16:19:11Z,1,72.68027777777777,,0,,23.0,58.0,0.0,81.0,2,1,1,58.0,173.0,49.0,57.0,54.0,3.575,220.0,7.0,31.0,1.0,11.0,6.0,11.0,20.0,10.0,,,,,,,,,,,,,,,,,,,,,,,,,,,0,0,1
2026-01-26T17:00:00Z,2026-01-26T18:00:00Z,60,2025-12-17T14:07:59Z,1,962.8669444444445,2026-01-23T16:19:11Z,1,72.68027777777777,,0,,23.0,58.0,0.0,81.0,2,1,1,58.0,173.0,49.0,57.0,54.0,3.575,220.0,7.0,31.0,1.0,11.0,6.0,11.0,20.0,10.0,,,,,,,,,,,,,,,,,,,,,,,,,,,0,0,1
2026-01-26T17:30:00Z,2026-01-26T18:00:00Z,30,2025-12-17T14:07:59Z,1,963.3669444444445,2026-01-23T16:19:11Z,1,73.18027777777777,,0,,23.0,58.0,0.0,81.0,2,1,1,58.0,172.5,48.5,57.0,54.0,3.575,220.0,6.5,30.5,1.0,11.0,6.0,11.0,20.0,10.0,,,,,,,,,,,,,,,,,,,,,,,,,,,0,0,1
2026-01-26T17:30:00Z,2026-01-26T18:30:00Z,60,2025-12-17T14:07:59Z,1,963.3669444444445,2026-01-23T16:19:11Z,1,73.18027777777777,,0,,23.0,58.0,0.0,81.0,2,1,1,58.0,172.5,48.5,57.0,54.0,3.575,220.0,6.5,30.5,1.0,11.0,6.0,11.0,20.0,10.0,,,,,,,,,,,,,,,,,,,,,,,,,,,0,0,1
2026-01-26T18:00:00Z,2026-01-26T18:30:00Z,30,2025-12-17T14:07:59Z,1,963.8669444444445,2026-01-23T16:19:11Z,1,73.68027777777777,,0,,23.0,58.0,0.0,81.0,2,1,1,58.0,172.0,48.0,57.0,54.0,3.575,220.0,6.0,30.0,1.0,11.0,6.0,11.0,20.0,10.0,,,,,,,,,,,,,,,,,,,,,,,,,,,0,0,1
2026-01-26T18:00:00Z,2026-01-26T19:00:00Z,60,2025-12-17T14:07:59Z,1,963.8669444444445,2026-01-23T16:19:11Z,1,73.68027777777777,,0,,23.0,58.0,0.0,81.0,2,1,1,58.0,172.0,48.0,57.0,54.0,3.575,220.0,6.0,30.0,1.0,11.0,6.0,11.0,20.0,10.0,,,,,,,,,,,,,,,,,,,,,,,,,,,0,0,1
2026-01-26T18:30:00Z,2026-01-26T19:00:00Z,30,2025-12-17T14:07:59Z,1,964.3669444444445,2026-01-23T16:19:11Z,1,74.18027777777777,,0,,23.0,58.0,0.0,81.0,2,1,1,58.0,171.5,47.5,57.0,54.0,3.575,220.0,5.5,29.5,1.0,11.0,6.0,11.0,20.0,10.0,,,,,,,,,,,,,,,,,,,,,,,,,,,0,0,1
2026-01-26T18:30:00Z,2026-01-26T19:30:00Z,60,2025-12-17T14:07:59Z,1,964.3669444444445,2026-01-23T16:19:11Z,1,74.18027777777777,,0,,23.0,58.0,0.0,81.0,2,1,1,58.0,171.5,47.5,57.0,54.0,3.575,220.0,5.5,29.5,1.0,11.0,6.0,11.0,20.0,10.0,,,,,,,,,,,,,,,,,,,,,,,,,,,0,0,1
2026-01-26T19:00:00Z,2026-01-26T19:30:00Z,30,2025-12-17T14:07:59Z,1,964.8669444444445,2026-01-23T16:19:11Z,1,74.68027777777777,,0,,23.0,58.0,0.0,81.0,2,1,1,58.0,171.0,47.0,57.0,54.0,3.575,220.0,5.0,29.0,1.0,11.0,6.0,11.0,20.0,10.0,,,,,,,,,,,,,,,,,,,,,,,,,,,0,0,1
2026-01-26T19:00:00Z,2026-01-26T20:00:00Z,60,2025-12-17T14:07:59Z,1,964.8669444444445,2026-01-23T16:19:11Z,1,74.68027777777777,,0,,23.0,58.0,0.0,81.0,2,1,1,58.0,171.0,47.0,57.0,54.0,3.575,220.0,5.0,29.0,1.0,11.0,6.0,11.0,20.0,10.0,,,,,,,,,,,,,,,,,,,,,,,,,,,0,0,1
2026-01-26T19:30:00Z,2026-01-26T20:00:00Z,30,2025-12-17T14:07:59Z,1,965.3669444444445,2026-01-23T16:19:11Z,1,75.18027777777777,,0,,23.0,58.0,0.0,81.0,2,1,1,58.0,170.5,46.5,57.0,54.0,3.575,220.0,4.5,28.5,1.0,11.0,6.0,11.0,20.0,10.0,,,,,,,,,,,,,,,,,,,,,,,,,,,0,0,1
2026-01-26T19:30:00Z,2026-01-26T20:30:00Z,60,2025-12-17T14:07:59Z,1,965.3669444444445,2026-01-23T16:19:11Z,1,75.18027777777777,,0,,23.0,58.0,0.0,81.0,2,1,1,58.0,170.5,46.5,57.0,54.0,3.575,220.0,4.5,28.5,1.0,11.0,6.0,11.0,20.0,10.0,,,,,,,,,,,,,,,,,,,,,,,,,,,0,0,1
2026-01-26T20:00:00Z,2026-01-26T20:30:00Z,30,2025-12-17T14:07:59Z,1,965.8669444444445,2026-01-23T16:19:11Z,1,75.68027777777777,,0,,23.0,58.0,0.0,81.0,2,1,1,58.0,170.0,46.0,57.0,54.0,3.575,220.0,4.0,28.0,1.0,11.0,6.0,11.0,20.0,10.0,,,,,,,,,,,,,,,,,,,,,,,,,,,0,0,1
2026-01-26T20:00:00Z,2026-01-26T21:00:00Z,60,2025-12-17T14:07:59Z,1,965.8669444444445,2026-01-23T16:19:11Z,1,75.68027777777777,,0,,23.0,58.0,0.0,81.0,2,1,1,58.0,170.0,46.0,57.0,54.0,3.575,220.0,4.0,28.0,1.0,11.0,6.0,11.0,20.0,10.0,,,,,,,,,,,,,,,,,,,,,,,,,,,0,0,1
2026-01-26T20:30:00Z,2026-01-26T21:00:00Z,30,2025-12-17T14:07:59Z,1,966.3669444444445,2026-01-23T16:19:11Z,1,76.18027777777777,,0,,23.0,58.0,0.0,81.0,2,1,1,58.0,169.5,45.5,57.0,54.0,3.575,220.0,3.5,27.5,1.0,11.0,6.0,11.0,20.0,10.0,,,,,,,,,,,,,,,,,,,,,,,,,,,0,0,1
2026-01-26T20:30:00Z,2026-01-26T21:30:00Z,60,2025-12-17T14:07:59Z,1,966.3669444444445,2026-01-23T16:19:11Z,1,76.18027777777777,,0,,23.0,58.0,0.0,81.0,2,1,1,58.0,169.5,45.5,57.0,54.0,3.575,220.0,3.5,27.5,1.0,11.0,6.0,11.0,20.0,10.0,,,,,,,,,,,,,,,,,,,,,,,,,,,0,0,1
2026-01-26T21:00:00Z,2026-01-26T21:30:00Z,30,2025-12-17T14:07:59Z,1,966.8669444444445,2026-01-23T16:19:11Z,1,76.68027777777777,,0,,23.0,58.0,0.0,81.0,2,1,1,58.0,169.0,45.0,57.0,54.0,3.575,220.0,3.0,27.0,1.0,11.0,6.0,11.0,20.0,10.0,,,,,,,,,,,,,,,,,,,,,,,,,,,0,0,1
2026-01-26T21:00:00Z,2026-01-26T22:00:00Z,60,2025-12-17T14:07:59Z,1,966.8669444444445,2026-01-23T16:19:11Z,1,76.68027777777777,,0,,23.0,58.0,0.0,81.0,2,1,1,58.0,169.0,45.0,57.0,54.0,3.575,220.0,3.0,27.0,1.0,11.0,6.0,11.0,20.0,10.0,,,,,,,,,,,,,,,,,,,,,,,,,,,0,0,1
2026-01-26T21:30:00Z,2026-01-26T22:00:00Z,30,2025-12-17T14:07:59Z,1,967.3669444444445,2026-01-23T16:19:11Z,1,77.18027777777777,,0,,23.0,58.0,0.0,81.0,2,1,1,58.0,168.5,44.5,57.0,54.0,3.575,220.0,2.5,26.5,1.0,11.0,6.0,11.0,20.0,10.0,,,,,,,,,,,,,,,,,,,,,,,,,,,0,0,1
2026-01-26T21:30:00Z,2026-01-26T22:30:00Z,60,2025-12-17T14:07:59Z,1,967.3669444444445,2026-01-23T16:19:11Z,1,77.18027777777777,,0,,23.0,58.0,0.0,81.0,2,1,1,58.0,168.5,44.5,57.0,54.0,3.575,220.0,2.5,26.5,1.0,11.0,6.0,11.0,20.0,10.0,,,,,,,,,,,,,,,,,,,,,,,,,,,0,0,1
2026-01-26T22:00:00Z,2026-01-26T22:30:00Z,30,2025-12-17T14:07:59Z,1,967.8669444444445,2026-01-23T16:19:11Z,1,77.68027777777777,,0,,23.0,58.0,0.0,81.0,2,1,1,58.0,168.0,44.0,57.0,54.0,3.575,220.0,2.0,26.0,1.0,11.0,6.0,11.0,20.0,10.0,,,,,,,,,,,,,,,,,,,,,,,,,,,0,0,1
2026-01-26T22:00:00Z,2026-01-26T23:00:00Z,60,2025-12-17T14:07:59Z,1,967.8669444444445,2026-01-23T16:19:11Z,1,77.68027777777777,,0,,23.0,58.0,0.0,81.0,2,1,1,58.0,168.0,44.0,57.0,54.0,3.575,220.0,2.0,26.0,1.0,11.0,6.0,11.0,20.0,10.0,,,,,,,,,,,,,,,,,,,,,,,,,,,0,0,1
2026-01-26T22:30:00Z,2026-01-26T23:00:00Z,30,2025-12-17T14:07:59Z,1,968.3669444444445,2026-01-23T16:19:11Z,1,78.18027777777777,,0,,23.0,58.0,0.0,81.0,2,1,1,58.0,167.5,43.5,57.0,54.0,3.575,220.0,1.5,25.5,1.0,11.0,6.0,11.0,20.0,10.0,,,,,,,,,,,,,,,,,,,,,,,,,,,0,0,1
2026-01-26T22:30:00Z,2026-01-26T23:30:00Z,60,2025-12-17T14:07:59Z,1,968.3669444444445,2026-01-23T16:19:11Z,1,78.18027777777777,,0,,23.0,58.0,0.0,81.0,2,1,1,58.0,167.5,43.5,57.0,54.0,3.575,220.0,1.5,25.5,1.0,11.0,6.0,11.0,20.0,10.0,,,,,,,,,,,,,,,,,,,,,,,,,,,0,0,1
2026-01-26T23:00:00Z,2026-01-26T23:30:00Z,30,2025-12-17T14:07:59Z,1,968.8669444444445,2026-01-23T16:19:11Z,1,78.68027777777777,,0,,23.0,58.0,0.0,81.0,2,1,1,58.0,167.0,43.0,57.0,54.0,3.575,220.0,1.0,25.0,1.0,11.0,6.0,11.0,20.0,10.0,,,,,,,,,,,,,,,,,,,,,,,,,,,0,0,1
2026-01-26T23:00:00Z,2026-01-27T00:00:00Z,60,2025-12-17T14:07:59Z,1,968.8669444444445,2026-01-23T16:19:11Z,1,78.68027777777777,,0,,23.0,58.0,0.0,81.0,2,1,1,58.0,167.0,43.0,62.0,59.0,3.5749999999999997,220.0,1.0,25.0,1.0,11.0,6.0,16.0,20.0,10.0,,,,,,,,,,,,,,,,,,,,,,,,,,,0,0,1
2026-01-26T23:30:00Z,2026-01-27T00:00:00Z,30,2025-12-17T14:07:59Z,1,969.3669444444445,2026-01-23T16:19:11Z,1,79.18027777777777,,0,,23.0,58.0,0.0,81.0,2,1,1,58.0,166.5,42.5,62.0,59.0,3.5749999999999997,220.0,0.5,24.5,1.0,11.0,6.0,16.0,20.0,10.0,,,,,,,,,,,,,,,,,,,,,,,,,,,0,0,1
2026-01-26T23:30:00Z,2026-01-27T00:30:00Z,60,2025-12-17T14:07:59Z,1,969.3669444444445,2026-01-23T16:19:11Z,1,79.18027777777777,,0,,23.0,58.0,0.0,81.0,2,1,1,58.0,166.5,42.5,62.0,59.0,3.5749999999999997,220.0,0.5,24.5,1.0,11.0,6.0,16.0,20.0,10.0,,,,,,,,,,,,,,,,,,,,,,,,,,,0,0,1
2026-01-27T00:00:00Z,2026-01-27T00:30:00Z,30,2025-12-17T14:07:59Z,1,969.8669444444445,2026-01-23T16:19:11Z,1,79.68027777777777,,0,,23.0,58.0,0.0,81.0,2,1,1,58.0,166.0,42.0,62.0,59.0,3.5749999999999997,220.0,24.0,24.0,1.0,11.0,6.0,16.0,20.0,10.0,,,,,,,,,,,,,,,,,,,,,,,,,,,0,0,1
2026-01-27T00:00:00Z,2026-01-27T01:00:00Z,60,2025-12-17T14:07:59Z,1,969.8669444444445,2026-01-23T16:19:11Z,1,79.68027777777777,,0,,23.0,58.0,0.0,81.0,2,1,1,58.0,166.0,42.0,62.0,59.0,3.5749999999999997,220.0,24.0,24.0,1.0,11.0,6.0,16.0,20.0,10.0,,,,,,,,,,,,,,,,,,,,,,,,,,,0,0,1
2026-01-27T00:30:00Z,2026-01-27T01:00:00Z,30,2025-12-17T14:07:59Z,1,970.3669444444445,2026-01-23T16:19:11Z,1,80.18027777777777,,0,,23.0,58.0,0.0,81.0,2,1,1,58.0,165.5,41.5,62.0,59.0,3.5749999999999997,220.0,23.5,23.5,1.0,11.0,6.0,16.0,20.0,10.0,,,,,,,,,,,,,,,,,,,,,,,,,,,0,0,1
2026-01-27T00:30:00Z,2026-01-27T01:30:00Z,60,2025-12-17T14:07:59Z,1,970.3669444444445,2026-01-23T16:19:11Z,1,80.18027777777777,,0,,23.0,58.0,0.0,81.0,2,1,1,58.0,165.5,41.5,62.0,59.0,3.5749999999999997,220.0,23.5,23.5,1.0,11.0,6.0,16.0,20.0,10.0,,,,,,,,,,,,,,,,,,,,,,,,,,,0,0,1
2026-01-27T01:00:00Z,2026-01-27T01:30:00Z,30,2025-12-17T14:07:59Z,1,970.8669444444445,2026-01-23T16:19:11Z,1,80.68027777777777,,0,,23.0,58.0,0.0,81.0,2,1,1,58.0,165.0,41.0,62.0,59.0,3.5749999999999997,220.0,23.0,23.0,1.0,11.0,6.0,16.0,20.0,10.0,,,,,,,,,,,,,,,,,,,,,,,,,,,0,0,1
2026-01-27T01:00:00Z,2026-01-27T02:00:00Z,60,2025-12-17T14:07:59Z,1,970.8669444444445,2026-01-23T16:19:11Z,1,80.68027777777777,,0,,23.0,58.0,0.0,81.0,2,1,1,58.0,165.0,41.0,62.0,59.0,3.5749999999999997,220.0,23.0,23.0,1.0,11.0,6.0,16.0,20.0,10.0,,,,,,,,,,,,,,,,,,,,,,,,,,,0,0,1
2026-01-27T01:30:00Z,2026-01-27T02:00:00Z,30,2025-12-17T14:07:59Z,1,971.3669444444445,2026-01-23T16:19:11Z,1,81.18027777777777,,0,,23.0,58.0,0.0,81.0,2,1,1,58.0,164.5,40.5,62.0,59.0,3.5749999999999997,220.0,22.5,22.5,1.0,11.0,6.0,16.0,20.0,10.0,,,,,,,,,,,,,,,,,,,,,,,,,,,0,0,1
2026-01-27T01:30:00Z,2026-01-27T02:30:00Z,60,2025-12-17T14:07:59Z,1,971.3669444444445,2026-01-23T16:19:11Z,1,81.18027777777777,,0,,23.0,58.0,0.0,81.0,2,1,1,58.0,164.5,40.5,62.0,59.0,3.5749999999999997,220.0,22.5,22.5,1.0,11.0,6.0,16.0,20.0,10.0,,,,,,,,,,,,,,,,,,,,,,,,,,,0,0,1
2026-01-27T02:00:00Z,2026-01-27T02:30:00Z,30,2025-12-17T14:07:59Z,1,971.8669444444445,2026-01-23T16:19:11Z,1,81.68027777777777,,0,,23.0,58.0,0.0,81.0,2,1,1,58.0,164.0,40.0,62.0,59.0,3.5749999999999997,220.0,22.0,22.0,1.0,11.0,6.0,16.0,20.0,10.0,,,,,,,,,,,,,,,,,,,,,,,,,,,0,0,1
2026-01-27T02:00:00Z,2026-01-27T03:00:00Z,60,2025-12-17T14:07:59Z,1,971.8669444444445,2026-01-23T16:19:11Z,1,81.68027777777777,,0,,23.0,58.0,0.0,81.0,2,1,1,58.0,164.0,40.0,62.0,59.0,3.5749999999999997,220.0,22.0,22.0,1.0,11.0,6.0,16.0,20.0,10.0,,,,,,,,,,,,,,,,,,,,,,,,,,,0,0,1
2026-01-27T02:30:00Z,2026-01-27T03:00:00Z,30,2025-12-17T14:07:59Z,1,972.3669444444445,2026-01-23T16:19:11Z,1,82.18027777777777,,0,,23.0,58.0,0.0,81.0,2,1,1,58.0,163.5,39.5,62.0,59.0,3.5749999999999997,220.0,21.5,21.5,1.0,11.0,6.0,16.0,20.0,10.0,,,,,,,,,,,,,,,,,,,,,,,,,,,0,0,1
2026-01-27T02:30:00Z,2026-01-27T03:30:00Z,60,2025-12-17T14:07:59Z,1,972.3669444444445,2026-01-23T16:19:11Z,1,82.18027777777777,,0,,23.0,58.0,0.0,81.0,2,1,1,58.0,163.5,39.5,62.0,59.0,3.5749999999999997,220.0,21.5,21.5,1.0,11.0,6.0,16.0,20.0,10.0,,,,,,,,,,,,,,,,,,,,,,,,,,,0,0,1
2026-01-27T03:00:00Z,2026-01-27T03:30:00Z,30,2025-12-17T14:07:59Z,1,972.8669444444445,2026-01-23T16:19:11Z,1,82.68027777777777,,0,,23.0,58.0,0.0,81.0,2,1,1,58.0,163.0,39.0,62.0,59.0,3.5749999999999997,220.0,21.0,21.0,1.0,11.0,6.0,16.0,20.0,10.0,,,,,,,,,,,,,,,,,,,,,,,,,,,0,0,1
2026-01-27T03:00:00Z,2026-01-27T04:00:00Z,60,2025-12-17T14:07:59Z,1,972.8669444444445,2026-01-23T16:19:11Z,1,82.68027777777777,,0,,23.0,58.0,0.0,81.0,2,1,1,58.0,163.0,39.0,62.0,59.0,3.5749999999999997,220.0,21.0,21.0,1.0,11.0,6.0,16.0,20.0,10.0,,,,,,,,,,,,,,,,,,,,,,,,,,,0,0,1
2026-01-27T03:30:00Z,2026-01-27T04:00:00Z,30,2025-12-17T14:07:59Z,1,973.3669444444445,2026-01-23T16:19:11Z,1,83.18027777777777,,0,,23.0,58.0,0.0,81.0,2,1,1,58.0,162.5,38.5,62.0,59.0,3.5749999999999997,220.0,20.5,20.5,1.0,11.0,6.0,16.0,20.0,10.0,,,,,,,,,,,,,,,,,,,,,,,,,,,0,0,1
2026-01-27T03:30:00Z,2026-01-27T04:30:00Z,60,2025-12-17T14:07:59Z,1,973.3669444444445,2026-01-23T16:19:11Z,1,83.18027777777777,,0,,23.0,58.0,0.0,81.0,2,1,1,58.0,162.5,38.5,62.0,59.0,3.5749999999999997,220.0,20.5,20.5,1.0,11.0,6.0,16.0,20.0,10.0,,,,,,,,,,,,,,,,,,,,,,,,,,,0,0,1
2026-01-27T04:00:00Z,2026-01-27T04:30:00Z,30,2025-12-17T14:07:59Z,1,973.8669444444445,2026-01-23T16:19:11Z,1,83.68027777777777,,0,,23.0,58.0,0.0,81.0,2,1,1,58.0,162.0,38.0,62.0,59.0,3.5749999999999997,220.0,20.0,20.0,1.0,11.0,6.0,16.0,20.0,10.0,,,,,,,,,,,,,,,,,,,,,,,,,,,0,0,1
2026-01-27T04:00:00Z,2026-01-27T05:00:00Z,60,2025-12-17T14:07:59Z,1,973.8669444444445,2026-01-23T16:19:11Z,1,83.68027777777777,,0,,23.0,58.0,0.0,81.0,2,1,1,58.0,162.0,38.0,62.0,59.0,3.5749999999999997,220.0,20.0,20.0,1.0,11.0,6.0,16.0,20.0,10.0,,,,,,,,,,,,,,,,,,,,,,,,,,,0,0,1
2026-01-27T04:30:00Z,2026-01-27T05:00:00Z,30,2025-12-17T14:07:59Z,1,974.3669444444445,2026-01-23T16:19:11Z,1,84.18027777777777,,0,,23.0,58.0,0.0,81.0,2,1,1,58.0,161.5,37.5,62.0,59.0,3.5749999999999997,220.0,19.5,19.5,1.0,11.0,6.0,16.0,20.0,10.0,,,,,,,,,,,,,,,,,,,,,,,,,,,0,0,1
2026-01-27T04:30:00Z,2026-01-27T05:30:00Z,60,2025-12-17T14:07:59Z,1,974.3669444444445,2026-01-23T16:19:11Z,1,84.18027777777777,,0,,23.0,58.0,0.0,81.0,2,1,1,58.0,161.5,37.5,62.0,59.0,3.5749999999999997,220.0,19.5,19.5,1.0,11.0,6.0,16.0,20.0,10.0,,,,,,,,,,,,,,,,,,,,,,,,,,,0,0,1
2026-01-27T05:00:00Z,2026-01-27T05:30:00Z,30,2025-12-17T14:07:59Z,1,974.8669444444445,2026-01-23T16:19:11Z,1,84.68027777777777,,0,,23.0,58.0,0.0,81.0,2,1,1,58.0,161.0,37.0,62.0,59.0,3.5749999999999997,220.0,19.0,19.0,1.0,11.0,6.0,16.0,20.0,10.0,,,,,,,,,,,,,,,,,,,,,,,,,,,0,0,1
2026-01-27T05:00:00Z,2026-01-27T06:00:00Z,60,2025-12-17T14:07:59Z,1,974.8669444444445,2026-01-23T16:19:11Z,1,84.68027777777777,,0,,23.0,58.0,0.0,81.0,2,1,1,58.0,161.0,37.0,62.0,59.0,3.5749999999999997,220.0,19.0,19.0,1.0,11.0,6.0,16.0,20.0,10.0,,,,,,,,,,,,,,,,,,,,,,,,,,,0,0,1
2026-01-27T05:30:00Z,2026-01-27T06:00:00Z,30,2025-12-17T14:07:59Z,1,975.3669444444445,2026-01-23T16:19:11Z,1,85.18027777777777,,0,,23.0,58.0,0.0,81.0,2,1,1,58.0,160.5,36.5,62.0,59.0,3.5749999999999997,220.0,18.5,18.5,1.0,11.0,6.0,16.0,20.0,10.0,,,,,,,,,,,,,,,,,,,,,,,,,,,0,0,1
2026-01-27T05:30:00Z,2026-01-27T06:30:00Z,60,2025-12-17T14:07:59Z,1,975.3669444444445,2026-01-23T16:19:11Z,1,85.18027777777777,,0,,23.0,58.0,0.0,81.0,2,1,1,58.0,160.5,36.5,62.0,59.0,3.5749999999999997,220.0,18.5,18.5,1.0,11.0,6.0,16.0,20.0,10.0,,,,,,,,,,,,,,,,,,,,,,,,,,,0,0,1
2026-01-27T06:00:00Z,2026-01-27T06:30:00Z,30,2025-12-17T14:07:59Z,1,975.8669444444445,2026-01-23T16:19:11Z,1,85.68027777777777,,0,,23.0,58.0,0.0,81.0,2,1,1,58.0,160.0,36.0,62.0,59.0,3.5749999999999997,220.0,18.0,18.0,1.0,11.0,6.0,16.0,20.0,10.0,,,,,,,,,,,,,,,,,,,,,,,,,,,0,0,1
2026-01-27T06:00:00Z,2026-01-27T07:00:00Z,60,2025-12-17T14:07:59Z,1,975.8669444444445,2026-01-23T16:19:11Z,1,85.68027777777777,,0,,23.0,58.0,0.0,81.0,2,1,1,58.0,160.0,36.0,62.0,59.0,3.5749999999999997,220.0,18.0,18.0,1.0,11.0,6.0,16.0,20.0,10.0,,,,,,,,,,,,,,,,,,,,,,,,,,,0,0,1
2026-01-27T06:30:00Z,2026-01-27T07:00:00Z,30,2025-12-17T14:07:59Z,1,976.3669444444445,2026-01-23T16:19:11Z,1,86.18027777777777,,0,,23.0,58.0,0.0,81.0,2,1,1,58.0,159.5,35.5,62.0,59.0,3.5749999999999997,220.0,17.5,17.5,1.0,11.0,6.0,16.0,20.0,10.0,,,,,,,,,,,,,,,,,,,,,,,,,,,0,0,1
2026-01-27T06:30:00Z,2026-01-27T07:30:00Z,60,2025-12-17T14:07:59Z,1,976.3669444444445,2026-01-23T16:19:11Z,1,86.18027777777777,,0,,23.0,58.0,0.0,81.0,2,1,1,58.0,159.5,35.5,62.0,59.0,3.5749999999999997,220.0,17.5,17.5,1.0,11.0,6.0,16.0,20.0,10.0,,,,,,,,,,,,,,,,,,,,,,,,,,,0,0,1
2026-01-27T07:00:00Z,2026-01-27T07:30:00Z,30,2025-12-17T14:07:59Z,1,976.8669444444445,2026-01-23T16:19:11Z,1,86.68027777777777,,0,,23.0,58.0,0.0,81.0,2,1,1,58.0,159.0,35.0,62.0,59.0,3.5749999999999997,220.0,17.0,17.0,1.0,11.0,6.0,16.0,20.0,10.0,,,,,,,,,,,,,,,,,,,,,,,,,,,0,0,1
2026-01-27T07:00:00Z,2026-01-27T08:00:00Z,60,2025-12-17T14:07:59Z,1,976.8669444444445,2026-01-23T16:19:11Z,1,86.68027777777777,,0,,23.0,58.0,0.0,81.0,2,1,1,58.0,159.0,35.0,62.0,59.0,3.5749999999999997,220.0,17.0,17.0,1.0,11.0,6.0,16.0,20.0,10.0,,,,,,,,,,,,,,,,,,,,,,,,,,,0,0,1
2026-01-27T07:30:00Z,2026-01-27T08:00:00Z,30,2025-12-17T14:07:59Z,1,977.3669444444445,2026-01-23T16:19:11Z,1,87.18027777777777,,0,,23.0,58.0,0.0,81.0,2,1,1,58.0,158.5,34.5,62.0,59.0,3.5749999999999997,220.0,16.5,16.5,1.0,11.0,6.0,16.0,20.0,10.0,,,,,,,,,,,,,,,,,,,,,,,,,,,0,0,1
2026-01-27T07:30:00Z,2026-01-27T08:30:00Z,60,2025-12-17T14:07:59Z,1,977.3669444444445,2026-01-23T16:19:11Z,1,87.18027777777777,,0,,23.0,58.0,0.0,81.0,2,1,1,58.0,158.5,34.5,62.0,59.0,3.5749999999999997,220.0,16.5,16.5,1.0,11.0,6.0,16.0,20.0,10.0,,,,,,,,,,,,,,,,,,,,,,,,,,,0,0,1
2026-01-27T08:00:00Z,2026-01-27T08:30:00Z,30,2025-12-17T14:07:59Z,1,977.8669444444445,2026-01-23T16:19:11Z,1,87.68027777777777,,0,,23.0,58.0,0.0,81.0,2,1,1,58.0,158.0,34.0,62.0,59.0,3.5749999999999997,220.0,16.0,16.0,1.0,11.0,6.0,16.0,20.0,10.0,,,,,,,,,,,,,,,,,,,,,,,,,,,0,0,1
2026-01-27T08:00:00Z,2026-01-27T09:00:00Z,60,2025-12-17T14:07:59Z,1,977.8669444444445,2026-01-23T16:19:11Z,1,87.68027777777777,,0,,23.0,58.0,0.0,81.0,2,1,1,58.0,158.0,34.0,62.0,59.0,3.5749999999999997,220.0,16.0,16.0,1.0,11.0,6.0,16.0,20.0,10.0,,,,,,,,,,,,,,,,,,,,,,,,,,,0,0,1
2026-01-27T08:30:00Z,2026-01-27T09:00:00Z,30,2025-12-17T14:07:59Z,1,978.3669444444445,2026-01-23T16:19:11Z,1,88.18027777777777,,0,,23.0,58.0,0.0,81.0,2,1,1,58.0,157.5,33.5,62.0,59.0,3.5749999999999997,220.0,15.5,15.5,1.0,11.0,6.0,16.0,20.0,10.0,,,,,,,,,,,,,,,,,,,,,,,,,,,0,0,1
2026-01-27T08:30:00Z,2026-01-27T09:30:00Z,60,2025-12-17T14:07:59Z,1,978.3669444444445,2026-01-23T16:19:11Z,1,88.18027777777777,,0,,23.0,58.0,0.0,81.0,2,1,1,58.0,157.5,33.5,62.0,59.0,3.5749999999999997,220.0,15.5,15.5,1.0,11.0,6.0,16.0,20.0,10.0,,,,,,,,,,,,,,,,,,,,,,,,,,,0,0,1
2026-01-27T09:00:00Z,2026-01-27T09:30:00Z,30,2025-12-17T14:07:59Z,1,978.8669444444445,2026-01-23T16:19:11Z,1,88.68027777777777,,0,,23.0,58.0,0.0,81.0,2,1,1,58.0,157.0,33.0,62.0,59.0,3.5749999999999997,220.0,15.0,15.0,1.0,11.0,6.0,16.0,20.0,10.0,,,,,,,,,,,,,,,,,,,,,,,,,,,0,0,1
2026-01-27T09:00:00Z,2026-01-27T10:00:00Z,60,2025-12-17T14:07:59Z,1,978.8669444444445,2026-01-23T16:19:11Z,1,88.68027777777777,,0,,23.0,58.0,0.0,81.0,2,1,1,58.0,157.0,33.0,62.0,59.0,3.5749999999999997,220.0,15.0,15.0,1.0,11.0,6.0,16.0,20.0,10.0,,,,,,,,,,,,,,,,,,,,,,,,,,,0,0,1
2026-01-27T09:30:00Z,2026-01-27T10:00:00Z,30,2025-12-17T14:07:59Z,1,979.3669444444445,2026-01-23T16:19:11Z,1,89.18027777777777,,0,,23.0,58.0,0.0,81.0,2,1,1,58.0,156.5,32.5,62.0,59.0,3.5749999999999997,220.0,14.5,14.5,1.0,11.0,6.0,16.0,20.0,10.0,,,,,,,,,,,,,,,,,,,,,,,,,,,0,0,1
2026-01-27T09:30:00Z,2026-01-27T10:30:00Z,60,2025-12-17T14:07:59Z,1,979.3669444444445,2026-01-23T16:19:11Z,1,89.18027777777777,,0,,23.0,58.0,0.0,81.0,2,1,1,58.0,156.5,32.5,62.0,59.0,3.5749999999999997,220.0,14.5,14.5,1.0,11.0,6.0,16.0,20.0,10.0,,,,,,,,,,,,,,,,,,,,,,,,,,,0,0,1
2026-01-27T10:00:00Z,2026-01-27T10:30:00Z,30,2025-12-17T14:07:59Z,1,979.8669444444445,2026-01-23T16:19:11Z,1,89.68027777777777,,0,,23.0,58.0,0.0,81.0,2,1,1,58.0,156.0,32.0,62.0,59.0,3.5749999999999997,220.0,14.0,14.0,1.0,11.0,6.0,16.0,20.0,10.0,,,,,,,,,,,,,,,,,,,,,,,,,,,0,0,1
2026-01-27T10:00:00Z,2026-01-27T11:00:00Z,60,2025-12-17T14:07:59Z,1,979.8669444444445,2026-01-23T16:19:11Z,1,89.68027777777777,,0,,23.0,58.0,0.0,81.0,2,1,1,58.0,156.0,32.0,62.0,59.0,3.5749999999999997,220.0,14.0,14.0,1.0,11.0,6.0,16.0,20.0,10.0,,,,,,,,,,,,,,,,,,,,,,,,,,,0,0,1
2026-01-27T10:30:00Z,2026-01-27T11:00:00Z,30,2025-12-17T14:07:59Z,1,980.3669444444445,2026-01-23T16:19:11Z,1,90.18027777777777,,0,,23.0,58.0,0.0,81.0,2,1,1,58.0,155.5,31.5,62.0,59.0,3.5749999999999997,220.0,13.5,13.5,1.0,11.0,6.0,16.0,20.0,10.0,,,,,,,,,,,,,,,,,,,,,,,,,,,0,0,1
2026-01-27T10:30:00Z,2026-01-27T11:30:00Z,60,2025-12-17T14:07:59Z,1,980.3669444444445,2026-01-23T16:19:11Z,1,90.18027777777777,,0,,23.0,58.0,0.0,81.0,2,1,1,58.0,155.5,31.5,62.0,59.0,3.5749999999999997,220.0,13.5,13.5,1.0,11.0,6.0,16.0,20.0,10.0,,,,,,,,,,,,,,,,,,,,,,,,,,,0,0,1
2026-01-27T11:00:00Z,2026-01-27T11:30:00Z,30,2025-12-17T14:07:59Z,1,980.8669444444445,2026-01-23T16:19:11Z,1,90.68027777777777,,0,,23.0,58.0,0.0,81.0,2,1,1,58.0,155.0,31.0,62.0,59.0,3.5749999999999997,220.0,13.0,13.0,1.0,11.0,6.0,16.0,20.0,10.0,,,,,,,,,,,,,,,,,,,,,,,,,,,0,0,1
2026-01-27T11:00:00Z,2026-01-27T12:00:00Z,60,2025-12-17T14:07:59Z,1,980.8669444444445,2026-01-23T16:19:11Z,1,90.68027777777777,,0,,23.0,58.0,0.0,81.0,2,1,1,58.0,155.0,31.0,62.0,59.0,3.5749999999999997,220.0,13.0,13.0,1.0,11.0,6.0,16.0,20.0,10.0,,,,,,,,,,,,,,,,,,,,,,,,,,,0,0,1
2026-01-27T11:30:00Z,2026-01-27T12:00:00Z,30,2025-12-17T14:07:59Z,1,981.3669444444445,2026-01-23T16:19:11Z,1,91.18027777777777,,0,,23.0,58.0,0.0,81.0,2,1,1,58.0,154.5,30.5,62.0,59.0,3.5749999999999997,220.0,12.5,12.5,1.0,11.0,6.0,16.0,20.0,10.0,,,,,,,,,,,,,,,,,,,,,,,,,,,0,0,1
2026-01-27T11:30:00Z,2026-01-27T12:30:00Z,60,2025-12-17T14:07:59Z,1,981.3669444444445,2026-01-23T16:19:11Z,1,91.18027777777777,,0,,23.0,58.0,0.0,81.0,2,1,1,58.0,154.5,30.5,62.0,59.0,3.5749999999999997,220.0,12.5,12.5,1.0,11.0,6.0,16.0,20.0,10.0,,,,,,,,,,,,,,,,,,,,,,,,,,,0,0,1
2026-01-27T12:00:00Z,2026-01-27T12:30:00Z,30,2025-12-17T14:07:59Z,1,981.8669444444445,2026-01-23T16:19:11Z,1,91.68027777777777,,0,,23.0,58.0,0.0,81.0,2,1,1,58.0,154.0,30.0,62.0,59.0,3.5749999999999997,220.0,12.0,12.0,1.0,11.0,6.0,16.0,20.0,10.0,,,,,,,,,,,,,,,,,,,,,,,,,,,0,0,1
2026-01-27T12:00:00Z,2026-01-27T13:00:00Z,60,2025-12-17T14:07:59Z,1,981.8669444444445,2026-01-23T16:19:11Z,1,91.68027777777777,,0,,23.0,58.0,0.0,81.0,2,1,1,58.0,154.0,30.0,62.0,59.0,3.5749999999999997,220.0,12.0,12.0,1.0,11.0,6.0,16.0,20.0,10.0,,,,,,,,,,,,,,,,,,,,,,,,,,,0,0,1
2026-01-27T12:30:00Z,2026-01-27T13:00:00Z,30,2025-12-17T14:07:59Z,1,982.3669444444445,2026-01-23T16:19:11Z,1,92.18027777777777,,0,,23.0,58.0,0.0,81.0,2,1,1,58.0,153.5,29.5,62.0,59.0,3.5749999999999997,220.0,11.5,11.5,1.0,11.0,6.0,16.0,20.0,10.0,,,,,,,,,,,,,,,,,,,,,,,,,,,0,0,1
2026-01-27T12:30:00Z,2026-01-27T13:30:00Z,60,2025-12-17T14:07:59Z,1,982.3669444444445,2026-01-23T16:19:11Z,1,92.18027777777777,,0,,23.0,58.0,0.0,81.0,2,1,1,58.0,153.5,29.5,62.0,59.0,3.5749999999999997,220.0,11.5,11.5,1.0,11.0,6.0,16.0,20.0,10.0,,,,,,,,,,,,,,,,,,,,,,,,,,,0,0,1
2026-01-27T13:00:00Z,2026-01-27T13:30:00Z,30,2025-12-17T14:07:59Z,1,982.8669444444445,2026-01-23T16:19:11Z,1,92.68027777777777,,0,,23.0,58.0,0.0,81.0,2,1,1,58.0,153.0,29.0,62.0,59.0,3.5749999999999997,220.0,11.0,11.0,1.0,11.0,6.0,16.0,20.0,10.0,,,,,,,,,,,,,,,,,,,,,,,,,,,0,0,1
2026-01-27T13:00:00Z,2026-01-27T14:00:00Z,60,2025-12-17T14:07:59Z,1,982.8669444444445,2026-01-23T16:19:11Z,1,92.68027777777777,,0,,23.0,58.0,0.0,81.0,2,1,1,58.0,153.0,29.0,62.0,59.0,3.5749999999999997,220.0,11.0,11.0,1.0,11.0,6.0,16.0,20.0,10.0,,,,,,,,,,,,,,,,,,,,,,,,,,,0,0,1
2026-01-27T13:30:00Z,2026-01-27T14:00:00Z,30,2025-12-17T14:07:59Z,1,983.3669444444445,2026-01-23T16:19:11Z,1,93.18027777777777,,0,,23.0,58.0,0.0,81.0,2,1,1,58.0,152.5,28.5,62.0,59.0,3.5749999999999997,220.0,10.5,10.5,1.0,11.0,6.0,16.0,20.0,10.0,,,,,,,,,,,,,,,,,,,,,,,,,,,0,0,1
2026-01-27T13:30:00Z,2026-01-27T14:30:00Z,60,2025-12-17T14:07:59Z,1,983.3669444444445,2026-01-23T16:19:11Z,1,93.18027777777777,,0,,23.0,58.0,0.0,81.0,2,1,1,58.0,152.5,28.5,62.0,59.0,3.5749999999999997,220.0,10.5,10.5,1.0,11.0,6.0,16.0,20.0,10.0,,,,,,,,,,,,,,,,,,,,,,,,,,,0,0,1
2026-01-27T14:00:00Z,2026-01-27T14:30:00Z,30,2025-12-17T14:07:59Z,1,983.8669444444445,2026-01-23T16:19:11Z,1,93.68027777777777,,0,,23.0,58.0,0.0,81.0,2,1,1,58.0,152.0,28.0,62.0,59.0,3.5749999999999997,220.0,10.0,10.0,1.0,11.0,6.0,16.0,20.0,10.0,,,,,,,,,,,,,,,,,,,,,,,,,,,0,0,1
2026-01-27T14:00:00Z,2026-01-27T15:00:00Z,60,2025-12-17T14:07:59Z,1,983.8669444444445,2026-01-23T16:19:11Z,1,93.68027777777777,,0,,23.0,58.0,0.0,81.0,2,1,1,58.0,152.0,28.0,62.0,59.0,3.5749999999999997,220.0,10.0,10.0,1.0,11.0,6.0,16.0,20.0,10.0,,,,,,,,,,,,,,,,,,,,,,,,,,,0,0,1
2026-01-27T14:30:00Z,2026-01-27T15:00:00Z,30,2025-12-17T14:07:59Z,1,984.3669444444445,2026-01-23T16:19:11Z,1,94.18027777777777,,0,,23.0,58.0,0.0,81.0,2,1,1,58.0,151.5,27.5,62.0,59.0,3.5749999999999997,220.0,9.5,9.5,1.0,11.0,6.0,16.0,20.0,10.0,,,,,,,,,,,,,,,,,,,,,,,,,,,0,0,1
2026-01-27T14:30:00Z,2026-01-27T15:30:00Z,60,2025-12-17T14:07:59Z,1,984.3669444444445,2026-01-23T16:19:11Z,1,94.18027777777777,,0,,23.0,58.0,0.0,81.0,2,1,1,58.0,151.5,27.5,62.0,59.0,3.5749999999999997,220.0,9.5,9.5,1.0,11.0,6.0,16.0,20.0,10.0,,,,,,,,,,,,,,,,,,,,,,,,,,,0,0,1
2026-01-27T15:00:00Z,2026-01-27T15:30:00Z,30,2025-12-17T14:07:59Z,1,984.8669444444445,2026-01-23T16:19:11Z,1,94.68027777777777,,0,,23.0,58.0,0.0,81.0,2,1,1,58.0,151.0,27.0,62.0,59.0,3.5749999999999997,220.0,9.0,9.0,1.0,11.0,6.0,16.0,20.0,10.0,,,,,,,,,,,,,,,,,,,,,,,,,,,0,0,1
2026-01-27T15:00:00Z,2026-01-27T16:00:00Z,60,2025-12-17T14:07:59Z,1,984.8669444444445,2026-01-23T16:19:11Z,1,94.68027777777777,,0,,23.0,58.0,0.0,81.0,2,1,1,58.0,151.0,27.0,62.0,59.0,3.5749999999999997,220.0,9.0,9.0,1.0,11.0,6.0,16.0,20.0,10.0,,,,,,,,,,,,,,,,,,,,,,,,,,,0,0,1
2026-01-27T15:30:00Z,2026-01-27T16:00:00Z,30,2025-12-17T14:07:59Z,1,985.3669444444445,2026-01-23T16:19:11Z,1,95.18027777777777,,0,,23.0,58.0,0.0,81.0,2,1,1,58.0,150.5,26.5,62.0,59.0,3.5749999999999997,220.0,8.5,8.5,1.0,11.0,6.0,16.0,20.0,10.0,,,,,,,,,,,,,,,,,,,,,,,,,,,0,0,1
2026-01-27T15:30:00Z,2026-01-27T16:30:00Z,60,2025-12-17T14:07:59Z,1,985.3669444444445,2026-01-23T16:19:11Z,1,95.18027777777777,,0,,23.0,58.0,0.0,81.0,2,1,1,58.0,150.5,26.5,62.0,59.0,3.5749999999999997,220.0,8.5,8.5,1.0,11.0,6.0,16.0,20.0,10.0,,,,,,,,,,,,,,,,,,,,,,,,,,,0,0,1
2026-01-27T16:00:00Z,2026-01-27T16:30:00Z,30,2025-12-17T14:07:59Z,1,985.8669444444445,2026-01-23T16:19:11Z,1,95.68027777777777,,0,,23.0,58.0,0.0,81.0,2,1,1,58.0,150.0,26.0,62.0,59.0,3.5749999999999997,220.0,8.0,8.0,1.0,11.0,6.0,16.0,20.0,10.0,,,,,,,,,,,,,,,,,,,,,,,,,,,0,0,1
2026-01-27T16:00:00Z,2026-01-27T17:00:00Z,60,2025-12-17T14:07:59Z,1,985.8669444444445,2026-01-23T16:19:11Z,1,95.68027777777777,,0,,23.0,58.0,0.0,81.0,2,1,1,58.0,150.0,26.0,62.0,59.0,3.5749999999999997,220.0,8.0,8.0,1.0,11.0,6.0,16.0,20.0,10.0,,,,,,,,,,,,,,,,,,,,,,,,,,,0,0,1
2026-01-27T16:30:00Z,2026-01-27T17:00:00Z,30,2025-12-17T14:07:59Z,1,986.3669444444445,2026-01-23T16:19:11Z,1,96.18027777777777,,0,,23.0,58.0,0.0,81.0,2,1,1,58.0,149.5,25.5,62.0,59.0,3.5749999999999997,220.0,7.5,7.5,1.0,11.0,6.0,16.0,20.0,10.0,,,,,,,,,,,,,,,,,,,,,,,,,,,0,0,1
2026-01-27T16:30:00Z,2026-01-27T17:30:00Z,60,2025-12-17T14:07:59Z,1,986.3669444444445,2026-01-23T16:19:11Z,1,96.18027777777777,,0,,23.0,58.0,0.0,81.0,2,1,1,58.0,149.5,25.5,62.0,59.0,3.5749999999999997,220.0,7.5,7.5,1.0,11.0,6.0,16.0,20.0,10.0,,,,,,,,,,,,,,,,,,,,,,,,,,,0,0,1
2026-01-27T17:00:00Z,2026-01-27T17:30:00Z,30,2025-12-17T14:07:59Z,1,986.8669444444445,2026-01-23T16:19:11Z,1,96.68027777777777,,0,,23.0,58.0,0.0,81.0,2,1,1,58.0,149.0,25.0,62.0,59.0,3.5749999999999997,220.0,7.0,7.0,1.0,11.0,6.0,16.0,20.0,10.0,,,,,,,,,,,,,,,,,,,,,,,,,,,0,0,1
2026-01-27T17:00:00Z,2026-01-27T18:00:00Z,60,2025-12-17T14:07:59Z,1,986.8669444444445,2026-01-23T16:19:11Z,1,96.68027777777777,,0,,23.0,58.0,0.0,81.0,2,1,1,58.0,149.0,25.0,62.0,59.0,3.5749999999999997,220.0,7.0,7.0,1.0,11.0,6.0,16.0,20.0,10.0,,,,,,,,,,,,,,,,,,,,,,,,,,,0,0,1
2026-01-27T17:30:00Z,2026-01-27T18:00:00Z,30,2025-12-17T14:07:59Z,1,987.3669444444445,2026-01-23T16:19:11Z,1,97.18027777777777,,0,,23.0,58.0,0.0,81.0,2,1,1,58.0,148.5,24.5,62.0,59.0,3.5749999999999997,220.0,6.5,6.5,1.0,11.0,6.0,16.0,20.0,10.0,,,,,,,,,,,,,,,,,,,,,,,,,,,0,0,1
2026-01-27T17:30:00Z,2026-01-27T18:30:00Z,60,2025-12-17T14:07:59Z,1,987.3669444444445,2026-01-23T16:19:11Z,1,97.18027777777777,,0,,23.0,58.0,0.0,81.0,2,1,1,58.0,148.5,24.5,62.0,59.0,3.5749999999999997,220.0,6.5,6.5,1.0,11.0,6.0,16.0,20.0,10.0,,,,,,,,,,,,,,,,,,,,,,,,,,,0,0,1
2026-01-27T18:00:00Z,2026-01-27T18:30:00Z,30,2025-12-17T14:07:59Z,1,987.8669444444445,2026-01-23T16:19:11Z,1,97.68027777777777,,0,,23.0,58.0,0.0,81.0,2,1,1,58.0,148.0,24.0,62.0,59.0,3.5749999999999997,220.0,6.0,6.0,1.0,11.0,6.0,16.0,20.0,10.0,,,,,,,,,,,,,,,,,,,,,,,,,,,0,0,1
2026-01-27T18:00:00Z,2026-01-27T19:00:00Z,60,2025-12-17T14:07:59Z,1,987.8669444444445,2026-01-23T16:19:11Z,1,97.68027777777777,,0,,23.0,58.0,0.0,81.0,2,1,1,58.0,148.0,24.0,62.0,59.0,3.5749999999999997,220.0,6.0,6.0,1.0,11.0,6.0,16.0,20.0,10.0,,,,,,,,,,,,,,,,,,,,,,,,,,,0,0,1
2026-01-27T18:30:00Z,2026-01-27T19:00:00Z,30,2025-12-17T14:07:59Z,1,988.3669444444445,2026-01-23T16:19:11Z,1,98.18027777777777,,0,,23.0,58.0,0.0,81.0,2,1,1,58.0,147.5,23.5,62.0,59.0,3.5749999999999997,220.0,5.5,5.5,1.0,11.0,6.0,16.0,20.0,10.0,,,,,,,,,,,,,,,,,,,,,,,,,,,0,0,1
2026-01-27T18:30:00Z,2026-01-27T19:30:00Z,60,2025-12-17T14:07:59Z,1,988.3669444444445,2026-01-23T16:19:11Z,1,98.18027777777777,,0,,23.0,58.0,0.0,81.0,2,1,1,58.0,147.5,23.5,62.0,59.0,3.5749999999999997,220.0,5.5,5.5,1.0,11.0,6.0,16.0,20.0,10.0,,,,,,,,,,,,,,,,,,,,,,,,,,,0,0,1
2026-01-27T19:00:00Z,2026-01-27T19:30:00Z,30,2025-12-17T14:07:59Z,1,988.8669444444445,2026-01-23T16:19:11Z,1,98.68027777777777,,0,,23.0,58.0,0.0,81.0,2,1,1,58.0,147.0,23.0,62.0,59.0,3.5749999999999997,220.0,5.0,5.0,1.0,11.0,6.0,16.0,20.0,10.0,,,,,,,,,,,,,,,,,,,,,,,,,,,0,0,1
2026-01-27T19:00:00Z,2026-01-27T20:00:00Z,60,2025-12-17T14:07:59Z,1,988.8669444444445,2026-01-23T16:19:11Z,1,98.68027777777777,,0,,23.0,58.0,0.0,81.0,2,1,1,58.0,147.0,23.0,62.0,59.0,3.5749999999999997,220.0,5.0,5.0,1.0,11.0,6.0,16.0,20.0,10.0,,,,,,,,,,,,,,,,,,,,,,,,,,,0,0,1
2026-01-27T19:30:00Z,2026-01-27T20:00:00Z,30,2025-12-17T14:07:59Z,1,989.3669444444445,2026-01-23T16:19:11Z,1,99.18027777777777,,0,,23.0,58.0,0.0,81.0,2,1,1,58.0,146.5,22.5,62.0,59.0,3.5749999999999997,220.0,4.5,4.5,1.0,11.0,6.0,16.0,20.0,10.0,,,,,,,,,,,,,,,,,,,,,,,,,,,0,0,1
2026-01-27T19:30:00Z,2026-01-27T20:30:00Z,60,2025-12-17T14:07:59Z,1,989.3669444444445,2026-01-23T16:19:11Z,1,99.18027777777777,,0,,23.0,58.0,0.0,81.0,2,1,1,58.0,146.5,22.5,62.0,59.0,3.5749999999999997,220.0,4.5,4.5,1.0,11.0,6.0,16.0,20.0,10.0,,,,,,,,,,,,,,,,,,,,,,,,,,,0,0,1
2026-01-27T20:00:00Z,2026-01-27T20:30:00Z,30,2025-12-17T14:07:59Z,1,989.8669444444445,2026-01-23T16:19:11Z,1,99.68027777777777,,0,,23.0,58.0,0.0,81.0,2,1,1,58.0,146.0,22.0,62.0,59.0,3.5749999999999997,220.0,4.0,4.0,1.0,11.0,6.0,16.0,20.0,10.0,,,,,,,,,,,,,,,,,,,,,,,,,,,0,0,1
2026-01-27T20:00:00Z,2026-01-27T21:00:00Z,60,2025-12-17T14:07:59Z,1,989.8669444444445,2026-01-23T16:19:11Z,1,99.68027777777777,,0,,23.0,58.0,0.0,81.0,2,1,1,58.0,146.0,22.0,62.0,59.0,3.5749999999999997,220.0,4.0,4.0,1.0,11.0,6.0,16.0,20.0,10.0,,,,,,,,,,,,,,,,,,,,,,,,,,,0,0,1
2026-01-27T20:30:00Z,2026-01-27T21:00:00Z,30,2025-12-17T14:07:59Z,1,990.3669444444445,2026-01-23T16:19:11Z,1,100.18027777777777,,0,,23.0,58.0,0.0,81.0,2,1,1,58.0,145.5,21.5,62.0,59.0,3.5749999999999997,220.0,3.5,3.5,1.0,11.0,6.0,16.0,20.0,10.0,,,,,,,,,,,,,,,,,,,,,,,,,,,0,0,1
2026-01-27T20:30:00Z,2026-01-27T21:30:00Z,60,2025-12-17T14:07:59Z,1,990.3669444444445,2026-01-23T16:19:11Z,1,100.18027777777777,,0,,23.0,58.0,0.0,81.0,2,1,1,58.0,145.5,21.5,62.0,59.0,3.5749999999999997,220.0,3.5,3.5,1.0,11.0,6.0,16.0,20.0,10.0,,,,,,,,,,,,,,,,,,,,,,,,,,,0,0,1
2026-01-27T21:00:00Z,2026-01-27T21:30:00Z,30,2025-12-17T14:07:59Z,1,990.8669444444445,2026-01-23T16:19:11Z,1,100.68027777777777,,0,,23.0,58.0,0.0,81.0,2,1,1,58.0,145.0,21.0,62.0,59.0,3.5749999999999997,220.0,3.0,3.0,1.0,11.0,6.0,16.0,20.0,10.0,,,,,,,,,,,,,,,,,,,,,,,,,,,0,0,1
2026-01-27T21:00:00Z,2026-01-27T22:00:00Z,60,2025-12-17T14:07:59Z,1,990.8669444444445,2026-01-23T16:19:11Z,1,100.68027777777777,,0,,23.0,58.0,0.0,81.0,2,1,1,58.0,145.0,21.0,62.0,59.0,3.5749999999999997,220.0,3.0,3.0,1.0,11.0,6.0,16.0,20.0,10.0,,,,,,,,,,,,,,,,,,,,,,,,,,,0,0,1
2026-01-27T21:30:00Z,2026-01-27T22:00:00Z,30,2025-12-17T14:07:59Z,1,991.3669444444445,2026-01-23T16:19:11Z,1,101.18027777777777,,0,,23.0,58.0,0.0,81.0,2,1,1,58.0,144.5,20.5,62.0,59.0,3.5749999999999997,220.0,2.5,2.5,1.0,11.0,6.0,16.0,20.0,10.0,,,,,,,,,,,,,,,,,,,,,,,,,,,0,0,1
2026-01-27T21:30:00Z,2026-01-27T22:30:00Z,60,2025-12-17T14:07:59Z,1,991.3669444444445,2026-01-23T16:19:11Z,1,101.18027777777777,,0,,23.0,58.0,0.0,81.0,2,1,1,58.0,144.5,20.5,62.0,59.0,3.5749999999999997,220.0,2.5,2.5,1.0,11.0,6.0,16.0,20.0,10.0,,,,,,,,,,,,,,,,,,,,,,,,,,,0,0,1
2026-01-27T22:00:00Z,2026-01-27T22:30:00Z,30,2025-12-17T14:07:59Z,1,991.8669444444445,2026-01-23T16:19:11Z,1,101.68027777777777,,0,,23.0,58.0,0.0,81.0,2,1,1,58.0,144.0,20.0,62.0,59.0,3.5749999999999997,220.0,2.0,2.0,1.0,11.0,6.0,16.0,20.0,10.0,,,,,,,,,,,,,,,,,,,,,,,,,,,0,0,1
2026-01-27T22:00:00Z,2026-01-27T23:00:00Z,60,2025-12-17T14:07:59Z,1,991.8669444444445,2026-01-23T16:19:11Z,1,101.68027777777777,,0,,23.0,58.0,0.0,81.0,2,1,1,58.0,144.0,20.0,62.0,59.0,3.5749999999999997,220.0,2.0,2.0,1.0,11.0,6.0,16.0,20.0,10.0,,,,,,,,,,,,,,,,,,,,,,,,,,,0,0,1
2026-01-27T22:30:00Z,2026-01-27T23:00:00Z,30,2025-12-17T14:07:59Z,1,992.3669444444445,2026-01-23T16:19:11Z,1,102.18027777777777,,0,,23.0,58.0,0.0,81.0,2,1,1,58.0,143.5,19.5,62.0,59.0,3.5749999999999997,220.0,1.5,1.5,1.0,11.0,6.0,16.0,20.0,10.0,,,,,,,,,,,,,,,,,,,,,,,,,,,0,0,1
2026-01-27T22:30:00Z,2026-01-27T23:30:00Z,60,2025-12-17T14:07:59Z,1,992.3669444444445,2026-01-23T16:19:11Z,1,102.18027777777777,,0,,23.0,58.0,0.0,81.0,2,1,1,58.0,143.5,19.5,62.0,59.0,3.5749999999999997,220.0,1.5,1.5,1.0,11.0,6.0,16.0,20.0,10.0,,,,,,,,,,,,,,,,,,,,,,,,,,,0,0,1
2026-01-27T23:00:00Z,2026-01-27T23:30:00Z,30,2025-12-17T14:07:59Z,1,992.8669444444445,2026-01-23T16:19:11Z,1,102.68027777777777,,0,,23.0,58.0,0.0,81.0,2,1,1,58.0,143.0,19.0,62.0,59.0,3.5749999999999997,220.0,1.0,1.0,1.0,11.0,6.0,16.0,20.0,10.0,,,,,,,,,,,,,,,,,,,,,,,,,,,0,0,1
2026-01-27T23:00:00Z,2026-01-28T00:00:00Z,60,2025-12-17T14:07:59Z,1,992.8669444444445,2026-01-23T16:19:11Z,1,102.68027777777777,,0,,23.0,58.0,0.0,81.0,2,1,1,58.0,143.0,19.0,59.0,56.0,3.575,220.0,1.0,25.0,1.0,11.0,6.0,16.0,17.0,10.0,,,,,,,,,,,,,,,,,,,,,,,,,,,0,0,1
2026-01-27T23:30:00Z,2026-01-28T00:00:00Z,30,2025-12-17T14:07:59Z,1,993.3669444444445,2026-01-23T16:19:11Z,1,103.18027777777777,,0,,23.0,58.0,0.0,81.0,2,1,1,58.0,142.5,18.5,59.0,56.0,3.575,220.0,0.5,24.5,1.0,11.0,6.0,16.0,17.0,10.0,,,,,,,,,,,,,,,,,,,,,,,,,,,0,0,1
2026-01-27T23:30:00Z,2026-01-28T00:30:00Z,60,2025-12-17T14:07:59Z,1,993.3669444444445,2026-01-23T16:19:11Z,1,103.18027777777777,,0,,23.0,58.0,0.0,81.0,2,1,1,58.0,142.5,18.5,59.0,56.0,3.575,220.0,0.5,24.5,1.0,11.0,6.0,16.0,17.0,10.0,,,,,,,,,,,,,,,,,,,,,,,,,,,0,0,1
2026-01-28T00:00:00Z,2026-01-28T00:30:00Z,30,2025-12-17T14:07:59Z,1,993.8669444444445,2026-01-23T16:19:11Z,1,103.68027777777777,,0,,23.0,58.0,0.0,81.0,2,1,1,58.0,142.0,18.0,59.0,56.0,3.575,220.0,72.0,24.0,1.0,11.0,6.0,16.0,17.0,10.0,,,,,,,,,,,,,,,,,,,,,,,,,,,0,0,1
2026-01-28T00:00:00Z,2026-01-28T01:00:00Z,60,2025-12-17T14:07:59Z,1,993.8669444444445,2026-01-23T16:19:11Z,1,103.68027777777777,,0,,23.0,58.0,0.0,81.0,2,1,1,58.0,142.0,18.0,59.0,56.0,3.575,220.0,72.0,24.0,1.0,11.0,6.0,16.0,17.0,10.0,,,,,,,,,,,,,,,,,,,,,,,,,,,0,0,1
2026-01-28T00:30:00Z,2026-01-28T01:00:00Z,30,2025-12-17T14:07:59Z,1,994.3669444444445,2026-01-23T16:19:11Z,1,104.18027777777777,,0,,23.0,58.0,0.0,81.0,2,1,1,58.0,141.5,17.5,59.0,56.0,3.575,220.0,71.5,23.5,1.0,11.0,6.0,16.0,17.0,10.0,,,,,,,,,,,,,,,,,,,,,,,,,,,0,0,1
2026-01-28T00:30:00Z,2026-01-28T01:30:00Z,60,2025-12-17T14:07:59Z,1,994.3669444444445,2026-01-23T16:19:11Z,1,104.18027777777777,,0,,23.0,58.0,0.0,81.0,2,1,1,58.0,141.5,17.5,59.0,56.0,3.575,220.0,71.5,23.5,1.0,11.0,6.0,16.0,17.0,10.0,,,,,,,,,,,,,,,,,,,,,,,,,,,0,0,1
2026-01-28T01:00:00Z,2026-01-28T01:30:00Z,30,2025-12-17T14:07:59Z,1,994.8669444444445,2026-01-23T16:19:11Z,1,104.68027777777777,,0,,23.0,58.0,0.0,81.0,2,1,1,58.0,141.0,17.0,59.0,56.0,3.575,220.0,71.0,23.0,1.0,11.0,6.0,16.0,17.0,10.0,,,,,,,,,,,,,,,,,,,,,,,,,,,0,0,1
2026-01-28T01:00:00Z,2026-01-28T02:00:00Z,60,2025-12-17T14:07:59Z,1,994.8669444444445,2026-01-23T16:19:11Z,1,104.68027777777777,,0,,23.0,58.0,0.0,81.0,2,1,1,58.0,141.0,17.0,59.0,56.0,3.575,220.0,71.0,23.0,1.0,11.0,6.0,16.0,17.0,10.0,,,,,,,,,,,,,,,,,,,,,,,,,,,0,0,1
2026-01-28T01:30:00Z,2026-01-28T02:00:00Z,30,2025-12-17T14:07:59Z,1,995.3669444444445,2026-01-23T16:19:11Z,1,105.18027777777777,,0,,23.0,58.0,0.0,81.0,2,1,1,58.0,140.5,16.5,59.0,56.0,3.575,220.0,70.5,22.5,1.0,11.0,6.0,16.0,17.0,10.0,,,,,,,,,,,,,,,,,,,,,,,,,,,0,0,1
2026-01-28T01:30:00Z,2026-01-28T02:30:00Z,60,2025-12-17T14:07:59Z,1,995.3669444444445,2026-01-23T16:19:11Z,1,105.18027777777777,,0,,23.0,58.0,0.0,81.0,2,1,1,58.0,140.5,16.5,59.0,56.0,3.575,220.0,70.5,22.5,1.0,11.0,6.0,16.0,17.0,10.0,,,,,,,,,,,,,,,,,,,,,,,,,,,0,0,1
2026-01-28T02:00:00Z,2026-01-28T02:30:00Z,30,2025-12-17T14:07:59Z,1,995.8669444444445,2026-01-23T16:19:11Z,1,105.68027777777777,,0,,23.0,58.0,0.0,81.0,2,1,1,58.0,140.0,16.0,59.0,56.0,3.575,220.0,70.0,22.0,1.0,11.0,6.0,16.0,17.0,10.0,,,,,,,,,,,,,,,,,,,,,,,,,,,0,0,1
2026-01-28T02:00:00Z,2026-01-28T03:00:00Z,60,2025-12-17T14:07:59Z,1,995.8669444444445,2026-01-23T16:19:11Z,1,105.68027777777777,,0,,23.0,58.0,0.0,81.0,2,1,1,58.0,140.0,16.0,59.0,56.0,3.575,220.0,70.0,22.0,1.0,11.0,6.0,16.0,17.0,10.0,,,,,,,,,,,,,,,,,,,,,,,,,,,0,0,1
2026-01-28T02:30:00Z,2026-01-28T03:00:00Z,30,2025-12-17T14:07:59Z,1,996.3669444444445,2026-01-23T16:19:11Z,1,106.18027777777777,,0,,23.0,58.0,0.0,81.0,2,1,1,58.0,139.5,15.5,59.0,56.0,3.575,220.0,69.5,21.5,1.0,11.0,6.0,16.0,17.0,10.0,,,,,,,,,,,,,,,,,,,,,,,,,,,0,0,1
2026-01-28T02:30:00Z,2026-01-28T03:30:00Z,60,2025-12-17T14:07:59Z,1,996.3669444444445,2026-01-23T16:19:11Z,1,106.18027777777777,,0,,23.0,58.0,0.0,81.0,2,1,1,58.0,139.5,15.5,59.0,56.0,3.575,220.0,69.5,21.5,1.0,11.0,6.0,16.0,17.0,10.0,,,,,,,,,,,,,,,,,,,,,,,,,,,0,0,1
2026-01-28T03:00:00Z,2026-01-28T03:30:00Z,30,2025-12-17T14:07:59Z,1,996.8669444444445,2026-01-23T16:19:11Z,1,106.68027777777777,,0,,23.0,58.0,0.0,81.0,2,1,1,58.0,139.0,15.0,59.0,56.0,3.575,220.0,69.0,21.0,1.0,11.0,6.0,16.0,17.0,10.0,,,,,,,,,,,,,,,,,,,,,,,,,,,0,0,1
2026-01-28T03:00:00Z,2026-01-28T04:00:00Z,60,2025-12-17T14:07:59Z,1,996.8669444444445,2026-01-23T16:19:11Z,1,106.68027777777777,,0,,23.0,58.0,0.0,81.0,2,1,1,58.0,139.0,15.0,59.0,56.0,3.575,220.0,69.0,21.0,1.0,11.0,6.0,16.0,17.0,10.0,,,,,,,,,,,,,,,,,,,,,,,,,,,0,0,1
2026-01-28T03:30:00Z,2026-01-28T04:00:00Z,30,2025-12-17T14:07:59Z,1,997.3669444444445,2026-01-23T16:19:11Z,1,107.18027777777777,,0,,23.0,58.0,0.0,81.0,2,1,1,58.0,138.5,14.5,59.0,56.0,3.575,220.0,68.5,20.5,1.0,11.0,6.0,16.0,17.0,10.0,,,,,,,,,,,,,,,,,,,,,,,,,,,0,0,1
2026-01-28T03:30:00Z,2026-01-28T04:30:00Z,60,2025-12-17T14:07:59Z,1,997.3669444444445,2026-01-23T16:19:11Z,1,107.18027777777777,,0,,23.0,58.0,0.0,81.0,2,1,1,58.0,138.5,14.5,59.0,56.0,3.575,220.0,68.5,20.5,1.0,11.0,6.0,16.0,17.0,10.0,,,,,,,,,,,,,,,,,,,,,,,,,,,0,0,1
2026-01-28T04:00:00Z,2026-01-28T04:30:00Z,30,2025-12-17T14:07:59Z,1,997.8669444444445,2026-01-23T16:19:11Z,1,107.68027777777777,,0,,23.0,58.0,0.0,81.0,2,1,1,58.0,138.0,14.0,59.0,56.0,3.575,220.0,68.0,20.0,1.0,11.0,6.0,16.0,17.0,10.0,,,,,,,,,,,,,,,,,,,,,,,,,,,0,0,1
2026-01-28T04:00:00Z,2026-01-28T05:00:00Z,60,2025-12-17T14:07:59Z,1,997.8669444444445,2026-01-23T16:19:11Z,1,107.68027777777777,,0,,23.0,58.0,0.0,81.0,2,1,1,58.0,138.0,14.0,59.0,56.0,3.575,220.0,68.0,20.0,1.0,11.0,6.0,16.0,17.0,10.0,,,,,,,,,,,,,,,,,,,,,,,,,,,0,0,1
2026-01-28T04:30:00Z,2026-01-28T05:00:00Z,30,2025-12-17T14:07:59Z,1,998.3669444444445,2026-01-23T16:19:11Z,1,108.18027777777777,,0,,23.0,58.0,0.0,81.0,2,1,1,58.0,137.5,13.5,59.0,56.0,3.575,220.0,67.5,19.5,1.0,11.0,6.0,16.0,17.0,10.0,,,,,,,,,,,,,,,,,,,,,,,,,,,0,0,1
2026-01-28T04:30:00Z,2026-01-28T05:30:00Z,60,2025-12-17T14:07:59Z,1,998.3669444444445,2026-01-23T16:19:11Z,1,108.18027777777777,,0,,23.0,58.0,0.0,81.0,2,1,1,58.0,137.5,13.5,59.0,56.0,3.575,220.0,67.5,19.5,1.0,11.0,6.0,16.0,17.0,10.0,,,,,,,,,,,,,,,,,,,,,,,,,,,0,0,1
2026-01-28T05:00:00Z,2026-01-28T05:30:00Z,30,2025-12-17T14:07:59Z,1,998.8669444444445,2026-01-23T16:19:11Z,1,108.68027777777777,,0,,23.0,58.0,0.0,81.0,2,1,1,58.0,137.0,13.0,59.0,56.0,3.575,220.0,67.0,19.0,1.0,11.0,6.0,16.0,17.0,10.0,,,,,,,,,,,,,,,,,,,,,,,,,,,0,0,1
2026-01-28T05:00:00Z,2026-01-28T06:00:00Z,60,2025-12-17T14:07:59Z,1,998.8669444444445,2026-01-23T16:19:11Z,1,108.68027777777777,,0,,23.0,58.0,0.0,81.0,2,1,1,58.0,137.0,13.0,59.0,56.0,3.575,220.0,67.0,19.0,1.0,11.0,6.0,16.0,17.0,10.0,,,,,,,,,,,,,,,,,,,,,,,,,,,0,0,1
2026-01-28T05:30:00Z,2026-01-28T06:00:00Z,30,2025-12-17T14:07:59Z,1,999.3669444444445,2026-01-23T16:19:11Z,1,109.18027777777777,,0,,23.0,58.0,0.0,81.0,2,1,1,58.0,136.5,12.5,59.0,56.0,3.575,220.0,66.5,18.5,1.0,11.0,6.0,16.0,17.0,10.0,,,,,,,,,,,,,,,,,,,,,,,,,,,0,0,1
2026-01-28T05:30:00Z,2026-01-28T06:30:00Z,60,2025-12-17T14:07:59Z,1,999.3669444444445,2026-01-23T16:19:11Z,1,109.18027777777777,,0,,23.0,58.0,0.0,81.0,2,1,1,58.0,136.5,12.5,59.0,56.0,3.575,220.0,66.5,18.5,1.0,11.0,6.0,16.0,17.0,10.0,,,,,,,,,,,,,,,,,,,,,,,,,,,0,0,1
2026-01-28T06:00:00Z,2026-01-28T06:30:00Z,30,2025-12-17T14:07:59Z,1,999.8669444444445,2026-01-23T16:19:11Z,1,109.68027777777777,,0,,23.0,58.0,0.0,81.0,2,1,1,58.0,136.0,12.0,59.0,56.0,3.575,220.0,66.0,18.0,1.0,11.0,6.0,16.0,17.0,10.0,,,,,,,,,,,,,,,,,,,,,,,,,,,0,0,1
2026-01-28T06:00:00Z,2026-01-28T07:00:00Z,60,2025-12-17T14:07:59Z,1,999.8669444444445,2026-01-23T16:19:11Z,1,109.68027777777777,,0,,23.0,58.0,0.0,81.0,2,1,1,58.0,136.0,12.0,59.0,56.0,3.575,220.0,66.0,18.0,1.0,11.0,6.0,16.0,17.0,10.0,,,,,,,,,,,,,,,,,,,,,,,,,,,0,0,1
2026-01-28T06:30:00Z,2026-01-28T07:00:00Z,30,2025-12-17T14:07:59Z,1,1000.3669444444445,2026-01-23T16:19:11Z,1,110.18027777777777,,0,,23.0,58.0,0.0,81.0,2,1,1,58.0,135.5,11.5,59.0,56.0,3.575,220.0,65.5,17.5,1.0,11.0,6.0,16.0,17.0,10.0,,,,,,,,,,,,,,,,,,,,,,,,,,,0,0,1
2026-01-28T06:30:00Z,2026-01-28T07:30:00Z,60,2025-12-17T14:07:59Z,1,1000.3669444444445,2026-01-23T16:19:11Z,1,110.18027777777777,,0,,23.0,58.0,0.0,81.0,2,1,1,58.0,135.5,11.5,59.0,56.0,3.575,220.0,65.5,17.5,1.0,11.0,6.0,16.0,17.0,10.0,,,,,,,,,,,,,,,,,,,,,,,,,,,0,0,1
2026-01-28T07:00:00Z,2026-01-28T07:30:00Z,30,2025-12-17T14:07:59Z,1,1000.8669444444445,2026-01-23T16:19:11Z,1,110.68027777777777,,0,,23.0,58.0,0.0,81.0,2,1,1,58.0,135.0,11.0,59.0,56.0,3.575,220.0,65.0,17.0,1.0,11.0,6.0,16.0,17.0,10.0,,,,,,,,,,,,,,,,,,,,,,,,,,,0,0,1
2026-01-28T07:00:00Z,2026-01-28T08:00:00Z,60,2025-12-17T14:07:59Z,1,1000.8669444444445,2026-01-23T16:19:11Z,1,110.68027777777777,,0,,23.0,58.0,0.0,81.0,2,1,1,58.0,135.0,11.0,59.0,56.0,3.575,220.0,65.0,17.0,1.0,11.0,6.0,16.0,17.0,10.0,,,,,,,,,,,,,,,,,,,,,,,,,,,0,0,1
2026-01-28T07:30:00Z,2026-01-28T08:00:00Z,30,2025-12-17T14:07:59Z,1,1001.3669444444445,2026-01-23T16:19:11Z,1,111.18027777777777,,0,,23.0,58.0,0.0,81.0,2,1,1,58.0,134.5,10.5,59.0,56.0,3.575,220.0,64.5,16.5,1.0,11.0,6.0,16.0,17.0,10.0,,,,,,,,,,,,,,,,,,,,,,,,,,,0,0,1
2026-01-28T07:30:00Z,2026-01-28T08:30:00Z,60,2025-12-17T14:07:59Z,1,1001.3669444444445,2026-01-23T16:19:11Z,1,111.18027777777777,,0,,23.0,58.0,0.0,81.0,2,1,1,58.0,134.5,10.5,59.0,56.0,3.575,220.0,64.5,16.5,1.0,11.0,6.0,16.0,17.0,10.0,,,,,,,,,,,,,,,,,,,,,,,,,,,0,0,1
2026-01-28T08:00:00Z,2026-01-28T08:30:00Z,30,2025-12-17T14:07:59Z,1,1001.8669444444445,2026-01-23T16:19:11Z,1,111.68027777777777,,0,,23.0,58.0,0.0,81.0,2,1,1,58.0,134.0,10.0,59.0,56.0,3.575,220.0,64.0,16.0,1.0,11.0,6.0,16.0,17.0,10.0,,,,,,,,,,,,,,,,,,,,,,,,,,,0,0,1
2026-01-28T08:00:00Z,2026-01-28T09:00:00Z,60,2025-12-17T14:07:59Z,1,1001.8669444444445,2026-01-23T16:19:11Z,1,111.68027777777777,,0,,23.0,58.0,0.0,81.0,2,1,1,58.0,134.0,10.0,59.0,56.0,3.575,220.0,64.0,16.0,1.0,11.0,6.0,16.0,17.0,10.0,,,,,,,,,,,,,,,,,,,,,,,,,,,0,0,1
2026-01-28T08:30:00Z,2026-01-28T09:00:00Z,30,2025-12-17T14:07:59Z,1,1002.3669444444445,2026-01-23T16:19:11Z,1,112.18027777777777,,0,,23.0,58.0,0.0,81.0,2,1,1,58.0,133.5,9.5,59.0,56.0,3.575,220.0,63.5,15.5,1.0,11.0,6.0,16.0,17.0,10.0,,,,,,,,,,,,,,,,,,,,,,,,,,,0,0,1
2026-01-28T08:30:00Z,2026-01-28T09:30:00Z,60,2025-12-17T14:07:59Z,1,1002.3669444444445,2026-01-23T16:19:11Z,1,112.18027777777777,,0,,23.0,58.0,0.0,81.0,2,1,1,58.0,133.5,9.5,59.0,56.0,3.575,220.0,63.5,15.5,1.0,11.0,6.0,16.0,17.0,10.0,,,,,,,,,,,,,,,,,,,,,,,,,,,0,0,1
2026-01-28T09:00:00Z,2026-01-28T09:30:00Z,30,2025-12-17T14:07:59Z,1,1002.8669444444445,2026-01-23T16:19:11Z,1,112.68027777777777,,0,,23.0,58.0,0.0,81.0,2,1,1,58.0,133.0,9.0,59.0,56.0,3.575,220.0,63.0,15.0,1.0,11.0,6.0,16.0,17.0,10.0,,,,,,,,,,,,,,,,,,,,,,,,,,,0,0,1
2026-01-28T09:00:00Z,2026-01-28T10:00:00Z,60,2025-12-17T14:07:59Z,1,1002.8669444444445,2026-01-23T16:19:11Z,1,112.68027777777777,,0,,23.0,58.0,0.0,81.0,2,1,1,58.0,133.0,9.0,59.0,56.0,3.575,220.0,63.0,15.0,1.0,11.0,6.0,16.0,17.0,10.0,,,,,,,,,,,,,,,,,,,,,,,,,,,0,0,1
2026-01-28T09:30:00Z,2026-01-28T10:00:00Z,30,2025-12-17T14:07:59Z,1,1003.3669444444445,2026-01-23T16:19:11Z,1,113.18027777777777,,0,,23.0,58.0,0.0,81.0,2,1,1,58.0,132.5,8.5,59.0,56.0,3.575,220.0,62.5,14.5,1.0,11.0,6.0,16.0,17.0,10.0,,,,,,,,,,,,,,,,,,,,,,,,,,,0,0,1
2026-01-28T09:30:00Z,2026-01-28T10:30:00Z,60,2025-12-17T14:07:59Z,1,1003.3669444444445,2026-01-23T16:19:11Z,1,113.18027777777777,,0,,23.0,58.0,0.0,81.0,2,1,1,58.0,132.5,8.5,59.0,56.0,3.575,220.0,62.5,14.5,1.0,11.0,6.0,16.0,17.0,10.0,,,,,,,,,,,,,,,,,,,,,,,,,,,0,0,1
2026-01-28T10:00:00Z,2026-01-28T10:30:00Z,30,2025-12-17T14:07:59Z,1,1003.8669444444445,2026-01-23T16:19:11Z,1,113.68027777777777,,0,,23.0,58.0,0.0,81.0,2,1,1,58.0,132.0,8.0,59.0,56.0,3.575,220.0,62.0,14.0,1.0,11.0,6.0,16.0,17.0,10.0,,,,,,,,,,,,,,,,,,,,,,,,,,,0,0,1
2026-01-28T10:00:00Z,2026-01-28T11:00:00Z,60,2025-12-17T14:07:59Z,1,1003.8669444444445,2026-01-23T16:19:11Z,1,113.68027777777777,,0,,23.0,58.0,0.0,81.0,2,1,1,58.0,132.0,8.0,59.0,56.0,3.575,220.0,62.0,14.0,1.0,11.0,6.0,16.0,17.0,10.0,,,,,,,,,,,,,,,,,,,,,,,,,,,0,0,1
2026-01-28T10:30:00Z,2026-01-28T11:00:00Z,30,2025-12-17T14:07:59Z,1,1004.3669444444445,2026-01-23T16:19:11Z,1,114.18027777777777,,0,,23.0,58.0,0.0,81.0,2,1,1,58.0,131.5,7.5,59.0,56.0,3.575,220.0,61.5,13.5,1.0,11.0,6.0,16.0,17.0,10.0,,,,,,,,,,,,,,,,,,,,,,,,,,,0,0,1
2026-01-28T10:30:00Z,2026-01-28T11:30:00Z,60,2025-12-17T14:07:59Z,1,1004.3669444444445,2026-01-23T16:19:11Z,1,114.18027777777777,,0,,23.0,58.0,0.0,81.0,2,1,1,58.0,131.5,7.5,59.0,56.0,3.575,220.0,61.5,13.5,1.0,11.0,6.0,16.0,17.0,10.0,,,,,,,,,,,,,,,,,,,,,,,,,,,0,0,1
2026-01-28T11:00:00Z,2026-01-28T11:30:00Z,30,2025-12-17T14:07:59Z,1,1004.8669444444445,2026-01-23T16:19:11Z,1,114.68027777777777,,0,,23.0,58.0,0.0,81.0,2,1,1,58.0,131.0,7.0,59.0,56.0,3.575,220.0,61.0,13.0,1.0,11.0,6.0,16.0,17.0,10.0,,,,,,,,,,,,,,,,,,,,,,,,,,,0,0,1
2026-01-28T11:00:00Z,2026-01-28T12:00:00Z,60,2025-12-17T14:07:59Z,1,1004.8669444444445,2026-01-23T16:19:11Z,1,114.68027777777777,,0,,23.0,58.0,0.0,81.0,2,1,1,58.0,131.0,7.0,59.0,56.0,3.575,220.0,61.0,13.0,1.0,11.0,6.0,16.0,17.0,10.0,,,,,,,,,,,,,,,,,,,,,,,,,,,0,0,1
2026-01-28T11:30:00Z,2026-01-28T12:00:00Z,30,2025-12-17T14:07:59Z,1,1005.3669444444445,2026-01-23T16:19:11Z,1,115.18027777777777,,0,,23.0,58.0,0.0,81.0,2,1,1,58.0,130.5,6.5,59.0,56.0,3.575,220.0,60.5,12.5,1.0,11.0,6.0,16.0,17.0,10.0,,,,,,,,,,,,,,,,,,,,,,,,,,,0,0,1
2026-01-28T11:30:00Z,2026-01-28T12:30:00Z,60,2025-12-17T14:07:59Z,1,1005.3669444444445,2026-01-23T16:19:11Z,1,115.18027777777777,,0,,23.0,58.0,0.0,81.0,2,1,1,58.0,130.5,6.5,59.0,56.0,3.575,220.0,60.5,12.5,1.0,11.0,6.0,16.0,17.0,10.0,,,,,,,,,,,,,,,,,,,,,,,,,,,0,0,1
2026-01-28T12:00:00Z,2026-01-28T12:30:00Z,30,2025-12-17T14:07:59Z,1,1005.8669444444445,2026-01-23T16:19:11Z,1,115.68027777777777,,0,,23.0,58.0,0.0,81.0,2,1,1,58.0,130.0,6.0,59.0,56.0,3.575,220.0,60.0,12.0,1.0,11.0,6.0,16.0,17.0,10.0,,,,,,,,,,,,,,,,,,,,,,,,,,,0,0,1
2026-01-28T12:00:00Z,2026-01-28T13:00:00Z,60,2025-12-17T14:07:59Z,1,1005.8669444444445,2026-01-23T16:19:11Z,1,115.68027777777777,,0,,23.0,58.0,0.0,81.0,2,1,1,58.0,130.0,6.0,59.0,56.0,3.575,220.0,60.0,12.0,1.0,11.0,6.0,16.0,17.0,10.0,,,,,,,,,,,,,,,,,,,,,,,,,,,0,0,1
2026-01-28T12:30:00Z,2026-01-28T13:00:00Z,30,2025-12-17T14:07:59Z,1,1006.3669444444445,2026-01-23T16:19:11Z,1,116.18027777777777,,0,,23.0,58.0,0.0,81.0,2,1,1,58.0,129.5,5.5,59.0,56.0,3.575,220.0,59.5,11.5,1.0,11.0,6.0,16.0,17.0,10.0,,,,,,,,,,,,,,,,,,,,,,,,,,,0,0,1
2026-01-28T12:30:00Z,2026-01-28T13:30:00Z,60,2025-12-17T14:07:59Z,1,1006.3669444444445,2026-01-23T16:19:11Z,1,116.18027777777777,,0,,23.0,58.0,0.0,81.0,2,1,1,58.0,129.5,5.5,59.0,56.0,3.575,220.0,59.5,11.5,1.0,11.0,6.0,16.0,17.0,10.0,,,,,,,,,,,,,,,,,,,,,,,,,,,0,0,1
2026-01-28T13:00:00Z,2026-01-28T13:30:00Z,30,2025-12-17T14:07:59Z,1,1006.8669444444445,2026-01-23T16:19:11Z,1,116.68027777777777,,0,,23.0,58.0,0.0,81.0,2,1,1,58.0,129.0,5.0,59.0,56.0,3.575,220.0,59.0,11.0,1.0,11.0,6.0,16.0,17.0,10.0,,,,,,,,,,,,,,,,,,,,,,,,,,,0,0,1
2026-01-28T13:00:00Z,2026-01-28T14:00:00Z,60,2025-12-17T14:07:59Z,1,1006.8669444444445,2026-01-23T16:19:11Z,1,116.68027777777777,,0,,23.0,58.0,0.0,81.0,2,1,1,58.0,129.0,5.0,59.0,56.0,3.575,220.0,59.0,11.0,1.0,11.0,6.0,16.0,17.0,10.0,,,,,,,,,,,,,,,,,,,,,,,,,,,0,0,1
2026-01-28T13:30:00Z,2026-01-28T14:00:00Z,30,2025-12-17T14:07:59Z,1,1007.3669444444445,2026-01-23T16:19:11Z,1,117.18027777777777,,0,,23.0,58.0,0.0,81.0,2,1,1,58.0,128.5,4.5,59.0,56.0,3.575,220.0,58.5,10.5,1.0,11.0,6.0,16.0,17.0,10.0,,,,,,,,,,,,,,,,,,,,,,,,,,,0,0,1
2026-01-28T13:30:00Z,2026-01-28T14:30:00Z,60,2025-12-17T14:07:59Z,1,1007.3669444444445,2026-01-23T16:19:11Z,1,117.18027777777777,,0,,23.0,58.0,0.0,81.0,2,1,1,58.0,128.5,4.5,59.0,56.0,3.575,220.0,58.5,10.5,1.0,11.0,6.0,16.0,17.0,10.0,,,,,,,,,,,,,,,,,,,,,,,,,,,0,0,1
2026-01-28T14:00:00Z,2026-01-28T14:30:00Z,30,2025-12-17T14:07:59Z,1,1007.8669444444445,2026-01-23T16:19:11Z,1,117.68027777777777,,0,,23.0,58.0,0.0,81.0,2,1,1,58.0,128.0,4.0,59.0,56.0,3.575,220.0,58.0,10.0,1.0,11.0,6.0,16.0,17.0,10.0,,,,,,,,,,,,,,,,,,,,,,,,,,,0,0,1
2026-01-28T14:00:00Z,2026-01-28T15:00:00Z,60,2025-12-17T14:07:59Z,1,1007.8669444444445,2026-01-23T16:19:11Z,1,117.68027777777777,,0,,23.0,58.0,0.0,81.0,2,1,1,58.0,128.0,4.0,59.0,56.0,3.575,220.0,58.0,10.0,1.0,11.0,6.0,16.0,17.0,10.0,,,,,,,,,,,,,,,,,,,,,,,,,,,0,0,1
2026-01-28T14:30:00Z,2026-01-28T15:00:00Z,30,2025-12-17T14:07:59Z,1,1008.3669444444445,2026-01-23T16:19:11Z,1,118.18027777777777,,0,,23.0,58.0,0.0,81.0,2,1,1,58.0,127.5,3.5,59.0,56.0,3.575,220.0,57.5,9.5,1.0,11.0,6.0,16.0,17.0,10.0,,,,,,,,,,,,,,,,,,,,,,,,,,,0,0,1
2026-01-28T14:30:00Z,2026-01-28T15:30:00Z,60,2025-12-17T14:07:59Z,1,1008.3669444444445,2026-01-23T16:19:11Z,1,118.18027777777777,,0,,23.0,58.0,0.0,81.0,2,1,1,58.0,127.5,3.5,59.0,56.0,3.575,220.0,57.5,9.5,1.0,11.0,6.0,16.0,17.0,10.0,,,,,,,,,,,,,,,,,,,,,,,,,,,0,0,1
2026-01-28T15:00:00Z,2026-01-28T15:30:00Z,30,2025-12-17T14:07:59Z,1,1008.8669444444445,2026-01-23T16:19:11Z,1,118.68027777777777,,0,,23.0,58.0,0.0,81.0,2,1,1,58.0,127.0,3.0,59.0,56.0,3.575,220.0,57.0,9.0,1.0,11.0,6.0,16.0,17.0,10.0,,,,,,,,,,,,,,,,,,,,,,,,,,,0,0,1
2026-01-28T15:00:00Z,2026-01-28T16:00:00Z,60,2025-12-17T14:07:59Z,1,1008.8669444444445,2026-01-23T16:19:11Z,1,118.68027777777777,,0,,23.0,58.0,0.0,81.0,2,1,1,58.0,127.0,3.0,59.0,56.0,3.575,220.0,57.0,9.0,1.0,11.0,6.0,16.0,17.0,10.0,,,,,,,,,,,,,,,,,,,,,,,,,,,0,0,1
2026-01-28T15:30:00Z,2026-01-28T16:00:00Z,30,2025-12-17T14:07:59Z,1,1009.3669444444445,2026-01-23T16:19:11Z,1,119.18027777777777,,0,,23.0,58.0,0.0,81.0,2,1,1,58.0,126.5,2.5,59.0,56.0,3.575,220.0,56.5,8.5,1.0,11.0,6.0,16.0,17.0,10.0,,,,,,,,,,,,,,,,,,,,,,,,,,,0,0,1
2026-01-28T15:30:00Z,2026-01-28T16:30:00Z,60,2025-12-17T14:07:59Z,1,1009.3669444444445,2026-01-23T16:19:11Z,1,119.18027777777777,,0,,23.0,58.0,0.0,81.0,2,1,1,58.0,126.5,2.5,59.0,56.0,3.575,220.0,56.5,8.5,1.0,11.0,6.0,16.0,17.0,10.0,,,,,,,,,,,,,,,,,,,,,,,,,,,0,0,1
2026-01-28T16:00:00Z,2026-01-28T16:30:00Z,30,2025-12-17T14:07:59Z,1,1009.8669444444445,2026-01-23T16:19:11Z,1,119.68027777777777,,0,,23.0,58.0,0.0,81.0,2,1,1,58.0,126.0,2.0,59.0,56.0,3.575,220.0,56.0,8.0,1.0,11.0,6.0,16.0,17.0,10.0,,,,,,,,,,,,,,,,,,,,,,,,,,,0,0,1
2026-01-28T16:00:00Z,2026-01-28T17:00:00Z,60,2025-12-17T14:07:59Z,1,1009.8669444444445,2026-01-23T16:19:11Z,1,119.68027777777777,,0,,23.0,58.0,0.0,81.0,2,1,1,58.0,126.0,2.0,59.0,56.0,3.575,220.0,56.0,8.0,1.0,11.0,6.0,16.0,17.0,10.0,,,,,,,,,,,,,,,,,,,,,,,,,,,0,0,1
2026-01-28T16:30:00Z,2026-01-28T17:00:00Z,30,2025-12-17T14:07:59Z,1,1010.3669444444445,2026-01-23T16:19:11Z,1,120.18027777777777,,0,,23.0,58.0,0.0,81.0,2,1,1,58.0,125.5,1.5,59.0,56.0,3.575,220.0,55.5,7.5,1.0,11.0,6.0,16.0,17.0,10.0,,,,,,,,,,,,,,,,,,,,,,,,,,,0,0,1
2026-01-28T16:30:00Z,2026-01-28T17:30:00Z,60,2025-12-17T14:07:59Z,1,1010.3669444444445,2026-01-23T16:19:11Z,1,120.18027777777777,,0,,23.0,58.0,0.0,81.0,2,1,1,58.0,125.5,1.5,59.0,56.0,3.575,220.0,55.5,7.5,1.0,11.0,6.0,16.0,17.0,10.0,,,,,,,,,,,,,,,,,,,,,,,,,,,0,0,1
2026-01-28T17:00:00Z,2026-01-28T17:30:00Z,30,2025-12-17T14:07:59Z,1,1010.8669444444445,2026-01-23T16:19:11Z,1,120.68027777777777,,0,,23.0,58.0,0.0,81.0,2,1,1,58.0,125.0,1.0,59.0,56.0,3.575,220.0,55.0,7.0,1.0,11.0,6.0,16.0,17.0,10.0,,,,,,,,,,,,,,,,,,,,,,,,,,,0,0,1
2026-01-28T17:00:00Z,2026-01-28T18:00:00Z,60,2025-12-17T14:07:59Z,1,1010.8669444444445,2026-01-23T16:19:11Z,1,120.68027777777777,,0,,23.0,0.0,0.0,23.0,1,1,0,23.0,125.0,5622.0,59.0,56.0,3.575,220.0,55.0,7.0,1.0,11.0,6.0,16.0,17.0,10.0,,,,,,,,,,,,,,,,,,,,,,,,,,,0,0,1
2026-01-28T17:30:00Z,2026-01-28T18:00:00Z,30,2025-12-17T14:07:59Z,1,1011.3669444444445,2026-01-23T16:19:11Z,1,121.18027777777777,,0,,23.0,0.0,0.0,23.0,1,1,0,23.0,124.5,5621.5,59.0,56.0,3.575,220.0,54.5,6.5,1.0,11.0,6.0,16.0,17.0,10.0,,,,,,,,,,,,,,,,,,,,,,,,,,,0,0,1
2026-01-28T17:30:00Z,2026-01-28T18:30:00Z,60,2025-12-17T14:07:59Z,1,1011.3669444444445,2026-01-23T16:19:11Z,1,121.18027777777777,,0,,23.0,0.0,0.0,23.0,1,1,0,23.0,124.5,5621.5,59.0,56.0,3.575,220.0,54.5,6.5,1.0,11.0,6.0,16.0,17.0,10.0,,,,,,,,,,,,,,,,,,,,,,,,,,,0,0,1
2026-01-28T18:00:00Z,2026-01-28T18:30:00Z,30,2025-12-17T14:07:59Z,1,1011.8669444444445,2026-01-23T16:19:11Z,1,121.68027777777777,,0,,23.0,0.0,0.0,23.0,1,1,0,23.0,124.0,5621.0,59.0,56.0,3.575,220.0,54.0,6.0,1.0,11.0,6.0,16.0,17.0,10.0,,,,,,,,,,,,,,,,,,,,,,,,,,,0,0,1
2026-01-28T18:00:00Z,2026-01-28T19:00:00Z,60,2025-12-17T14:07:59Z,1,1011.8669444444445,2026-01-23T16:19:11Z,1,121.68027777777777,,0,,23.0,0.0,0.0,23.0,1,1,0,23.0,124.0,5621.0,59.0,56.0,3.575,220.0,54.0,6.0,1.0,11.0,6.0,16.0,17.0,10.0,,,,,,,,,,,,,,,,,,,,,,,,,,,0,0,1
2026-01-28T18:30:00Z,2026-01-28T19:00:00Z,30,2025-12-17T14:07:59Z,1,1012.3669444444445,2026-01-23T16:19:11Z,1,122.18027777777777,,0,,23.0,0.0,0.0,23.0,1,1,0,23.0,123.5,5620.5,59.0,56.0,3.575,220.0,53.5,5.5,1.0,11.0,6.0,16.0,17.0,10.0,,,,,,,,,,,,,,,,,,,,,,,,,,,0,0,1
2026-01-28T18:30:00Z,2026-01-28T19:30:00Z,60,2025-12-17T14:07:59Z,1,1012.3669444444445,2026-01-23T16:19:11Z,1,122.18027777777777,,0,,23.0,0.0,0.0,23.0,1,1,0,23.0,123.5,5620.5,59.0,56.0,3.575,220.0,53.5,5.5,1.0,11.0,6.0,16.0,17.0,10.0,,,,,,,,,,,,,,,,,,,,,,,,,,,0,0,1
2026-01-28T19:00:00Z,2026-01-28T19:30:00Z,30,2025-12-17T14:07:59Z,1,1012.8669444444445,2026-01-23T16:19:11Z,1,122.68027777777777,,0,,23.0,0.0,0.0,23.0,1,1,0,23.0,123.0,5620.0,59.0,56.0,3.575,220.0,53.0,5.0,1.0,11.0,6.0,16.0,17.0,10.0,,,,,,,,,,,,,,,,,,,,,,,,,,,0,0,1
2026-01-28T19:00:00Z,2026-01-28T20:00:00Z,60,2025-12-17T14:07:59Z,1,1012.8669444444445,2026-01-23T16:19:11Z,1,122.68027777777777,,0,,23.0,0.0,0.0,23.0,1,1,0,23.0,123.0,5620.0,59.0,56.0,3.575,220.0,53.0,5.0,1.0,11.0,6.0,16.0,17.0,10.0,,,,,,,,,,,,,,,,,,,,,,,,,,,0,0,1
2026-01-28T19:30:00Z,2026-01-28T20:00:00Z,30,2025-12-17T14:07:59Z,1,1013.3669444444445,2026-01-23T16:19:11Z,1,123.18027777777777,,0,,23.0,0.0,0.0,23.0,1,1,0,23.0,122.5,5619.5,59.0,56.0,3.575,220.0,52.5,4.5,1.0,11.0,6.0,16.0,17.0,10.0,,,,,,,,,,,,,,,,,,,,,,,,,,,0,0,1
2026-01-28T19:30:00Z,2026-01-28T20:30:00Z,60,2025-12-17T14:07:59Z,1,1013.3669444444445,2026-01-23T16:19:11Z,1,123.18027777777777,,0,,23.0,0.0,0.0,23.0,1,1,0,23.0,122.5,5619.5,59.0,56.0,3.575,220.0,52.5,4.5,1.0,11.0,6.0,16.0,17.0,10.0,,,,,,,,,,,,,,,,,,,,,,,,,,,0,0,1
2026-01-28T20:00:00Z,2026-01-28T20:30:00Z,30,2025-12-17T14:07:59Z,1,1013.8669444444445,2026-01-23T16:19:11Z,1,123.68027777777777,,0,,23.0,0.0,0.0,23.0,1,1,0,23.0,122.0,5619.0,59.0,56.0,3.575,220.0,52.0,4.0,1.0,11.0,6.0,16.0,17.0,10.0,,,,,,,,,,,,,,,,,,,,,,,,,,,0,0,1
2026-01-28T20:00:00Z,2026-01-28T21:00:00Z,60,2025-12-17T14:07:59Z,1,1013.8669444444445,2026-01-23T16:19:11Z,1,123.68027777777777,,0,,23.0,0.0,0.0,23.0,1,1,0,23.0,122.0,5619.0,59.0,56.0,3.575,220.0,52.0,4.0,1.0,11.0,6.0,16.0,17.0,10.0,,,,,,,,,,,,,,,,,,,,,,,,,,,0,0,1
2026-01-28T20:30:00Z,2026-01-28T21:00:00Z,30,2025-12-17T14:07:59Z,1,1014.3669444444445,2026-01-23T16:19:11Z,1,124.18027777777777,,0,,23.0,0.0,0.0,23.0,1,1,0,23.0,121.5,5618.5,59.0,56.0,3.575,220.0,51.5,3.5,1.0,11.0,6.0,16.0,17.0,10.0,,,,,,,,,,,,,,,,,,,,,,,,,,,0,0,1
2026-01-28T20:30:00Z,2026-01-28T21:30:00Z,60,2025-12-17T14:07:59Z,1,1014.3669444444445,2026-01-23T16:19:11Z,1,124.18027777777777,,0,,23.0,0.0,0.0,23.0,1,1,0,23.0,121.5,5618.5,59.0,56.0,3.575,220.0,51.5,3.5,1.0,11.0,6.0,16.0,17.0,10.0,,,,,,,,,,,,,,,,,,,,,,,,,,,0,0,1
2026-01-28T21:00:00Z,2026-01-28T21:30:00Z,30,2025-12-17T14:07:59Z,1,1014.8669444444445,2026-01-23T16:19:11Z,1,124.68027777777777,,0,,23.0,0.0,0.0,23.0,1,1,0,23.0,121.0,5618.0,59.0,56.0,3.575,220.0,51.0,3.0,1.0,11.0,6.0,16.0,17.0,10.0,,,,,,,,,,,,,,,,,,,,,,,,,,,0,0,1
2026-01-28T21:00:00Z,2026-01-28T22:00:00Z,60,2025-12-17T14:07:59Z,1,1014.8669444444445,2026-01-23T16:19:11Z,1,124.68027777777777,,0,,23.0,0.0,0.0,23.0,1,1,0,23.0,121.0,5618.0,59.0,56.0,3.575,220.0,51.0,3.0,1.0,11.0,6.0,16.0,17.0,10.0,,,,,,,,,,,,,,,,,,,,,,,,,,,0,0,1
2026-01-28T21:30:00Z,2026-01-28T22:00:00Z,30,2025-12-17T14:07:59Z,1,1015.3669444444445,2026-01-23T16:19:11Z,1,125.18027777777777,,0,,23.0,0.0,0.0,23.0,1,1,0,23.0,120.5,5617.5,59.0,56.0,3.575,220.0,50.5,2.5,1.0,11.0,6.0,16.0,17.0,10.0,,,,,,,,,,,,,,,,,,,,,,,,,,,0,0,1
2026-01-28T21:30:00Z,2026-01-28T22:30:00Z,60,2025-12-17T14:07:59Z,1,1015.3669444444445,2026-01-23T16:19:11Z,1,125.18027777777777,,0,,23.0,0.0,0.0,23.0,1,1,0,23.0,120.5,5617.5,59.0,56.0,3.575,220.0,50.5,2.5,1.0,11.0,6.0,16.0,17.0,10.0,,,,,,,,,,,,,,,,,,,,,,,,,,,0,0,1
2026-01-28T22:00:00Z,2026-01-28T22:30:00Z,30,2025-12-17T14:07:59Z,1,1015.8669444444445,2026-01-23T16:19:11Z,1,125.68027777777777,,0,,23.0,0.0,0.0,23.0,1,1,0,23.0,120.0,5617.0,59.0,56.0,3.575,220.0,50.0,2.0,1.0,11.0,6.0,16.0,17.0,10.0,,,,,,,,,,,,,,,,,,,,,,,,,,,0,0,1
2026-01-28T22:00:00Z,2026-01-28T23:00:00Z,60,2025-12-17T14:07:59Z,1,1015.8669444444445,2026-01-23T16:19:11Z,1,125.68027777777777,,0,,23.0,0.0,0.0,23.0,1,1,0,23.0,120.0,5617.0,59.0,56.0,3.575,220.0,50.0,2.0,1.0,11.0,6.0,16.0,17.0,10.0,,,,,,,,,,,,,,,,,,,,,,,,,,,0,0,1
2026-01-28T22:30:00Z,2026-01-28T23:00:00Z,30,2025-12-17T14:07:59Z,1,1016.3669444444445,2026-01-23T16:19:11Z,1,126.18027777777777,,0,,23.0,0.0,0.0,23.0,1,1,0,23.0,119.5,5616.5,59.0,56.0,3.575,220.0,49.5,1.5,1.0,11.0,6.0,16.0,17.0,10.0,,,,,,,,,,,,,,,,,,,,,,,,,,,0,0,1
2026-01-28T22:30:00Z,2026-01-28T23:30:00Z,60,2025-12-17T14:07:59Z,1,1016.3669444444445,2026-01-23T16:19:11Z,1,126.18027777777777,,0,,23.0,0.0,0.0,23.0,1,1,0,23.0,119.5,5616.5,59.0,56.0,3.575,220.0,49.5,1.5,1.0,11.0,6.0,16.0,17.0,10.0,,,,,,,,,,,,,,,,,,,,,,,,,,,0,0,1
2026-01-28T23:00:00Z,2026-01-28T23:30:00Z,30,2025-12-17T14:07:59Z,1,1016.8669444444445,2026-01-23T16:19:11Z,1,126.68027777777777,,0,,23.0,0.0,0.0,23.0,1,1,0,23.0,119.0,5616.0,59.0,56.0,3.575,220.0,49.0,1.0,1.0,11.0,6.0,16.0,17.0,10.0,,,,,,,,,,,,,,,,,,,,,,,,,,,0,0,1
2026-01-28T23:00:00Z,2026-01-29T00:00:00Z,60,2025-12-17T14:07:59Z,1,1016.8669444444445,2026-01-23T16:19:11Z,1,126.68027777777777,,0,,23.0,0.0,0.0,23.0,1,1,0,23.0,119.0,5616.0,53.0,50.0,2.75,220.0,49.0,25.0,1.0,11.0,6.0,10.0,17.0,10.0,,,,,,,,,,,,,,,,,,,,,,,,,,,0,0,1
2026-01-28T23:30:00Z,2026-01-29T00:00:00Z,30,2025-12-17T14:07:59Z,1,1017.3669444444445,2026-01-23T16:19:11Z,1,127.18027777777777,,0,,23.0,0.0,0.0,23.0,1,1,0,23.0,118.5,5615.5,53.0,50.0,2.75,220.0,48.5,24.5,1.0,11.0,6.0,10.0,17.0,10.0,,,,,,,,,,,,,,,,,,,,,,,,,,,0,0,1
2026-01-28T23:30:00Z,2026-01-29T00:30:00Z,60,2025-12-17T14:07:59Z,1,1017.3669444444445,2026-01-23T16:19:11Z,1,127.18027777777777,,0,,23.0,0.0,0.0,23.0,1,1,0,23.0,118.5,5615.5,53.0,50.0,2.75,220.0,48.5,24.5,1.0,11.0,6.0,10.0,17.0,10.0,,,,,,,,,,,,,,,,,,,,,,,,,,,0,0,1
2026-01-29T00:00:00Z,2026-01-29T00:30:00Z,30,2025-12-17T14:07:59Z,1,1017.8669444444445,2026-01-23T16:19:11Z,1,127.68027777777777,,0,,23.0,0.0,0.0,23.0,1,1,0,23.0,118.0,5615.0,53.0,50.0,2.75,220.0,48.0,24.0,1.0,11.0,6.0,10.0,17.0,10.0,,,,,,,,,,,,,,,,,,,,,,,,,,,0,0,1
2026-01-29T00:00:00Z,2026-01-29T01:00:00Z,60,2025-12-17T14:07:59Z,1,1017.8669444444445,2026-01-23T16:19:11Z,1,127.68027777777777,,0,,23.0,0.0,0.0,23.0,1,1,0,23.0,118.0,5615.0,53.0,50.0,2.75,220.0,48.0,24.0,1.0,11.0,6.0,10.0,17.0,10.0,,,,,,,,,,,,,,,,,,,,,,,,,,,0,0,1
2026-01-29T00:30:00Z,2026-01-29T01:00:00Z,30,2025-12-17T14:07:59Z,1,1018.3669444444445,2026-01-23T16:19:11Z,1,128.18027777777777,,0,,23.0,0.0,0.0,23.0,1,1,0,23.0,117.5,5614.5,53.0,50.0,2.75,220.0,47.5,23.5,1.0,11.0,6.0,10.0,17.0,10.0,,,,,,,,,,,,,,,,,,,,,,,,,,,0,0,1
2026-01-29T00:30:00Z,2026-01-29T01:30:00Z,60,2025-12-17T14:07:59Z,1,1018.3669444444445,2026-01-23T16:19:11Z,1,128.18027777777777,,0,,23.0,0.0,0.0,23.0,1,1,0,23.0,117.5,5614.5,53.0,50.0,2.75,220.0,47.5,23.5,1.0,11.0,6.0,10.0,17.0,10.0,,,,,,,,,,,,,,,,,,,,,,,,,,,0,0,1
2026-01-29T01:00:00Z,2026-01-29T01:30:00Z,30,2025-12-17T14:07:59Z,1,1018.8669444444445,2026-01-23T16:19:11Z,1,128.68027777777777,,0,,23.0,0.0,0.0,23.0,1,1,0,23.0,117.0,5614.0,53.0,50.0,2.75,220.0,47.0,23.0,1.0,11.0,6.0,10.0,17.0,10.0,,,,,,,,,,,,,,,,,,,,,,,,,,,0,0,1
2026-01-29T01:00:00Z,2026-01-29T02:00:00Z,60,2025-12-17T14:07:59Z,1,1018.8669444444445,2026-01-23T16:19:11Z,1,128.68027777777777,,0,,23.0,0.0,0.0,23.0,1,1,0,23.0,117.0,5614.0,53.0,50.0,2.75,220.0,47.0,23.0,1.0,11.0,6.0,10.0,17.0,10.0,,,,,,,,,,,,,,,,,,,,,,,,,,,0,0,1
2026-01-29T01:30:00Z,2026-01-29T02:00:00Z,30,2025-12-17T14:07:59Z,1,1019.3669444444445,2026-01-23T16:19:11Z,1,129.18027777777777,,0,,23.0,0.0,0.0,23.0,1,1,0,23.0,116.5,5613.5,53.0,50.0,2.75,220.0,46.5,22.5,1.0,11.0,6.0,10.0,17.0,10.0,,,,,,,,,,,,,,,,,,,,,,,,,,,0,0,1
2026-01-29T01:30:00Z,2026-01-29T02:30:00Z,60,2025-12-17T14:07:59Z,1,1019.3669444444445,2026-01-23T16:19:11Z,1,129.18027777777777,,0,,23.0,0.0,0.0,23.0,1,1,0,23.0,116.5,5613.5,53.0,50.0,2.75,220.0,46.5,22.5,1.0,11.0,6.0,10.0,17.0,10.0,,,,,,,,,,,,,,,,,,,,,,,,,,,0,0,1
2026-01-29T02:00:00Z,2026-01-29T02:30:00Z,30,2025-12-17T14:07:59Z,1,1019.8669444444445,2026-01-23T16:19:11Z,1,129.68027777777777,,0,,23.0,0.0,0.0,23.0,1,1,0,23.0,116.0,5613.0,53.0,50.0,2.75,220.0,46.0,22.0,1.0,11.0,6.0,10.0,17.0,10.0,,,,,,,,,,,,,,,,,,,,,,,,,,,0,0,1
2026-01-29T02:00:00Z,2026-01-29T03:00:00Z,60,2025-12-17T14:07:59Z,1,1019.8669444444445,2026-01-23T16:19:11Z,1,129.68027777777777,,0,,23.0,0.0,0.0,23.0,1,1,0,23.0,116.0,5613.0,53.0,50.0,2.75,220.0,46.0,22.0,1.0,11.0,6.0,10.0,17.0,10.0,,,,,,,,,,,,,,,,,,,,,,,,,,,0,0,1
2026-01-29T02:30:00Z,2026-01-29T03:00:00Z,30,2025-12-17T14:07:59Z,1,1020.3669444444445,2026-01-23T16:19:11Z,1,130.18027777777777,,0,,23.0,0.0,0.0,23.0,1,1,0,23.0,115.5,5612.5,53.0,50.0,2.75,220.0,45.5,21.5,1.0,11.0,6.0,10.0,17.0,10.0,,,,,,,,,,,,,,,,,,,,,,,,,,,0,0,1
2026-01-29T02:30:00Z,2026-01-29T03:30:00Z,60,2025-12-17T14:07:59Z,1,1020.3669444444445,2026-01-23T16:19:11Z,1,130.18027777777777,,0,,23.0,0.0,0.0,23.0,1,1,0,23.0,115.5,5612.5,53.0,50.0,2.75,220.0,45.5,21.5,1.0,11.0,6.0,10.0,17.0,10.0,,,,,,,,,,,,,,,,,,,,,,,,,,,0,0,1
2026-01-29T03:00:00Z,2026-01-29T03:30:00Z,30,2025-12-17T14:07:59Z,1,1020.8669444444445,2026-01-23T16:19:11Z,1,130.68027777777777,,0,,23.0,0.0,0.0,23.0,1,1,0,23.0,115.0,5612.0,53.0,50.0,2.75,220.0,45.0,21.0,1.0,11.0,6.0,10.0,17.0,10.0,,,,,,,,,,,,,,,,,,,,,,,,,,,0,0,1
2026-01-29T03:00:00Z,2026-01-29T04:00:00Z,60,2025-12-17T14:07:59Z,1,1020.8669444444445,2026-01-23T16:19:11Z,1,130.68027777777777,,0,,23.0,0.0,0.0,23.0,1,1,0,23.0,115.0,5612.0,53.0,50.0,2.75,220.0,45.0,21.0,1.0,11.0,6.0,10.0,17.0,10.0,,,,,,,,,,,,,,,,,,,,,,,,,,,0,0,1
2026-01-29T03:30:00Z,2026-01-29T04:00:00Z,30,2025-12-17T14:07:59Z,1,1021.3669444444445,2026-01-23T16:19:11Z,1,131.18027777777777,,0,,23.0,0.0,0.0,23.0,1,1,0,23.0,114.5,5611.5,53.0,50.0,2.75,220.0,44.5,20.5,1.0,11.0,6.0,10.0,17.0,10.0,,,,,,,,,,,,,,,,,,,,,,,,,,,0,0,1
2026-01-29T03:30:00Z,2026-01-29T04:30:00Z,60,2025-12-17T14:07:59Z,1,1021.3669444444445,2026-01-23T16:19:11Z,1,131.18027777777777,,0,,23.0,0.0,0.0,23.0,1,1,0,23.0,114.5,5611.5,53.0,50.0,2.75,220.0,44.5,20.5,1.0,11.0,6.0,10.0,17.0,10.0,,,,,,,,,,,,,,,,,,,,,,,,,,,0,0,1
2026-01-29T04:00:00Z,2026-01-29T04:30:00Z,30,2025-12-17T14:07:59Z,1,1021.8669444444445,2026-01-23T16:19:11Z,1,131.68027777777777,,0,,23.0,0.0,0.0,23.0,1,1,0,23.0,114.0,5611.0,53.0,50.0,2.75,220.0,44.0,20.0,1.0,11.0,6.0,10.0,17.0,10.0,,,,,,,,,,,,,,,,,,,,,,,,,,,0,0,1
2026-01-29T04:00:00Z,2026-01-29T05:00:00Z,60,2025-12-17T14:07:59Z,1,1021.8669444444445,2026-01-23T16:19:11Z,1,131.68027777777777,,0,,23.0,0.0,0.0,23.0,1,1,0,23.0,114.0,5611.0,53.0,50.0,2.75,220.0,44.0,20.0,1.0,11.0,6.0,10.0,17.0,10.0,,,,,,,,,,,,,,,,,,,,,,,,,,,0,0,1
2026-01-29T04:30:00Z,2026-01-29T05:00:00Z,30,2025-12-17T14:07:59Z,1,1022.3669444444445,2026-01-23T16:19:11Z,1,132.18027777777777,,0,,23.0,0.0,0.0,23.0,1,1,0,23.0,113.5,5610.5,53.0,50.0,2.75,220.0,43.5,19.5,1.0,11.0,6.0,10.0,17.0,10.0,,,,,,,,,,,,,,,,,,,,,,,,,,,0,0,1
2026-01-29T04:30:00Z,2026-01-29T05:30:00Z,60,2025-12-17T14:07:59Z,1,1022.3669444444445,2026-01-23T16:19:11Z,1,132.18027777777777,,0,,23.0,0.0,0.0,23.0,1,1,0,23.0,113.5,5610.5,53.0,50.0,2.75,220.0,43.5,19.5,1.0,11.0,6.0,10.0,17.0,10.0,,,,,,,,,,,,,,,,,,,,,,,,,,,0,0,1
2026-01-29T05:00:00Z,2026-01-29T05:30:00Z,30,2025-12-17T14:07:59Z,1,1022.8669444444445,2026-01-23T16:19:11Z,1,132.68027777777777,,0,,23.0,0.0,0.0,23.0,1,1,0,23.0,113.0,5610.0,53.0,50.0,2.75,220.0,43.0,19.0,1.0,11.0,6.0,10.0,17.0,10.0,,,,,,,,,,,,,,,,,,,,,,,,,,,0,0,1
2026-01-29T05:00:00Z,2026-01-29T06:00:00Z,60,2025-12-17T14:07:59Z,1,1022.8669444444445,2026-01-23T16:19:11Z,1,132.68027777777777,,0,,23.0,0.0,0.0,23.0,1,1,0,23.0,113.0,5610.0,53.0,50.0,2.75,220.0,43.0,19.0,1.0,11.0,6.0,10.0,17.0,10.0,,,,,,,,,,,,,,,,,,,,,,,,,,,0,0,1
2026-01-29T05:30:00Z,2026-01-29T06:00:00Z,30,2025-12-17T14:07:59Z,1,1023.3669444444445,2026-01-23T16:19:11Z,1,133.18027777777777,,0,,23.0,0.0,0.0,23.0,1,1,0,23.0,112.5,5609.5,53.0,50.0,2.75,220.0,42.5,18.5,1.0,11.0,6.0,10.0,17.0,10.0,,,,,,,,,,,,,,,,,,,,,,,,,,,0,0,1
2026-01-29T05:30:00Z,2026-01-29T06:30:00Z,60,2025-12-17T14:07:59Z,1,1023.3669444444445,2026-01-23T16:19:11Z,1,133.18027777777777,,0,,23.0,0.0,0.0,23.0,1,1,0,23.0,112.5,5609.5,53.0,50.0,2.75,220.0,42.5,18.5,1.0,11.0,6.0,10.0,17.0,10.0,,,,,,,,,,,,,,,,,,,,,,,,,,,0,0,1
2026-01-29T06:00:00Z,2026-01-29T06:30:00Z,30,2025-12-17T14:07:59Z,1,1023.8669444444445,2026-01-23T16:19:11Z,1,133.68027777777777,,0,,23.0,0.0,0.0,23.0,1,1,0,23.0,112.0,5609.0,53.0,50.0,2.75,220.0,42.0,18.0,1.0,11.0,6.0,10.0,17.0,10.0,,,,,,,,,,,,,,,,,,,,,,,,,,,0,0,1
2026-01-29T06:00:00Z,2026-01-29T07:00:00Z,60,2025-12-17T14:07:59Z,1,1023.8669444444445,2026-01-23T16:19:11Z,1,133.68027777777777,,0,,23.0,0.0,0.0,23.0,1,1,0,23.0,112.0,5609.0,53.0,50.0,2.75,220.0,42.0,18.0,1.0,11.0,6.0,10.0,17.0,10.0,,,,,,,,,,,,,,,,,,,,,,,,,,,0,0,1
2026-01-29T06:30:00Z,2026-01-29T07:00:00Z,30,2025-12-17T14:07:59Z,1,1024.3669444444445,2026-01-23T16:19:11Z,1,134.18027777777777,,0,,23.0,0.0,0.0,23.0,1,1,0,23.0,111.5,5608.5,53.0,50.0,2.75,220.0,41.5,17.5,1.0,11.0,6.0,10.0,17.0,10.0,,,,,,,,,,,,,,,,,,,,,,,,,,,0,0,1
2026-01-29T06:30:00Z,2026-01-29T07:30:00Z,60,2025-12-17T14:07:59Z,1,1024.3669444444445,2026-01-23T16:19:11Z,1,134.18027777777777,,0,,23.0,0.0,0.0,23.0,1,1,0,23.0,111.5,5608.5,53.0,50.0,2.75,220.0,41.5,17.5,1.0,11.0,6.0,10.0,17.0,10.0,,,,,,,,,,,,,,,,,,,,,,,,,,,0,0,1
2026-01-29T07:00:00Z,2026-01-29T07:30:00Z,30,2025-12-17T14:07:59Z,1,1024.8669444444445,2026-01-23T16:19:11Z,1,134.68027777777777,,0,,23.0,0.0,0.0,23.0,1,1,0,23.0,111.0,5608.0,53.0,50.0,2.75,220.0,41.0,17.0,1.0,11.0,6.0,10.0,17.0,10.0,,,,,,,,,,,,,,,,,,,,,,,,,,,0,0,1
2026-01-29T07:00:00Z,2026-01-29T08:00:00Z,60,2025-12-17T14:07:59Z,1,1024.8669444444445,2026-01-23T16:19:11Z,1,134.68027777777777,,0,,23.0,0.0,0.0,23.0,1,1,0,23.0,111.0,5608.0,53.0,50.0,2.75,220.0,41.0,17.0,1.0,11.0,6.0,10.0,17.0,10.0,,,,,,,,,,,,,,,,,,,,,,,,,,,0,0,1
2026-01-29T07:30:00Z,2026-01-29T08:00:00Z,30,2025-12-17T14:07:59Z,1,1025.3669444444445,2026-01-23T16:19:11Z,1,135.18027777777777,,0,,23.0,0.0,0.0,23.0,1,1,0,23.0,110.5,5607.5,53.0,50.0,2.75,220.0,40.5,16.5,1.0,11.0,6.0,10.0,17.0,10.0,,,,,,,,,,,,,,,,,,,,,,,,,,,0,0,1
2026-01-29T07:30:00Z,2026-01-29T08:30:00Z,60,2025-12-17T14:07:59Z,1,1025.3669444444445,2026-01-23T16:19:11Z,1,135.18027777777777,,0,,23.0,0.0,0.0,23.0,1,1,0,23.0,110.5,5607.5,53.0,50.0,2.75,220.0,40.5,16.5,1.0,11.0,6.0,10.0,17.0,10.0,,,,,,,,,,,,,,,,,,,,,,,,,,,0,0,1
2026-01-29T08:00:00Z,2026-01-29T08:30:00Z,30,2025-12-17T14:07:59Z,1,1025.8669444444445,2026-01-23T16:19:11Z,1,135.68027777777777,,0,,23.0,0.0,0.0,23.0,1,1,0,23.0,110.0,5607.0,53.0,50.0,2.75,220.0,40.0,16.0,1.0,11.0,6.0,10.0,17.0,10.0,,,,,,,,,,,,,,,,,,,,,,,,,,,0,0,1
2026-01-29T08:00:00Z,2026-01-29T09:00:00Z,60,2025-12-17T14:07:59Z,1,1025.8669444444445,2026-01-23T16:19:11Z,1,135.68027777777777,,0,,23.0,0.0,0.0,23.0,1,1,0,23.0,110.0,5607.0,53.0,50.0,2.75,220.0,40.0,16.0,1.0,11.0,6.0,10.0,17.0,10.0,,,,,,,,,,,,,,,,,,,,,,,,,,,0,0,1
2026-01-29T08:30:00Z,2026-01-29T09:00:00Z,30,2025-12-17T14:07:59Z,1,1026.3669444444445,2026-01-23T16:19:11Z,1,136.18027777777777,,0,,23.0,0.0,0.0,23.0,1,1,0,23.0,109.5,5606.5,53.0,50.0,2.75,220.0,39.5,15.5,1.0,11.0,6.0,10.0,17.0,10.0,,,,,,,,,,,,,,,,,,,,,,,,,,,0,0,1
2026-01-29T08:30:00Z,2026-01-29T09:30:00Z,60,2025-12-17T14:07:59Z,1,1026.3669444444445,2026-01-23T16:19:11Z,1,136.18027777777777,,0,,23.0,0.0,0.0,23.0,1,1,0,23.0,109.5,5606.5,53.0,50.0,2.75,220.0,39.5,15.5,1.0,11.0,6.0,10.0,17.0,10.0,,,,,,,,,,,,,,,,,,,,,,,,,,,0,0,1
2026-01-29T09:00:00Z,2026-01-29T09:30:00Z,30,2025-12-17T14:07:59Z,1,1026.8669444444445,2026-01-23T16:19:11Z,1,136.68027777777777,,0,,23.0,0.0,0.0,23.0,1,1,0,23.0,109.0,5606.0,53.0,50.0,2.75,220.0,39.0,15.0,1.0,11.0,6.0,10.0,17.0,10.0,,,,,,,,,,,,,,,,,,,,,,,,,,,0,0,1
2026-01-29T09:00:00Z,2026-01-29T10:00:00Z,60,2025-12-17T14:07:59Z,1,1026.8669444444445,2026-01-23T16:19:11Z,1,136.68027777777777,,0,,23.0,0.0,0.0,23.0,1,1,0,23.0,109.0,5606.0,53.0,50.0,2.75,220.0,39.0,15.0,1.0,11.0,6.0,10.0,17.0,10.0,,,,,,,,,,,,,,,,,,,,,,,,,,,0,0,1
2026-01-29T09:30:00Z,2026-01-29T10:00:00Z,30,2025-12-17T14:07:59Z,1,1027.3669444444445,2026-01-23T16:19:11Z,1,137.18027777777777,,0,,23.0,0.0,0.0,23.0,1,1,0,23.0,108.5,5605.5,53.0,50.0,2.75,220.0,38.5,14.5,1.0,11.0,6.0,10.0,17.0,10.0,,,,,,,,,,,,,,,,,,,,,,,,,,,0,0,1
2026-01-29T09:30:00Z,2026-01-29T10:30:00Z,60,2025-12-17T14:07:59Z,1,1027.3669444444445,2026-01-23T16:19:11Z,1,137.18027777777777,,0,,23.0,0.0,0.0,23.0,1,1,0,23.0,108.5,5605.5,53.0,50.0,2.75,220.0,38.5,14.5,1.0,11.0,6.0,10.0,17.0,10.0,,,,,,,,,,,,,,,,,,,,,,,,,,,0,0,1
2026-01-29T10:00:00Z,2026-01-29T10:30:00Z,30,2025-12-17T14:07:59Z,1,1027.8669444444445,2026-01-23T16:19:11Z,1,137.68027777777777,,0,,23.0,0.0,0.0,23.0,1,1,0,23.0,108.0,5605.0,53.0,50.0,2.75,220.0,38.0,14.0,1.0,11.0,6.0,10.0,17.0,10.0,,,,,,,,,,,,,,,,,,,,,,,,,,,0,0,1
2026-01-29T10:00:00Z,2026-01-29T11:00:00Z,60,2025-12-17T14:07:59Z,1,1027.8669444444445,2026-01-23T16:19:11Z,1,137.68027777777777,,0,,23.0,0.0,0.0,23.0,1,1,0,23.0,108.0,5605.0,53.0,50.0,2.75,220.0,38.0,14.0,1.0,11.0,6.0,10.0,17.0,10.0,,,,,,,,,,,,,,,,,,,,,,,,,,,0,0,1
2026-01-29T10:30:00Z,2026-01-29T11:00:00Z,30,2025-12-17T14:07:59Z,1,1028.3669444444445,2026-01-23T16:19:11Z,1,138.18027777777777,,0,,23.0,0.0,0.0,23.0,1,1,0,23.0,107.5,5604.5,53.0,50.0,2.75,220.0,37.5,13.5,1.0,11.0,6.0,10.0,17.0,10.0,,,,,,,,,,,,,,,,,,,,,,,,,,,0,0,1
2026-01-29T10:30:00Z,2026-01-29T11:30:00Z,60,2025-12-17T14:07:59Z,1,1028.3669444444445,2026-01-23T16:19:11Z,1,138.18027777777777,,0,,23.0,0.0,0.0,23.0,1,1,0,23.0,107.5,5604.5,53.0,50.0,2.75,220.0,37.5,13.5,1.0,11.0,6.0,10.0,17.0,10.0,,,,,,,,,,,,,,,,,,,,,,,,,,,0,0,1
2026-01-29T11:00:00Z,2026-01-29T11:30:00Z,30,2025-12-17T14:07:59Z,1,1028.8669444444445,2026-01-23T16:19:11Z,1,138.68027777777777,,0,,23.0,0.0,0.0,23.0,1,1,0,23.0,107.0,5604.0,53.0,50.0,2.75,220.0,37.0,13.0,1.0,11.0,6.0,10.0,17.0,10.0,,,,,,,,,,,,,,,,,,,,,,,,,,,0,0,1
2026-01-29T11:00:00Z,2026-01-29T12:00:00Z,60,2025-12-17T14:07:59Z,1,1028.8669444444445,2026-01-23T16:19:11Z,1,138.68027777777777,,0,,23.0,0.0,0.0,23.0,1,1,0,23.0,107.0,5604.0,53.0,50.0,2.75,220.0,37.0,13.0,1.0,11.0,6.0,10.0,17.0,10.0,,,,,,,,,,,,,,,,,,,,,,,,,,,0,0,1
2026-01-29T11:30:00Z,2026-01-29T12:00:00Z,30,2025-12-17T14:07:59Z,1,1029.3669444444445,2026-01-23T16:19:11Z,1,139.18027777777777,,0,,23.0,0.0,0.0,23.0,1,1,0,23.0,106.5,5603.5,53.0,50.0,2.75,220.0,36.5,12.5,1.0,11.0,6.0,10.0,17.0,10.0,,,,,,,,,,,,,,,,,,,,,,,,,,,0,0,1
2026-01-29T11:30:00Z,2026-01-29T12:30:00Z,60,2025-12-17T14:07:59Z,1,1029.3669444444445,2026-01-23T16:19:11Z,1,139.18027777777777,,0,,23.0,0.0,0.0,23.0,1,1,0,23.0,106.5,5603.5,53.0,50.0,2.75,220.0,36.5,12.5,1.0,11.0,6.0,10.0,17.0,10.0,,,,,,,,,,,,,,,,,,,,,,,,,,,0,0,1
2026-01-29T12:00:00Z,2026-01-29T12:30:00Z,30,2025-12-17T14:07:59Z,1,1029.8669444444445,2026-01-23T16:19:11Z,1,139.68027777777777,,0,,23.0,0.0,0.0,23.0,1,1,0,23.0,106.0,5603.0,53.0,50.0,2.75,220.0,36.0,12.0,1.0,11.0,6.0,10.0,17.0,10.0,,,,,,,,,,,,,,,,,,,,,,,,,,,0,0,1
2026-01-29T12:00:00Z,2026-01-29T13:00:00Z,60,2025-12-17T14:07:59Z,1,1029.8669444444445,2026-01-23T16:19:11Z,1,139.68027777777777,,0,,23.0,0.0,0.0,23.0,1,1,0,23.0,106.0,5603.0,53.0,50.0,2.75,220.0,36.0,12.0,1.0,11.0,6.0,10.0,17.0,10.0,,,,,,,,,,,,,,,,,,,,,,,,,,,0,0,1
2026-01-29T12:30:00Z,2026-01-29T13:00:00Z,30,2025-12-17T14:07:59Z,1,1030.3669444444445,2026-01-23T16:19:11Z,1,140.18027777777777,,0,,23.0,0.0,0.0,23.0,1,1,0,23.0,105.5,5602.5,53.0,50.0,2.75,220.0,35.5,11.5,1.0,11.0,6.0,10.0,17.0,10.0,,,,,,,,,,,,,,,,,,,,,,,,,,,0,0,1
2026-01-29T12:30:00Z,2026-01-29T13:30:00Z,60,2025-12-17T14:07:59Z,1,1030.3669444444445,2026-01-23T16:19:11Z,1,140.18027777777777,,0,,23.0,0.0,0.0,23.0,1,1,0,23.0,105.5,5602.5,53.0,50.0,2.75,220.0,35.5,11.5,1.0,11.0,6.0,10.0,17.0,10.0,,,,,,,,,,,,,,,,,,,,,,,,,,,0,0,1
2026-01-29T13:00:00Z,2026-01-29T13:30:00Z,30,2025-12-17T14:07:59Z,1,1030.8669444444445,2026-01-23T16:19:11Z,1,140.68027777777777,,0,,23.0,0.0,0.0,23.0,1,1,0,23.0,105.0,5602.0,53.0,50.0,2.75,220.0,35.0,11.0,1.0,11.0,6.0,10.0,17.0,10.0,,,,,,,,,,,,,,,,,,,,,,,,,,,0,0,1
2026-01-29T13:00:00Z,2026-01-29T14:00:00Z,60,2025-12-17T14:07:59Z,1,1030.8669444444445,2026-01-23T16:19:11Z,1,140.68027777777777,,0,,23.0,0.0,0.0,23.0,1,1,0,23.0,105.0,5602.0,53.0,50.0,2.75,220.0,35.0,11.0,1.0,11.0,6.0,10.0,17.0,10.0,,,,,,,,,,,,,,,,,,,,,,,,,,,0,0,1
2026-01-29T13:30:00Z,2026-01-29T14:00:00Z,30,2025-12-17T14:07:59Z,1,1031.3669444444445,2026-01-23T16:19:11Z,1,141.18027777777777,,0,,23.0,0.0,0.0,23.0,1,1,0,23.0,104.5,5601.5,53.0,50.0,2.75,220.0,34.5,10.5,1.0,11.0,6.0,10.0,17.0,10.0,,,,,,,,,,,,,,,,,,,,,,,,,,,0,0,1
2026-01-29T13:30:00Z,2026-01-29T14:30:00Z,60,2025-12-17T14:07:59Z,1,1031.3669444444445,2026-01-23T16:19:11Z,1,141.18027777777777,,0,,23.0,0.0,0.0,23.0,1,1,0,23.0,104.5,5601.5,53.0,50.0,2.75,220.0,34.5,10.5,1.0,11.0,6.0,10.0,17.0,10.0,,,,,,,,,,,,,,,,,,,,,,,,,,,0,0,1
2026-01-29T14:00:00Z,2026-01-29T14:30:00Z,30,2025-12-17T14:07:59Z,1,1031.8669444444445,2026-01-23T16:19:11Z,1,141.68027777777777,,0,,23.0,0.0,0.0,23.0,1,1,0,23.0,104.0,5601.0,53.0,50.0,2.75,220.0,34.0,10.0,1.0,11.0,6.0,10.0,17.0,10.0,,,,,,,,,,,,,,,,,,,,,,,,,,,0,0,1
2026-01-29T14:00:00Z,2026-01-29T15:00:00Z,60,2025-12-17T14:07:59Z,1,1031.8669444444445,2026-01-23T16:19:11Z,1,141.68027777777777,,0,,23.0,0.0,0.0,23.0,1,1,0,23.0,104.0,5601.0,53.0,50.0,2.75,220.0,34.0,10.0,1.0,11.0,6.0,10.0,17.0,10.0,,,,,,,,,,,,,,,,,,,,,,,,,,,0,0,1
2026-01-29T14:30:00Z,2026-01-29T15:00:00Z,30,2025-12-17T14:07:59Z,1,1032.3669444444445,2026-01-23T16:19:11Z,1,142.18027777777777,,0,,23.0,0.0,0.0,23.0,1,1,0,23.0,103.5,5600.5,53.0,50.0,2.75,220.0,33.5,9.5,1.0,11.0,6.0,10.0,17.0,10.0,,,,,,,,,,,,,,,,,,,,,,,,,,,0,0,1
2026-01-29T14:30:00Z,2026-01-29T15:30:00Z,60,2025-12-17T14:07:59Z,1,1032.3669444444445,2026-01-23T16:19:11Z,1,142.18027777777777,,0,,23.0,0.0,0.0,23.0,1,1,0,23.0,103.5,5600.5,53.0,50.0,2.75,220.0,33.5,9.5,1.0,11.0,6.0,10.0,17.0,10.0,,,,,,,,,,,,,,,,,,,,,,,,,,,0,0,1
2026-01-29T15:00:00Z,2026-01-29T15:30:00Z,30,2025-12-17T14:07:59Z,1,1032.8669444444445,2026-01-23T16:19:11Z,1,142.68027777777777,,0,,23.0,0.0,0.0,23.0,1,1,0,23.0,103.0,5600.0,53.0,50.0,2.75,220.0,33.0,9.0,1.0,11.0,6.0,10.0,17.0,10.0,,,,,,,,,,,,,,,,,,,,,,,,,,,0,0,1
2026-01-29T15:00:00Z,2026-01-29T16:00:00Z,60,2025-12-17T14:07:59Z,1,1032.8669444444445,2026-01-23T16:19:11Z,1,142.68027777777777,,0,,23.0,0.0,0.0,23.0,1,1,0,23.0,103.0,5600.0,53.0,50.0,2.75,220.0,33.0,9.0,1.0,11.0,6.0,10.0,17.0,10.0,,,,,,,,,,,,,,,,,,,,,,,,,,,0,0,1
2026-01-29T15:30:00Z,2026-01-29T16:00:00Z,30,2025-12-17T14:07:59Z,1,1033.3669444444445,2026-01-23T16:19:11Z,1,143.18027777777777,,0,,23.0,0.0,0.0,23.0,1,1,0,23.0,102.5,5599.5,53.0,50.0,2.75,220.0,32.5,8.5,1.0,11.0,6.0,10.0,17.0,10.0,,,,,,,,,,,,,,,,,,,,,,,,,,,0,0,1
2026-01-29T15:30:00Z,2026-01-29T16:30:00Z,60,2025-12-17T14:07:59Z,1,1033.3669444444445,2026-01-23T16:19:11Z,1,143.18027777777777,,0,,23.0,0.0,0.0,23.0,1,1,0,23.0,102.5,5599.5,53.0,50.0,2.75,220.0,32.5,8.5,1.0,11.0,6.0,10.0,17.0,10.0,,,,,,,,,,,,,,,,,,,,,,,,,,,0,0,1
2026-01-29T16:00:00Z,2026-01-29T16:30:00Z,30,2025-12-17T14:07:59Z,1,1033.8669444444445,2026-01-23T16:19:11Z,1,143.68027777777777,,0,,23.0,0.0,0.0,23.0,1,1,0,23.0,102.0,5599.0,53.0,50.0,2.75,220.0,32.0,8.0,1.0,11.0,6.0,10.0,17.0,10.0,,,,,,,,,,,,,,,,,,,,,,,,,,,0,0,1
2026-01-29T16:00:00Z,2026-01-29T17:00:00Z,60,2025-12-17T14:07:59Z,1,1033.8669444444445,2026-01-23T16:19:11Z,1,143.68027777777777,,0,,23.0,0.0,0.0,23.0,1,1,0,23.0,102.0,5599.0,53.0,50.0,2.75,220.0,32.0,8.0,1.0,11.0,6.0,10.0,17.0,10.0,,,,,,,,,,,,,,,,,,,,,,,,,,,0,0,1
2026-01-29T16:30:00Z,2026-01-29T17:00:00Z,30,2025-12-17T14:07:59Z,1,1034.3669444444445,2026-01-23T16:19:11Z,1,144.18027777777777,,0,,23.0,0.0,0.0,23.0,1,1,0,23.0,101.5,5598.5,53.0,50.0,2.75,220.0,31.5,7.5,1.0,11.0,6.0,10.0,17.0,10.0,,,,,,,,,,,,,,,,,,,,,,,,,,,0,0,1
2026-01-29T16:30:00Z,2026-01-29T17:30:00Z,60,2025-12-17T14:07:59Z,1,1034.3669444444445,2026-01-23T16:19:11Z,1,144.18027777777777,,0,,23.0,0.0,0.0,23.0,1,1,0,23.0,101.5,5598.5,53.0,50.0,2.75,220.0,31.5,7.5,1.0,11.0,6.0,10.0,17.0,10.0,,,,,,,,,,,,,,,,,,,,,,,,,,,0,0,1
2026-01-29T17:00:00Z,2026-01-29T17:30:00Z,30,2025-12-17T14:07:59Z,1,1034.8669444444445,2026-01-23T16:19:11Z,1,144.68027777777777,,0,,23.0,0.0,0.0,23.0,1,1,0,23.0,101.0,5598.0,53.0,50.0,2.75,220.0,31.0,7.0,1.0,11.0,6.0,10.0,17.0,10.0,,,,,,,,,,,,,,,,,,,,,,,,,,,0,0,1
2026-01-29T17:00:00Z,2026-01-29T18:00:00Z,60,2025-12-17T14:07:59Z,1,1034.8669444444445,2026-01-23T16:19:11Z,1,144.68027777777777,,0,,23.0,0.0,0.0,23.0,1,1,0,23.0,101.0,5598.0,53.0,50.0,2.75,220.0,31.0,7.0,1.0,11.0,6.0,10.0,17.0,10.0,,,,,,,,,,,,,,,,,,,,,,,,,,,0,0,1
2026-01-29T17:30:00Z,2026-01-29T18:00:00Z,30,2025-12-17T14:07:59Z,1,1035.3669444444445,2026-01-23T16:19:11Z,1,145.18027777777777,,0,,23.0,0.0,0.0,23.0,1,1,0,23.0,100.5,5597.5,53.0,50.0,2.75,220.0,30.5,6.5,1.0,11.0,6.0,10.0,17.0,10.0,,,,,,,,,,,,,,,,,,,,,,,,,,,0,0,1
2026-01-29T17:30:00Z,2026-01-29T18:30:00Z,60,2025-12-17T14:07:59Z,1,1035.3669444444445,2026-01-23T16:19:11Z,1,145.18027777777777,,0,,23.0,0.0,0.0,23.0,1,1,0,23.0,100.5,5597.5,53.0,50.0,2.75,220.0,30.5,6.5,1.0,11.0,6.0,10.0,17.0,10.0,,,,,,,,,,,,,,,,,,,,,,,,,,,0,0,1
2026-01-29T18:00:00Z,2026-01-29T18:30:00Z,30,2025-12-17T14:07:59Z,1,1035.8669444444445,2026-01-23T16:19:11Z,1,145.68027777777777,,0,,23.0,0.0,0.0,23.0,1,1,0,23.0,100.0,5597.0,53.0,50.0,2.75,220.0,30.0,6.0,1.0,11.0,6.0,10.0,17.0,10.0,,,,,,,,,,,,,,,,,,,,,,,,,,,0,0,1
2026-01-29T18:00:00Z,2026-01-29T19:00:00Z,60,2025-12-17T14:07:59Z,1,1035.8669444444445,2026-01-23T16:19:11Z,1,145.68027777777777,,0,,23.0,0.0,0.0,23.0,1,1,0,23.0,100.0,5597.0,53.0,50.0,2.75,220.0,30.0,6.0,1.0,11.0,6.0,10.0,17.0,10.0,,,,,,,,,,,,,,,,,,,,,,,,,,,0,0,1
2026-01-29T18:30:00Z,2026-01-29T19:00:00Z,30,2025-12-17T14:07:59Z,1,1036.3669444444445,2026-01-23T16:19:11Z,1,146.18027777777777,,0,,23.0,0.0,0.0,23.0,1,1,0,23.0,99.5,5596.5,53.0,50.0,2.75,220.0,29.5,5.5,1.0,11.0,6.0,10.0,17.0,10.0,,,,,,,,,,,,,,,,,,,,,,,,,,,0,0,1
2026-01-29T18:30:00Z,2026-01-29T19:30:00Z,60,2025-12-17T14:07:59Z,1,1036.3669444444445,2026-01-23T16:19:11Z,1,146.18027777777777,,0,,23.0,0.0,0.0,23.0,1,1,0,23.0,99.5,5596.5,53.0,50.0,2.75,220.0,29.5,5.5,1.0,11.0,6.0,10.0,17.0,10.0,,,,,,,,,,,,,,,,,,,,,,,,,,,0,0,1
2026-01-29T19:00:00Z,2026-01-29T19:30:00Z,30,2025-12-17T14:07:59Z,1,1036.8669444444445,2026-01-23T16:19:11Z,1,146.68027777777777,,0,,23.0,0.0,0.0,23.0,1,1,0,23.0,99.0,5596.0,53.0,50.0,2.75,220.0,29.0,5.0,1.0,11.0,6.0,10.0,17.0,10.0,,,,,,,,,,,,,,,,,,,,,,,,,,,0,0,1
2026-01-29T19:00:00Z,2026-01-29T20:00:00Z,60,2025-12-17T14:07:59Z,1,1036.8669444444445,2026-01-23T16:19:11Z,1,146.68027777777777,,0,,23.0,0.0,0.0,23.0,1,1,0,23.0,99.0,5596.0,53.0,50.0,2.75,220.0,29.0,5.0,1.0,11.0,6.0,10.0,17.0,10.0,,,,,,,,,,,,,,,,,,,,,,,,,,,0,0,1
2026-01-29T19:30:00Z,2026-01-29T20:00:00Z,30,2025-12-17T14:07:59Z,1,1037.3669444444445,2026-01-23T16:19:11Z,1,147.18027777777777,,0,,23.0,0.0,0.0,23.0,1,1,0,23.0,98.5,5595.5,53.0,50.0,2.75,220.0,28.5,4.5,1.0,11.0,6.0,10.0,17.0,10.0,,,,,,,,,,,,,,,,,,,,,,,,,,,0,0,1
2026-01-29T19:30:00Z,2026-01-29T20:30:00Z,60,2025-12-17T14:07:59Z,1,1037.3669444444445,2026-01-23T16:19:11Z,1,147.18027777777777,,0,,23.0,0.0,0.0,23.0,1,1,0,23.0,98.5,5595.5,53.0,50.0,2.75,220.0,28.5,4.5,1.0,11.0,6.0,10.0,17.0,10.0,,,,,,,,,,,,,,,,,,,,,,,,,,,0,0,1
2026-01-29T20:00:00Z,2026-01-29T20:30:00Z,30,2025-12-17T14:07:59Z,1,1037.8669444444445,2026-01-23T16:19:11Z,1,147.68027777777777,,0,,23.0,0.0,0.0,23.0,1,1,0,23.0,98.0,5595.0,53.0,50.0,2.75,220.0,28.0,4.0,1.0,11.0,6.0,10.0,17.0,10.0,,,,,,,,,,,,,,,,,,,,,,,,,,,0,0,1
2026-01-29T20:00:00Z,2026-01-29T21:00:00Z,60,2025-12-17T14:07:59Z,1,1037.8669444444445,2026-01-23T16:19:11Z,1,147.68027777777777,,0,,23.0,0.0,0.0,23.0,1,1,0,23.0,98.0,5595.0,53.0,50.0,2.75,220.0,28.0,4.0,1.0,11.0,6.0,10.0,17.0,10.0,,,,,,,,,,,,,,,,,,,,,,,,,,,0,0,1
2026-01-29T20:30:00Z,2026-01-29T21:00:00Z,30,2025-12-17T14:07:59Z,1,1038.3669444444445,2026-01-23T16:19:11Z,1,148.18027777777777,,0,,23.0,0.0,0.0,23.0,1,1,0,23.0,97.5,5594.5,53.0,50.0,2.75,220.0,27.5,3.5,1.0,11.0,6.0,10.0,17.0,10.0,,,,,,,,,,,,,,,,,,,,,,,,,,,0,0,1
2026-01-29T20:30:00Z,2026-01-29T21:30:00Z,60,2025-12-17T14:07:59Z,1,1038.3669444444445,2026-01-23T16:19:11Z,1,148.18027777777777,,0,,23.0,0.0,0.0,23.0,1,1,0,23.0,97.5,5594.5,53.0,50.0,2.75,220.0,27.5,3.5,1.0,11.0,6.0,10.0,17.0,10.0,,,,,,,,,,,,,,,,,,,,,,,,,,,0,0,1
2026-01-29T21:00:00Z,2026-01-29T21:30:00Z,30,2025-12-17T14:07:59Z,1,1038.8669444444445,2026-01-23T16:19:11Z,1,148.68027777777777,,0,,23.0,0.0,0.0,23.0,1,1,0,23.0,97.0,5594.0,53.0,50.0,2.75,220.0,27.0,3.0,1.0,11.0,6.0,10.0,17.0,10.0,,,,,,,,,,,,,,,,,,,,,,,,,,,0,0,1
2026-01-29T21:00:00Z,2026-01-29T22:00:00Z,60,2025-12-17T14:07:59Z,1,1038.8669444444445,2026-01-23T16:19:11Z,1,148.68027777777777,,0,,23.0,0.0,0.0,23.0,1,1,0,23.0,97.0,5594.0,53.0,50.0,2.75,220.0,27.0,3.0,1.0,11.0,6.0,10.0,17.0,10.0,,,,,,,,,,,,,,,,,,,,,,,,,,,0,0,1
2026-01-29T21:30:00Z,2026-01-29T22:00:00Z,30,2025-12-17T14:07:59Z,1,1039.3669444444445,2026-01-23T16:19:11Z,1,149.18027777777777,,0,,23.0,0.0,0.0,23.0,1,1,0,23.0,96.5,5593.5,53.0,50.0,2.75,220.0,26.5,2.5,1.0,11.0,6.0,10.0,17.0,10.0,,,,,,,,,,,,,,,,,,,,,,,,,,,0,0,1
2026-01-29T21:30:00Z,2026-01-29T22:30:00Z,60,2025-12-17T14:07:59Z,1,1039.3669444444445,2026-01-23T16:19:11Z,1,149.18027777777777,,0,,23.0,0.0,0.0,23.0,1,1,0,23.0,96.5,5593.5,53.0,50.0,2.75,220.0,26.5,2.5,1.0,11.0,6.0,10.0,17.0,10.0,,,,,,,,,,,,,,,,,,,,,,,,,,,0,0,1
2026-01-29T22:00:00Z,2026-01-29T22:30:00Z,30,2025-12-17T14:07:59Z,1,1039.8669444444445,2026-01-23T16:19:11Z,1,149.68027777777777,,0,,23.0,0.0,0.0,23.0,1,1,0,23.0,96.0,5593.0,53.0,50.0,2.75,220.0,26.0,2.0,1.0,11.0,6.0,10.0,17.0,10.0,,,,,,,,,,,,,,,,,,,,,,,,,,,0,0,1
2026-01-29T22:00:00Z,2026-01-29T23:00:00Z,60,2025-12-17T14:07:59Z,1,1039.8669444444445,2026-01-23T16:19:11Z,1,149.68027777777777,,0,,23.0,0.0,0.0,23.0,1,1,0,23.0,96.0,5593.0,53.0,50.0,2.75,220.0,26.0,2.0,1.0,11.0,6.0,10.0,17.0,10.0,,,,,,,,,,,,,,,,,,,,,,,,,,,0,0,1
2026-01-29T22:30:00Z,2026-01-29T23:00:00Z,30,2025-12-17T14:07:59Z,1,1040.3669444444445,2026-01-23T16:19:11Z,1,150.18027777777777,,0,,23.0,0.0,0.0,23.0,1,1,0,23.0,95.5,5592.5,53.0,50.0,2.75,220.0,25.5,1.5,1.0,11.0,6.0,10.0,17.0,10.0,,,,,,,,,,,,,,,,,,,,,,,,,,,0,0,1
2026-01-29T22:30:00Z,2026-01-29T23:30:00Z,60,2025-12-17T14:07:59Z,1,1040.3669444444445,2026-01-23T16:19:11Z,1,150.18027777777777,,0,,23.0,0.0,0.0,23.0,1,1,0,23.0,95.5,5592.5,53.0,50.0,2.75,220.0,25.5,1.5,1.0,11.0,6.0,10.0,17.0,10.0,,,,,,,,,,,,,,,,,,,,,,,,,,,0,0,1
2026-01-29T23:00:00Z,2026-01-29T23:30:00Z,30,2025-12-17T14:07:59Z,1,1040.8669444444445,2026-01-23T16:19:11Z,1,150.68027777777777,,0,,23.0,0.0,0.0,23.0,1,1,0,23.0,95.0,5592.0,53.0,50.0,2.75,220.0,25.0,1.0,1.0,11.0,6.0,10.0,17.0,10.0,,,,,,,,,,,,,,,,,,,,,,,,,,,0,0,1
2026-01-29T23:00:00Z,2026-01-30T00:00:00Z,60,2025-12-17T14:07:59Z,1,1040.8669444444445,2026-01-23T16:19:11Z,1,150.68027777777777,,0,,23.0,0.0,0.0,23.0,1,1,0,23.0,95.0,5592.0,40.0,37.0,2.475,220.0,25.0,25.0,1.0,11.0,4.0,5.0,16.0,5.0,,,,,,,,,,,,,,,,,,,,,,,,,,,0,0,1
2026-01-29T23:30:00Z,2026-01-30T00:00:00Z,30,2025-12-17T14:07:59Z,1,1041.3669444444445,2026-01-23T16:19:11Z,1,151.18027777777777,,0,,23.0,0.0,0.0,23.0,1,1,0,23.0,94.5,5591.5,40.0,37.0,2.475,220.0,24.5,24.5,1.0,11.0,4.0,5.0,16.0,5.0,,,,,,,,,,,,,,,,,,,,,,,,,,,0,0,1
2026-01-29T23:30:00Z,2026-01-30T00:30:00Z,60,2025-12-17T14:07:59Z,1,1041.3669444444445,2026-01-23T16:19:11Z,1,151.18027777777777,,0,,23.0,0.0,0.0,23.0,1,1,0,23.0,94.5,5591.5,40.0,37.0,2.475,220.0,24.5,24.5,1.0,11.0,4.0,5.0,16.0,5.0,,,,,,,,,,,,,,,,,,,,,,,,,,,0,0,1
2026-01-30T00:00:00Z,2026-01-30T00:30:00Z,30,2025-12-17T14:07:59Z,1,1041.8669444444445,2026-01-23T16:19:11Z,1,151.68027777777777,,0,,23.0,0.0,0.0,23.0,1,1,0,23.0,94.0,5591.0,40.0,37.0,2.475,220.0,24.0,24.0,1.0,11.0,4.0,5.0,16.0,5.0,,,,,,,,,,,,,,,,,,,,,,,,,,,0,0,1
2026-01-30T00:00:00Z,2026-01-30T01:00:00Z,60,2025-12-17T14:07:59Z,1,1041.8669444444445,2026-01-23T16:19:11Z,1,151.68027777777777,,0,,23.0,0.0,0.0,23.0,1,1,0,23.0,94.0,5591.0,40.0,37.0,2.475,220.0,24.0,24.0,1.0,11.0,4.0,5.0,16.0,5.0,,,,,,,,,,,,,,,,,,,,,,,,,,,0,0,1
2026-01-30T00:30:00Z,2026-01-30T01:00:00Z,30,2025-12-17T14:07:59Z,1,1042.3669444444445,2026-01-23T16:19:11Z,1,152.18027777777777,,0,,23.0,0.0,0.0,23.0,1,1,0,23.0,93.5,5590.5,40.0,37.0,2.475,220.0,23.5,23.5,1.0,11.0,4.0,5.0,16.0,5.0,,,,,,,,,,,,,,,,,,,,,,,,,,,0,0,1
2026-01-30T00:30:00Z,2026-01-30T01:30:00Z,60,2025-12-17T14:07:59Z,1,1042.3669444444445,2026-01-23T16:19:11Z,1,152.18027777777777,,0,,23.0,0.0,0.0,23.0,1,1,0,23.0,93.5,5590.5,40.0,37.0,2.475,220.0,23.5,23.5,1.0,11.0,4.0,5.0,16.0,5.0,,,,,,,,,,,,,,,,,,,,,,,,,,,0,0,1
2026-01-30T01:00:00Z,2026-01-30T01:30:00Z,30,2025-12-17T14:07:59Z,1,1042.8669444444445,2026-01-23T16:19:11Z,1,152.68027777777777,,0,,23.0,0.0,0.0,23.0,1,1,0,23.0,93.0,5590.0,40.0,37.0,2.475,220.0,23.0,23.0,1.0,11.0,4.0,5.0,16.0,5.0,,,,,,,,,,,,,,,,,,,,,,,,,,,0,0,1
2026-01-30T01:00:00Z,2026-01-30T02:00:00Z,60,2025-12-17T14:07:59Z,1,1042.8669444444445,2026-01-23T16:19:11Z,1,152.68027777777777,,0,,23.0,0.0,0.0,23.0,1,1,0,23.0,93.0,5590.0,40.0,37.0,2.475,220.0,23.0,23.0,1.0,11.0,4.0,5.0,16.0,5.0,,,,,,,,,,,,,,,,,,,,,,,,,,,0,0,1
2026-01-30T01:30:00Z,2026-01-30T02:00:00Z,30,2025-12-17T14:07:59Z,1,1043.3669444444445,2026-01-23T16:19:11Z,1,153.18027777777777,,0,,23.0,0.0,0.0,23.0,1,1,0,23.0,92.5,5589.5,40.0,37.0,2.475,220.0,22.5,22.5,1.0,11.0,4.0,5.0,16.0,5.0,,,,,,,,,,,,,,,,,,,,,,,,,,,0,0,1
2026-01-30T01:30:00Z,2026-01-30T02:30:00Z,60,2025-12-17T14:07:59Z,1,1043.3669444444445,2026-01-23T16:19:11Z,1,153.18027777777777,,0,,23.0,0.0,0.0,23.0,1,1,0,23.0,92.5,5589.5,40.0,37.0,2.475,220.0,22.5,22.5,1.0,11.0,4.0,5.0,16.0,5.0,,,,,,,,,,,,,,,,,,,,,,,,,,,0,0,1
2026-01-30T02:00:00Z,2026-01-30T02:30:00Z,30,2025-12-17T14:07:59Z,1,1043.8669444444445,2026-01-23T16:19:11Z,1,153.68027777777777,,0,,23.0,0.0,0.0,23.0,1,1,0,23.0,92.0,5589.0,40.0,37.0,2.475,220.0,22.0,22.0,1.0,11.0,4.0,5.0,16.0,5.0,,,,,,,,,,,,,,,,,,,,,,,,,,,0,0,1
2026-01-30T02:00:00Z,2026-01-30T03:00:00Z,60,2025-12-17T14:07:59Z,1,1043.8669444444445,2026-01-23T16:19:11Z,1,153.68027777777777,,0,,23.0,0.0,0.0,23.0,1,1,0,23.0,92.0,5589.0,40.0,37.0,2.475,220.0,22.0,22.0,1.0,11.0,4.0,5.0,16.0,5.0,,,,,,,,,,,,,,,,,,,,,,,,,,,0,0,1
2026-01-30T02:30:00Z,2026-01-30T03:00:00Z,30,2025-12-17T14:07:59Z,1,1044.3669444444445,2026-01-23T16:19:11Z,1,154.18027777777777,,0,,23.0,0.0,0.0,23.0,1,1,0,23.0,91.5,5588.5,40.0,37.0,2.475,220.0,21.5,21.5,1.0,11.0,4.0,5.0,16.0,5.0,,,,,,,,,,,,,,,,,,,,,,,,,,,0,0,1
2026-01-30T02:30:00Z,2026-01-30T03:30:00Z,60,2025-12-17T14:07:59Z,1,1044.3669444444445,2026-01-23T16:19:11Z,1,154.18027777777777,,0,,23.0,0.0,0.0,23.0,1,1,0,23.0,91.5,5588.5,40.0,37.0,2.475,220.0,21.5,21.5,1.0,11.0,4.0,5.0,16.0,5.0,,,,,,,,,,,,,,,,,,,,,,,,,,,0,0,1
2026-01-30T03:00:00Z,2026-01-30T03:30:00Z,30,2025-12-17T14:07:59Z,1,1044.8669444444445,2026-01-23T16:19:11Z,1,154.68027777777777,,0,,23.0,0.0,0.0,23.0,1,1,0,23.0,91.0,5588.0,40.0,37.0,2.475,220.0,21.0,21.0,1.0,11.0,4.0,5.0,16.0,5.0,,,,,,,,,,,,,,,,,,,,,,,,,,,0,0,1
2026-01-30T03:00:00Z,2026-01-30T04:00:00Z,60,2025-12-17T14:07:59Z,1,1044.8669444444445,2026-01-23T16:19:11Z,1,154.68027777777777,,0,,23.0,0.0,0.0,23.0,1,1,0,23.0,91.0,5588.0,40.0,37.0,2.475,220.0,21.0,21.0,1.0,11.0,4.0,5.0,16.0,5.0,,,,,,,,,,,,,,,,,,,,,,,,,,,0,0,1
2026-01-30T03:30:00Z,2026-01-30T04:00:00Z,30,2025-12-17T14:07:59Z,1,1045.3669444444445,2026-01-23T16:19:11Z,1,155.18027777777777,,0,,23.0,0.0,0.0,23.0,1,1,0,23.0,90.5,5587.5,40.0,37.0,2.475,220.0,20.5,20.5,1.0,11.0,4.0,5.0,16.0,5.0,,,,,,,,,,,,,,,,,,,,,,,,,,,0,0,1
2026-01-30T03:30:00Z,2026-01-30T04:30:00Z,60,2025-12-17T14:07:59Z,1,1045.3669444444445,2026-01-23T16:19:11Z,1,155.18027777777777,,0,,23.0,0.0,0.0,23.0,1,1,0,23.0,90.5,5587.5,40.0,37.0,2.475,220.0,20.5,20.5,1.0,11.0,4.0,5.0,16.0,5.0,,,,,,,,,,,,,,,,,,,,,,,,,,,0,0,1
2026-01-30T04:00:00Z,2026-01-30T04:30:00Z,30,2025-12-17T14:07:59Z,1,1045.8669444444445,2026-01-23T16:19:11Z,1,155.68027777777777,,0,,23.0,0.0,0.0,23.0,1,1,0,23.0,90.0,5587.0,40.0,37.0,2.475,220.0,20.0,20.0,1.0,11.0,4.0,5.0,16.0,5.0,,,,,,,,,,,,,,,,,,,,,,,,,,,0,0,1
2026-01-30T04:00:00Z,2026-01-30T05:00:00Z,60,2025-12-17T14:07:59Z,1,1045.8669444444445,2026-01-23T16:19:11Z,1,155.68027777777777,,0,,23.0,0.0,0.0,23.0,1,1,0,23.0,90.0,5587.0,40.0,37.0,2.475,220.0,20.0,20.0,1.0,11.0,4.0,5.0,16.0,5.0,,,,,,,,,,,,,,,,,,,,,,,,,,,0,0,1
2026-01-30T04:30:00Z,2026-01-30T05:00:00Z,30,2025-12-17T14:07:59Z,1,1046.3669444444445,2026-01-23T16:19:11Z,1,156.18027777777777,,0,,23.0,0.0,0.0,23.0,1,1,0,23.0,89.5,5586.5,40.0,37.0,2.475,220.0,19.5,19.5,1.0,11.0,4.0,5.0,16.0,5.0,,,,,,,,,,,,,,,,,,,,,,,,,,,0,0,1
2026-01-30T04:30:00Z,2026-01-30T05:30:00Z,60,2025-12-17T14:07:59Z,1,1046.3669444444445,2026-01-23T16:19:11Z,1,156.18027777777777,,0,,23.0,0.0,0.0,23.0,1,1,0,23.0,89.5,5586.5,40.0,37.0,2.475,220.0,19.5,19.5,1.0,11.0,4.0,5.0,16.0,5.0,,,,,,,,,,,,,,,,,,,,,,,,,,,0,0,1
2026-01-30T05:00:00Z,2026-01-30T05:30:00Z,30,2025-12-17T14:07:59Z,1,1046.8669444444445,2026-01-23T16:19:11Z,1,156.68027777777777,,0,,23.0,0.0,0.0,23.0,1,1,0,23.0,89.0,5586.0,40.0,37.0,2.475,220.0,19.0,19.0,1.0,11.0,4.0,5.0,16.0,5.0,,,,,,,,,,,,,,,,,,,,,,,,,,,0,0,1
2026-01-30T05:00:00Z,2026-01-30T06:00:00Z,60,2025-12-17T14:07:59Z,1,1046.8669444444445,2026-01-23T16:19:11Z,1,156.68027777777777,,0,,23.0,0.0,0.0,23.0,1,1,0,23.0,89.0,5586.0,40.0,37.0,2.475,220.0,19.0,19.0,1.0,11.0,4.0,5.0,16.0,5.0,,,,,,,,,,,,,,,,,,,,,,,,,,,0,0,1
2026-01-30T05:30:00Z,2026-01-30T06:00:00Z,30,2025-12-17T14:07:59Z,1,1047.3669444444445,2026-01-23T16:19:11Z,1,157.18027777777777,,0,,23.0,0.0,0.0,23.0,1,1,0,23.0,88.5,5585.5,40.0,37.0,2.475,220.0,18.5,18.5,1.0,11.0,4.0,5.0,16.0,5.0,,,,,,,,,,,,,,,,,,,,,,,,,,,0,0,1
2026-01-30T05:30:00Z,2026-01-30T06:30:00Z,60,2025-12-17T14:07:59Z,1,1047.3669444444445,2026-01-23T16:19:11Z,1,157.18027777777777,,0,,23.0,0.0,0.0,23.0,1,1,0,23.0,88.5,5585.5,40.0,37.0,2.475,220.0,18.5,18.5,1.0,11.0,4.0,5.0,16.0,5.0,,,,,,,,,,,,,,,,,,,,,,,,,,,0,0,1
2026-01-30T06:00:00Z,2026-01-30T06:30:00Z,30,2025-12-17T14:07:59Z,1,1047.8669444444445,2026-01-23T16:19:11Z,1,157.68027777777777,,0,,23.0,0.0,0.0,23.0,1,1,0,23.0,88.0,5585.0,40.0,37.0,2.475,220.0,18.0,18.0,1.0,11.0,4.0,5.0,16.0,5.0,,,,,,,,,,,,,,,,,,,,,,,,,,,0,0,1
2026-01-30T06:00:00Z,2026-01-30T07:00:00Z,60,2025-12-17T14:07:59Z,1,1047.8669444444445,2026-01-23T16:19:11Z,1,157.68027777777777,,0,,23.0,0.0,0.0,23.0,1,1,0,23.0,88.0,5585.0,40.0,37.0,2.475,220.0,18.0,18.0,1.0,11.0,4.0,5.0,16.0,5.0,,,,,,,,,,,,,,,,,,,,,,,,,,,0,0,1
2026-01-30T06:30:00Z,2026-01-30T07:00:00Z,30,2025-12-17T14:07:59Z,1,1048.3669444444445,2026-01-23T16:19:11Z,1,158.18027777777777,,0,,23.0,0.0,0.0,23.0,1,1,0,23.0,87.5,5584.5,40.0,37.0,2.475,220.0,17.5,17.5,1.0,11.0,4.0,5.0,16.0,5.0,,,,,,,,,,,,,,,,,,,,,,,,,,,0,0,1
2026-01-30T06:30:00Z,2026-01-30T07:30:00Z,60,2025-12-17T14:07:59Z,1,1048.3669444444445,2026-01-23T16:19:11Z,1,158.18027777777777,,0,,23.0,0.0,0.0,23.0,1,1,0,23.0,87.5,5584.5,40.0,37.0,2.475,220.0,17.5,17.5,1.0,11.0,4.0,5.0,16.0,5.0,,,,,,,,,,,,,,,,,,,,,,,,,,,0,0,1
2026-01-30T07:00:00Z,2026-01-30T07:30:00Z,30,2025-12-17T14:07:59Z,1,1048.8669444444445,2026-01-23T16:19:11Z,1,158.68027777777777,,0,,23.0,0.0,0.0,23.0,1,1,0,23.0,87.0,5584.0,40.0,37.0,2.475,220.0,17.0,17.0,1.0,11.0,4.0,5.0,16.0,5.0,,,,,,,,,,,,,,,,,,,,,,,,,,,0,0,1
2026-01-30T07:00:00Z,2026-01-30T08:00:00Z,60,2025-12-17T14:07:59Z,1,1048.8669444444445,2026-01-23T16:19:11Z,1,158.68027777777777,,0,,23.0,0.0,0.0,23.0,1,1,0,23.0,87.0,5584.0,40.0,37.0,2.475,220.0,17.0,17.0,1.0,11.0,4.0,5.0,16.0,5.0,,,,,,,,,,,,,,,,,,,,,,,,,,,0,0,1
2026-01-30T07:30:00Z,2026-01-30T08:00:00Z,30,2025-12-17T14:07:59Z,1,1049.3669444444445,2026-01-23T16:19:11Z,1,159.18027777777777,,0,,23.0,0.0,0.0,23.0,1,1,0,23.0,86.5,5583.5,40.0,37.0,2.475,220.0,16.5,16.5,1.0,11.0,4.0,5.0,16.0,5.0,,,,,,,,,,,,,,,,,,,,,,,,,,,0,0,1
2026-01-30T07:30:00Z,2026-01-30T08:30:00Z,60,2025-12-17T14:07:59Z,1,1049.3669444444445,2026-01-23T16:19:11Z,1,159.18027777777777,,0,,23.0,0.0,0.0,23.0,1,1,0,23.0,86.5,5583.5,40.0,37.0,2.475,220.0,16.5,16.5,1.0,11.0,4.0,5.0,16.0,5.0,,,,,,,,,,,,,,,,,,,,,,,,,,,0,0,1
2026-01-30T08:00:00Z,2026-01-30T08:30:00Z,30,2025-12-17T14:07:59Z,1,1049.8669444444445,2026-01-23T16:19:11Z,1,159.68027777777777,,0,,23.0,0.0,0.0,23.0,1,1,0,23.0,86.0,5583.0,40.0,37.0,2.475,220.0,16.0,16.0,1.0,11.0,4.0,5.0,16.0,5.0,,,,,,,,,,,,,,,,,,,,,,,,,,,0,0,1
2026-01-30T08:00:00Z,2026-01-30T09:00:00Z,60,2025-12-17T14:07:59Z,1,1049.8669444444445,2026-01-23T16:19:11Z,1,159.68027777777777,,0,,23.0,0.0,0.0,23.0,1,1,0,23.0,86.0,5583.0,40.0,37.0,2.475,220.0,16.0,16.0,1.0,11.0,4.0,5.0,16.0,5.0,,,,,,,,,,,,,,,,,,,,,,,,,,,0,0,1
2026-01-30T08:30:00Z,2026-01-30T09:00:00Z,30,2025-12-17T14:07:59Z,1,1050.3669444444445,2026-01-23T16:19:11Z,1,160.18027777777777,,0,,23.0,0.0,0.0,23.0,1,1,0,23.0,85.5,5582.5,40.0,37.0,2.475,220.0,15.5,15.5,1.0,11.0,4.0,5.0,16.0,5.0,,,,,,,,,,,,,,,,,,,,,,,,,,,0,0,1
2026-01-30T08:30:00Z,2026-01-30T09:30:00Z,60,2025-12-17T14:07:59Z,1,1050.3669444444445,2026-01-23T16:19:11Z,1,160.18027777777777,,0,,23.0,0.0,0.0,23.0,1,1,0,23.0,85.5,5582.5,40.0,37.0,2.475,220.0,15.5,15.5,1.0,11.0,4.0,5.0,16.0,5.0,,,,,,,,,,,,,,,,,,,,,,,,,,,0,0,1
2026-01-30T09:00:00Z,2026-01-30T09:30:00Z,30,2025-12-17T14:07:59Z,1,1050.8669444444445,2026-01-23T16:19:11Z,1,160.68027777777777,,0,,23.0,0.0,0.0,23.0,1,1,0,23.0,85.0,5582.0,40.0,37.0,2.475,220.0,15.0,15.0,1.0,11.0,4.0,5.0,16.0,5.0,,,,,,,,,,,,,,,,,,,,,,,,,,,0,0,1
2026-01-30T09:00:00Z,2026-01-30T10:00:00Z,60,2025-12-17T14:07:59Z,1,1050.8669444444445,2026-01-23T16:19:11Z,1,160.68027777777777,,0,,23.0,0.0,0.0,23.0,1,1,0,23.0,85.0,5582.0,40.0,37.0,2.475,220.0,15.0,15.0,1.0,11.0,4.0,5.0,16.0,5.0,,,,,,,,,,,,,,,,,,,,,,,,,,,0,0,1
2026-01-30T09:30:00Z,2026-01-30T10:00:00Z,30,2025-12-17T14:07:59Z,1,1051.3669444444445,2026-01-23T16:19:11Z,1,161.18027777777777,,0,,23.0,0.0,0.0,23.0,1,1,0,23.0,84.5,5581.5,40.0,37.0,2.475,220.0,14.5,14.5,1.0,11.0,4.0,5.0,16.0,5.0,,,,,,,,,,,,,,,,,,,,,,,,,,,0,0,1
2026-01-30T09:30:00Z,2026-01-30T10:30:00Z,60,2025-12-17T14:07:59Z,1,1051.3669444444445,2026-01-23T16:19:11Z,1,161.18027777777777,,0,,23.0,0.0,0.0,23.0,1,1,0,23.0,84.5,5581.5,40.0,37.0,2.475,220.0,14.5,14.5,1.0,11.0,4.0,5.0,16.0,5.0,,,,,,,,,,,,,,,,,,,,,,,,,,,0,0,1
2026-01-30T10:00:00Z,2026-01-30T10:30:00Z,30,2025-12-17T14:07:59Z,1,1051.8669444444445,2026-01-23T16:19:11Z,1,161.68027777777777,,0,,23.0,0.0,0.0,23.0,1,1,0,23.0,84.0,5581.0,40.0,37.0,2.475,220.0,14.0,14.0,1.0,11.0,4.0,5.0,16.0,5.0,,,,,,,,,,,,,,,,,,,,,,,,,,,0,0,1
2026-01-30T10:00:00Z,2026-01-30T11:00:00Z,60,2025-12-17T14:07:59Z,1,1051.8669444444445,2026-01-23T16:19:11Z,1,161.68027777777777,,0,,23.0,0.0,0.0,23.0,1,1,0,23.0,84.0,5581.0,40.0,37.0,2.475,220.0,14.0,14.0,1.0,11.0,4.0,5.0,16.0,5.0,,,,,,,,,,,,,,,,,,,,,,,,,,,0,0,1
2026-01-30T10:30:00Z,2026-01-30T11:00:00Z,30,2025-12-17T14:07:59Z,1,1052.3669444444445,2026-01-23T16:19:11Z,1,162.18027777777777,,0,,23.0,0.0,0.0,23.0,1,1,0,23.0,83.5,5580.5,40.0,37.0,2.475,220.0,13.5,13.5,1.0,11.0,4.0,5.0,16.0,5.0,,,,,,,,,,,,,,,,,,,,,,,,,,,0,0,1
2026-01-30T10:30:00Z,2026-01-30T11:30:00Z,60,2025-12-17T14:07:59Z,1,1052.3669444444445,2026-01-23T16:19:11Z,1,162.18027777777777,,0,,23.0,0.0,0.0,23.0,1,1,0,23.0,83.5,5580.5,40.0,37.0,2.475,220.0,13.5,13.5,1.0,11.0,4.0,5.0,16.0,5.0,,,,,,,,,,,,,,,,,,,,,,,,,,,0,0,1
2026-01-30T11:00:00Z,2026-01-30T11:30:00Z,30,2025-12-17T14:07:59Z,1,1052.8669444444445,2026-01-23T16:19:11Z,1,162.68027777777777,,0,,23.0,0.0,0.0,23.0,1,1,0,23.0,83.0,5580.0,40.0,37.0,2.475,220.0,13.0,13.0,1.0,11.0,4.0,5.0,16.0,5.0,,,,,,,,,,,,,,,,,,,,,,,,,,,0,0,1
2026-01-30T11:00:00Z,2026-01-30T12:00:00Z,60,2025-12-17T14:07:59Z,1,1052.8669444444445,2026-01-23T16:19:11Z,1,162.68027777777777,,0,,23.0,0.0,0.0,23.0,1,1,0,23.0,83.0,5580.0,40.0,37.0,2.475,220.0,13.0,13.0,1.0,11.0,4.0,5.0,16.0,5.0,,,,,,,,,,,,,,,,,,,,,,,,,,,0,0,1
2026-01-30T11:30:00Z,2026-01-30T12:00:00Z,30,2025-12-17T14:07:59Z,1,1053.3669444444445,2026-01-23T16:19:11Z,1,163.18027777777777,,0,,23.0,0.0,0.0,23.0,1,1,0,23.0,82.5,5579.5,40.0,37.0,2.475,220.0,12.5,12.5,1.0,11.0,4.0,5.0,16.0,5.0,,,,,,,,,,,,,,,,,,,,,,,,,,,0,0,1
2026-01-30T11:30:00Z,2026-01-30T12:30:00Z,60,2025-12-17T14:07:59Z,1,1053.3669444444445,2026-01-23T16:19:11Z,1,163.18027777777777,,0,,23.0,0.0,0.0,23.0,1,1,0,23.0,82.5,5579.5,40.0,37.0,2.475,220.0,12.5,12.5,1.0,11.0,4.0,5.0,16.0,5.0,,,,,,,,,,,,,,,,,,,,,,,,,,,0,0,1
2026-01-30T12:00:00Z,2026-01-30T12:30:00Z,30,2025-12-17T14:07:59Z,1,1053.8669444444445,2026-01-23T16:19:11Z,1,163.68027777777777,,0,,23.0,0.0,0.0,23.0,1,1,0,23.0,82.0,5579.0,40.0,37.0,2.475,220.0,12.0,12.0,1.0,11.0,4.0,5.0,16.0,5.0,,,,,,,,,,,,,,,,,,,,,,,,,,,0,0,1
2026-01-30T12:00:00Z,2026-01-30T13:00:00Z,60,2025-12-17T14:07:59Z,1,1053.8669444444445,2026-01-23T16:19:11Z,1,163.68027777777777,,0,,23.0,0.0,0.0,23.0,1,1,0,23.0,82.0,5579.0,40.0,37.0,2.475,220.0,12.0,12.0,1.0,11.0,4.0,5.0,16.0,5.0,,,,,,,,,,,,,,,,,,,,,,,,,,,0,0,1
2026-01-30T12:30:00Z,2026-01-30T13:00:00Z,30,2025-12-17T14:07:59Z,1,1054.3669444444445,2026-01-23T16:19:11Z,1,164.18027777777777,,0,,23.0,0.0,0.0,23.0,1,1,0,23.0,81.5,5578.5,40.0,37.0,2.475,220.0,11.5,11.5,1.0,11.0,4.0,5.0,16.0,5.0,,,,,,,,,,,,,,,,,,,,,,,,,,,0,0,1
2026-01-30T12:30:00Z,2026-01-30T13:30:00Z,60,2025-12-17T14:07:59Z,1,1054.3669444444445,2026-01-23T16:19:11Z,1,164.18027777777777,,0,,23.0,0.0,0.0,23.0,1,1,0,23.0,81.5,5578.5,40.0,37.0,2.475,220.0,11.5,11.5,1.0,11.0,4.0,5.0,16.0,5.0,,,,,,,,,,,,,,,,,,,,,,,,,,,0,0,1
2026-01-30T13:00:00Z,2026-01-30T13:30:00Z,30,2025-12-17T14:07:59Z,1,1054.8669444444445,2026-01-23T16:19:11Z,1,164.68027777777777,,0,,23.0,0.0,0.0,23.0,1,1,0,23.0,81.0,5578.0,40.0,37.0,2.475,220.0,11.0,11.0,1.0,11.0,4.0,5.0,16.0,5.0,,,,,,,,,,,,,,,,,,,,,,,,,,,0,0,1
2026-01-30T13:00:00Z,2026-01-30T14:00:00Z,60,2025-12-17T14:07:59Z,1,1054.8669444444445,2026-01-23T16:19:11Z,1,164.68027777777777,,0,,23.0,0.0,0.0,23.0,1,1,0,23.0,81.0,5578.0,40.0,37.0,2.475,220.0,11.0,11.0,1.0,11.0,4.0,5.0,16.0,5.0,,,,,,,,,,,,,,,,,,,,,,,,,,,0,0,1
2026-01-30T13:30:00Z,2026-01-30T14:00:00Z,30,2025-12-17T14:07:59Z,1,1055.3669444444445,2026-01-23T16:19:11Z,1,165.18027777777777,,0,,23.0,0.0,0.0,23.0,1,1,0,23.0,80.5,5577.5,40.0,37.0,2.475,220.0,10.5,10.5,1.0,11.0,4.0,5.0,16.0,5.0,,,,,,,,,,,,,,,,,,,,,,,,,,,0,0,1
2026-01-30T13:30:00Z,2026-01-30T14:30:00Z,60,2025-12-17T14:07:59Z,1,1055.3669444444445,2026-01-23T16:19:11Z,1,165.18027777777777,,0,,23.0,0.0,0.0,23.0,1,1,0,23.0,80.5,5577.5,40.0,37.0,2.475,220.0,10.5,10.5,1.0,11.0,4.0,5.0,16.0,5.0,,,,,,,,,,,,,,,,,,,,,,,,,,,0,0,1
2026-01-30T14:00:00Z,2026-01-30T14:30:00Z,30,2025-12-17T14:07:59Z,1,1055.8669444444445,2026-01-23T16:19:11Z,1,165.68027777777777,,0,,23.0,0.0,0.0,23.0,1,1,0,23.0,80.0,5577.0,40.0,37.0,2.475,220.0,10.0,10.0,1.0,11.0,4.0,5.0,16.0,5.0,,,,,,,,,,,,,,,,,,,,,,,,,,,0,0,1
2026-01-30T14:00:00Z,2026-01-30T15:00:00Z,60,2025-12-17T14:07:59Z,1,1055.8669444444445,2026-01-23T16:19:11Z,1,165.68027777777777,,0,,23.0,0.0,0.0,23.0,1,1,0,23.0,80.0,5577.0,40.0,37.0,2.475,220.0,10.0,10.0,1.0,11.0,4.0,5.0,16.0,5.0,,,,,,,,,,,,,,,,,,,,,,,,,,,0,0,1
2026-01-30T14:30:00Z,2026-01-30T15:00:00Z,30,2025-12-17T14:07:59Z,1,1056.3669444444445,2026-01-23T16:19:11Z,1,166.18027777777777,,0,,23.0,0.0,0.0,23.0,1,1,0,23.0,79.5,5576.5,40.0,37.0,2.475,220.0,9.5,9.5,1.0,11.0,4.0,5.0,16.0,5.0,,,,,,,,,,,,,,,,,,,,,,,,,,,0,0,1
2026-01-30T14:30:00Z,2026-01-30T15:30:00Z,60,2025-12-17T14:07:59Z,1,1056.3669444444445,2026-01-23T16:19:11Z,1,166.18027777777777,,0,,23.0,0.0,0.0,23.0,1,1,0,23.0,79.5,5576.5,40.0,37.0,2.475,220.0,9.5,9.5,1.0,11.0,4.0,5.0,16.0,5.0,,,,,,,,,,,,,,,,,,,,,,,,,,,0,0,1
2026-01-30T15:00:00Z,2026-01-30T15:30:00Z,30,2025-12-17T14:07:59Z,1,1056.8669444444445,2026-01-23T16:19:11Z,1,166.68027777777777,,0,,23.0,0.0,0.0,23.0,1,1,0,23.0,79.0,5576.0,40.0,37.0,2.475,220.0,9.0,9.0,1.0,11.0,4.0,5.0,16.0,5.0,,,,,,,,,,,,,,,,,,,,,,,,,,,0,0,1
2026-01-30T15:00:00Z,2026-01-30T16:00:00Z,60,2025-12-17T14:07:59Z,1,1056.8669444444445,2026-01-23T16:19:11Z,1,166.68027777777777,,0,,23.0,0.0,0.0,23.0,1,1,0,23.0,79.0,5576.0,40.0,37.0,2.475,220.0,9.0,9.0,1.0,11.0,4.0,5.0,16.0,5.0,,,,,,,,,,,,,,,,,,,,,,,,,,,0,0,1
2026-01-30T15:30:00Z,2026-01-30T16:00:00Z,30,2025-12-17T14:07:59Z,1,1057.3669444444445,2026-01-23T16:19:11Z,1,167.18027777777777,,0,,23.0,0.0,0.0,23.0,1,1,0,23.0,78.5,5575.5,40.0,37.0,2.475,220.0,8.5,8.5,1.0,11.0,4.0,5.0,16.0,5.0,,,,,,,,,,,,,,,,,,,,,,,,,,,0,0,1
2026-01-30T15:30:00Z,2026-01-30T16:30:00Z,60,2025-12-17T14:07:59Z,1,1057.3669444444445,2026-01-23T16:19:11Z,1,167.18027777777777,,0,,23.0,0.0,0.0,23.0,1,1,0,23.0,78.5,5575.5,40.0,37.0,2.475,220.0,8.5,8.5,1.0,11.0,4.0,5.0,16.0,5.0,,,,,,,,,,,,,,,,,,,,,,,,,,,0,0,1
2026-01-30T16:00:00Z,2026-01-30T16:30:00Z,30,2025-12-17T14:07:59Z,1,1057.8669444444445,2026-01-23T16:19:11Z,1,167.68027777777777,,0,,23.0,0.0,0.0,23.0,1,1,0,23.0,78.0,5575.0,40.0,37.0,2.475,220.0,8.0,8.0,1.0,11.0,4.0,5.0,16.0,5.0,,,,,,,,,,,,,,,,,,,,,,,,,,,0,0,1
2026-01-30T16:00:00Z,2026-01-30T17:00:00Z,60,2025-12-17T14:07:59Z,1,1057.8669444444445,2026-01-23T16:19:11Z,1,167.68027777777777,,0,,23.0,0.0,0.0,23.0,1,1,0,23.0,78.0,5575.0,40.0,37.0,2.475,220.0,8.0,8.0,1.0,11.0,4.0,5.0,16.0,5.0,,,,,,,,,,,,,,,,,,,,,,,,,,,0,0,1
2026-01-30T16:30:00Z,2026-01-30T17:00:00Z,30,2025-12-17T14:07:59Z,1,1058.3669444444445,2026-01-23T16:19:11Z,1,168.18027777777777,,0,,23.0,0.0,0.0,23.0,1,1,0,23.0,77.5,5574.5,40.0,37.0,2.475,220.0,7.5,7.5,1.0,11.0,4.0,5.0,16.0,5.0,,,,,,,,,,,,,,,,,,,,,,,,,,,0,0,1
2026-01-30T16:30:00Z,2026-01-30T17:30:00Z,60,2025-12-17T14:07:59Z,1,1058.3669444444445,2026-01-23T16:19:11Z,1,168.18027777777777,,0,,23.0,0.0,0.0,23.0,1,1,0,23.0,77.5,5574.5,40.0,37.0,2.475,220.0,7.5,7.5,1.0,11.0,4.0,5.0,16.0,5.0,,,,,,,,,,,,,,,,,,,,,,,,,,,0,0,1
2026-01-30T17:00:00Z,2026-01-30T17:30:00Z,30,2025-12-17T14:07:59Z,1,1058.8669444444445,2026-01-23T16:19:11Z,1,168.68027777777777,,0,,23.0,0.0,0.0,23.0,1,1,0,23.0,77.0,5574.0,40.0,37.0,2.475,220.0,7.0,7.0,1.0,11.0,4.0,5.0,16.0,5.0,,,,,,,,,,,,,,,,,,,,,,,,,,,0,0,1
2026-01-30T17:00:00Z,2026-01-30T18:00:00Z,60,2025-12-17T14:07:59Z,1,1058.8669444444445,2026-01-23T16:19:11Z,1,168.68027777777777,,0,,23.0,0.0,0.0,23.0,1,1,0,23.0,77.0,5574.0,40.0,37.0,2.475,220.0,7.0,7.0,1.0,11.0,4.0,5.0,16.0,5.0,,,,,,,,,,,,,,,,,,,,,,,,,,,0,0,1
2026-01-30T17:30:00Z,2026-01-30T18:00:00Z,30,2025-12-17T14:07:59Z,1,1059.3669444444445,2026-01-23T16:19:11Z,1,169.18027777777777,,0,,23.0,0.0,0.0,23.0,1,1,0,23.0,76.5,5573.5,40.0,37.0,2.475,220.0,6.5,6.5,1.0,11.0,4.0,5.0,16.0,5.0,,,,,,,,,,,,,,,,,,,,,,,,,,,0,0,1
2026-01-30T17:30:00Z,2026-01-30T18:30:00Z,60,2025-12-17T14:07:59Z,1,1059.3669444444445,2026-01-23T16:19:11Z,1,169.18027777777777,,0,,23.0,0.0,0.0,23.0,1,1,0,23.0,76.5,5573.5,40.0,37.0,2.475,220.0,6.5,6.5,1.0,11.0,4.0,5.0,16.0,5.0,,,,,,,,,,,,,,,,,,,,,,,,,,,0,0,1
2026-01-30T18:00:00Z,2026-01-30T18:30:00Z,30,2025-12-17T14:07:59Z,1,1059.8669444444445,2026-01-23T16:19:11Z,1,169.68027777777777,,0,,23.0,0.0,0.0,23.0,1,1,0,23.0,76.0,5573.0,40.0,37.0,2.475,220.0,6.0,6.0,1.0,11.0,4.0,5.0,16.0,5.0,,,,,,,,,,,,,,,,,,,,,,,,,,,0,0,1
2026-01-30T18:00:00Z,2026-01-30T19:00:00Z,60,2025-12-17T14:07:59Z,1,1059.8669444444445,2026-01-23T16:19:11Z,1,169.68027777777777,,0,,23.0,0.0,0.0,23.0,1,1,0,23.0,76.0,5573.0,40.0,37.0,2.475,220.0,6.0,6.0,1.0,11.0,4.0,5.0,16.0,5.0,,,,,,,,,,,,,,,,,,,,,,,,,,,0,0,1
2026-01-30T18:30:00Z,2026-01-30T19:00:00Z,30,2025-12-17T14:07:59Z,1,1060.3669444444445,2026-01-23T16:19:11Z,1,170.18027777777777,,0,,23.0,0.0,0.0,23.0,1,1,0,23.0,75.5,5572.5,40.0,37.0,2.475,220.0,5.5,5.5,1.0,11.0,4.0,5.0,16.0,5.0,,,,,,,,,,,,,,,,,,,,,,,,,,,0,0,1
2026-01-30T18:30:00Z,2026-01-30T19:30:00Z,60,2025-12-17T14:07:59Z,1,1060.3669444444445,2026-01-23T16:19:11Z,1,170.18027777777777,,0,,23.0,0.0,0.0,23.0,1,1,0,23.0,75.5,5572.5,40.0,37.0,2.475,220.0,5.5,5.5,1.0,11.0,4.0,5.0,16.0,5.0,,,,,,,,,,,,,,,,,,,,,,,,,,,0,0,1
2026-01-30T19:00:00Z,2026-01-30T19:30:00Z,30,2025-12-17T14:07:59Z,1,1060.8669444444445,2026-01-23T16:19:11Z,1,170.68027777777777,,0,,23.0,0.0,0.0,23.0,1,1,0,23.0,75.0,5572.0,40.0,37.0,2.475,220.0,5.0,5.0,1.0,11.0,4.0,5.0,16.0,5.0,,,,,,,,,,,,,,,,,,,,,,,,,,,0,0,1
2026-01-30T19:00:00Z,2026-01-30T20:00:00Z,60,2025-12-17T14:07:59Z,1,1060.8669444444445,2026-01-23T16:19:11Z,1,170.68027777777777,,0,,23.0,0.0,0.0,23.0,1,1,0,23.0,75.0,5572.0,40.0,37.0,2.475,220.0,5.0,5.0,1.0,11.0,4.0,5.0,16.0,5.0,,,,,,,,,,,,,,,,,,,,,,,,,,,0,0,1
2026-01-30T19:30:00Z,2026-01-30T20:00:00Z,30,2025-12-17T14:07:59Z,1,1061.3669444444445,2026-01-23T16:19:11Z,1,171.18027777777777,,0,,23.0,0.0,0.0,23.0,1,1,0,23.0,74.5,5571.5,40.0,37.0,2.475,220.0,4.5,4.5,1.0,11.0,4.0,5.0,16.0,5.0,,,,,,,,,,,,,,,,,,,,,,,,,,,0,0,1
2026-01-30T19:30:00Z,2026-01-30T20:30:00Z,60,2025-12-17T14:07:59Z,1,1061.3669444444445,2026-01-23T16:19:11Z,1,171.18027777777777,,0,,23.0,0.0,0.0,23.0,1,1,0,23.0,74.5,5571.5,40.0,37.0,2.475,220.0,4.5,4.5,1.0,11.0,4.0,5.0,16.0,5.0,,,,,,,,,,,,,,,,,,,,,,,,,,,0,0,1
2026-01-30T20:00:00Z,2026-01-30T20:30:00Z,30,2025-12-17T14:07:59Z,1,1061.8669444444445,2026-01-23T16:19:11Z,1,171.68027777777777,,0,,23.0,0.0,0.0,23.0,1,1,0,23.0,74.0,5571.0,40.0,37.0,2.475,220.0,4.0,4.0,1.0,11.0,4.0,5.0,16.0,5.0,,,,,,,,,,,,,,,,,,,,,,,,,,,0,0,1
2026-01-30T20:00:00Z,2026-01-30T21:00:00Z,60,2025-12-17T14:07:59Z,1,1061.8669444444445,2026-01-23T16:19:11Z,1,171.68027777777777,,0,,23.0,0.0,0.0,23.0,1,1,0,23.0,74.0,5571.0,40.0,37.0,2.475,220.0,4.0,4.0,1.0,11.0,4.0,5.0,16.0,5.0,,,,,,,,,,,,,,,,,,,,,,,,,,,0,0,1
2026-01-30T20:30:00Z,2026-01-30T21:00:00Z,30,2025-12-17T14:07:59Z,1,1062.3669444444445,2026-01-23T16:19:11Z,1,172.18027777777777,,0,,23.0,0.0,0.0,23.0,1,1,0,23.0,73.5,5570.5,40.0,37.0,2.475,220.0,3.5,3.5,1.0,11.0,4.0,5.0,16.0,5.0,,,,,,,,,,,,,,,,,,,,,,,,,,,0,0,1
2026-01-30T20:30:00Z,2026-01-30T21:30:00Z,60,2025-12-17T14:07:59Z,1,1062.3669444444445,2026-01-23T16:19:11Z,1,172.18027777777777,,0,,23.0,0.0,0.0,23.0,1,1,0,23.0,73.5,5570.5,40.0,37.0,2.475,220.0,3.5,3.5,1.0,11.0,4.0,5.0,16.0,5.0,,,,,,,,,,,,,,,,,,,,,,,,,,,0,0,1
2026-01-30T21:00:00Z,2026-01-30T21:30:00Z,30,2025-12-17T14:07:59Z,1,1062.8669444444445,2026-01-23T16:19:11Z,1,172.68027777777777,,0,,23.0,0.0,0.0,23.0,1,1,0,23.0,73.0,5570.0,40.0,37.0,2.475,220.0,3.0,3.0,1.0,11.0,4.0,5.0,16.0,5.0,,,,,,,,,,,,,,,,,,,,,,,,,,,0,0,1
2026-01-30T21:00:00Z,2026-01-30T22:00:00Z,60,2025-12-17T14:07:59Z,1,1062.8669444444445,2026-01-23T16:19:11Z,1,172.68027777777777,,0,,23.0,0.0,0.0,23.0,1,1,0,23.0,73.0,5570.0,40.0,37.0,2.475,220.0,3.0,3.0,1.0,11.0,4.0,5.0,16.0,5.0,,,,,,,,,,,,,,,,,,,,,,,,,,,0,0,1
2026-01-30T21:30:00Z,2026-01-30T22:00:00Z,30,2025-12-17T14:07:59Z,1,1063.3669444444445,2026-01-23T16:19:11Z,1,173.18027777777777,,0,,23.0,0.0,0.0,23.0,1,1,0,23.0,72.5,5569.5,40.0,37.0,2.475,220.0,2.5,2.5,1.0,11.0,4.0,5.0,16.0,5.0,,,,,,,,,,,,,,,,,,,,,,,,,,,0,0,1
2026-01-30T21:30:00Z,2026-01-30T22:30:00Z,60,2025-12-17T14:07:59Z,1,1063.3669444444445,2026-01-23T16:19:11Z,1,173.18027777777777,,0,,23.0,0.0,0.0,23.0,1,1,0,23.0,72.5,5569.5,40.0,37.0,2.475,220.0,2.5,2.5,1.0,11.0,4.0,5.0,16.0,5.0,,,,,,,,,,,,,,,,,,,,,,,,,,,0,0,1
2026-01-30T22:00:00Z,2026-01-30T22:30:00Z,30,2025-12-17T14:07:59Z,1,1063.8669444444445,2026-01-23T16:19:11Z,1,173.68027777777777,,0,,23.0,0.0,0.0,23.0,1,1,0,23.0,72.0,5569.0,40.0,37.0,2.475,220.0,2.0,2.0,1.0,11.0,4.0,5.0,16.0,5.0,,,,,,,,,,,,,,,,,,,,,,,,,,,0,0,1
2026-01-30T22:00:00Z,2026-01-30T23:00:00Z,60,2025-12-17T14:07:59Z,1,1063.8669444444445,2026-01-23T16:19:11Z,1,173.68027777777777,,0,,23.0,0.0,0.0,23.0,1,1,0,23.0,72.0,5569.0,40.0,37.0,2.475,220.0,2.0,2.0,1.0,11.0,4.0,5.0,16.0,5.0,,,,,,,,,,,,,,,,,,,,,,,,,,,0,0,1
2026-01-30T22:30:00Z,2026-01-30T23:00:00Z,30,2025-12-17T14:07:59Z,1,1064.3669444444445,2026-01-23T16:19:11Z,1,174.18027777777777,,0,,23.0,0.0,0.0,23.0,1,1,0,23.0,71.5,5568.5,40.0,37.0,2.475,220.0,1.5,1.5,1.0,11.0,4.0,5.0,16.0,5.0,,,,,,,,,,,,,,,,,,,,,,,,,,,0,0,1
2026-01-30T22:30:00Z,2026-01-30T23:30:00Z,60,2025-12-17T14:07:59Z,1,1064.3669444444445,2026-01-23T16:19:11Z,1,174.18027777777777,,0,,23.0,0.0,0.0,23.0,1,1,0,23.0,71.5,5568.5,40.0,37.0,2.475,220.0,1.5,1.5,1.0,11.0,4.0,5.0,16.0,5.0,,,,,,,,,,,,,,,,,,,,,,,,,,,0,0,1
2026-01-30T23:00:00Z,2026-01-30T23:30:00Z,30,2025-12-17T14:07:59Z,1,1064.8669444444445,2026-01-23T16:19:11Z,1,174.68027777777777,,0,,23.0,0.0,0.0,23.0,1,1,0,23.0,71.0,5568.0,40.0,37.0,2.475,220.0,1.0,1.0,1.0,11.0,4.0,5.0,16.0,5.0,,,,,,,,,,,,,,,,,,,,,,,,,,,0,0,1
2026-01-30T23:00:00Z,2026-01-31T00:00:00Z,60,2025-12-17T14:07:59Z,1,1064.8669444444445,2026-01-23T16:19:11Z,1,174.68027777777777,,0,,23.0,0.0,0.0,23.0,1,1,0,23.0,71.0,5568.0,26.0,23.0,1.65,220.0,1.0,25.0,0.0,2.0,4.0,8.0,7.0,5.0,,,,,,,,,,,,,,,,,,,,,,,,,,,0,0,1
2026-01-30T23:30:00Z,2026-01-31T00:00:00Z,30,2025-12-17T14:07:59Z,1,1065.3669444444445,2026-01-23T16:19:11Z,1,175.18027777777777,,0,,23.0,0.0,0.0,23.0,1,1,0,23.0,70.5,5567.5,26.0,23.0,1.65,220.0,0.5,24.5,0.0,2.0,4.0,8.0,7.0,5.0,,,,,,,,,,,,,,,,,,,,,,,,,,,0,0,1
2026-01-30T23:30:00Z,2026-01-31T00:30:00Z,60,2025-12-17T14:07:59Z,1,1065.3669444444445,2026-01-23T16:19:11Z,1,175.18027777777777,,0,,23.0,0.0,0.0,23.0,1,1,0,23.0,70.5,5567.5,26.0,23.0,1.65,220.0,0.5,24.5,0.0,2.0,4.0,8.0,7.0,5.0,,,,,,,,,,,,,,,,,,,,,,,,,,,0,0,1
2026-01-31T00:00:00Z,2026-01-31T00:30:00Z,30,2025-12-17T14:07:59Z,1,1065.8669444444445,2026-01-23T16:19:11Z,1,175.68027777777777,,0,,23.0,0.0,0.0,23.0,1,1,0,23.0,70.0,5567.0,26.0,23.0,1.65,220.0,72.0,24.0,0.0,2.0,4.0,8.0,7.0,5.0,,,,,,,,,,,,,,,,,,,,,,,,,,,0,0,1
2026-01-31T00:00:00Z,2026-01-31T01:00:00Z,60,2025-12-17T14:07:59Z,1,1065.8669444444445,2026-01-23T16:19:11Z,1,175.68027777777777,,0,,23.0,0.0,0.0,23.0,1,1,0,23.0,70.0,5567.0,26.0,23.0,1.65,220.0,72.0,24.0,0.0,2.0,4.0,8.0,7.0,5.0,,,,,,,,,,,,,,,,,,,,,,,,,,,0,0,1
2026-01-31T00:30:00Z,2026-01-31T01:00:00Z,30,2025-12-17T14:07:59Z,1,1066.3669444444445,2026-01-23T16:19:11Z,1,176.18027777777777,,0,,23.0,0.0,0.0,23.0,1,1,0,23.0,69.5,5566.5,26.0,23.0,1.65,220.0,71.5,23.5,0.0,2.0,4.0,8.0,7.0,5.0,,,,,,,,,,,,,,,,,,,,,,,,,,,0,0,1
2026-01-31T00:30:00Z,2026-01-31T01:30:00Z,60,2025-12-17T14:07:59Z,1,1066.3669444444445,2026-01-23T16:19:11Z,1,176.18027777777777,,0,,23.0,0.0,0.0,23.0,1,1,0,23.0,69.5,5566.5,26.0,23.0,1.65,220.0,71.5,23.5,0.0,2.0,4.0,8.0,7.0,5.0,,,,,,,,,,,,,,,,,,,,,,,,,,,0,0,1
2026-01-31T01:00:00Z,2026-01-31T01:30:00Z,30,2025-12-17T14:07:59Z,1,1066.8669444444445,2026-01-23T16:19:11Z,1,176.68027777777777,,0,,23.0,0.0,0.0,23.0,1,1,0,23.0,69.0,5566.0,26.0,23.0,1.65,220.0,71.0,23.0,0.0,2.0,4.0,8.0,7.0,5.0,,,,,,,,,,,,,,,,,,,,,,,,,,,0,0,1
2026-01-31T01:00:00Z,2026-01-31T02:00:00Z,60,2025-12-17T14:07:59Z,1,1066.8669444444445,2026-01-23T16:19:11Z,1,176.68027777777777,,0,,23.0,0.0,0.0,23.0,1,1,0,23.0,69.0,5566.0,26.0,23.0,1.65,220.0,71.0,23.0,0.0,2.0,4.0,8.0,7.0,5.0,,,,,,,,,,,,,,,,,,,,,,,,,,,0,0,1
2026-01-31T01:30:00Z,2026-01-31T02:00:00Z,30,2025-12-17T14:07:59Z,1,1067.3669444444445,2026-01-23T16:19:11Z,1,177.18027777777777,,0,,23.0,0.0,0.0,23.0,1,1,0,23.0,68.5,5565.5,26.0,23.0,1.65,220.0,70.5,22.5,0.0,2.0,4.0,8.0,7.0,5.0,,,,,,,,,,,,,,,,,,,,,,,,,,,0,0,1
2026-01-31T01:30:00Z,2026-01-31T02:30:00Z,60,2025-12-17T14:07:59Z,1,1067.3669444444445,2026-01-23T16:19:11Z,1,177.18027777777777,,0,,23.0,0.0,0.0,23.0,1,1,0,23.0,68.5,5565.5,26.0,23.0,1.65,220.0,70.5,22.5,0.0,2.0,4.0,8.0,7.0,5.0,,,,,,,,,,,,,,,,,,,,,,,,,,,0,0,1
2026-01-31T02:00:00Z,2026-01-31T02:30:00Z,30,2025-12-17T14:07:59Z,1,1067.8669444444445,2026-01-23T16:19:11Z,1,177.68027777777777,,0,,23.0,0.0,0.0,23.0,1,1,0,23.0,68.0,5565.0,26.0,23.0,1.65,220.0,70.0,22.0,0.0,2.0,4.0,8.0,7.0,5.0,,,,,,,,,,,,,,,,,,,,,,,,,,,0,0,1
2026-01-31T02:00:00Z,2026-01-31T03:00:00Z,60,2025-12-17T14:07:59Z,1,1067.8669444444445,2026-01-23T16:19:11Z,1,177.68027777777777,,0,,23.0,0.0,0.0,23.0,1,1,0,23.0,68.0,5565.0,26.0,23.0,1.65,220.0,70.0,22.0,0.0,2.0,4.0,8.0,7.0,5.0,,,,,,,,,,,,,,,,,,,,,,,,,,,0,0,1
2026-01-31T02:30:00Z,2026-01-31T03:00:00Z,30,2025-12-17T14:07:59Z,1,1068.3669444444445,2026-01-23T16:19:11Z,1,178.18027777777777,,0,,23.0,0.0,0.0,23.0,1,1,0,23.0,67.5,5564.5,26.0,23.0,1.65,220.0,69.5,21.5,0.0,2.0,4.0,8.0,7.0,5.0,,,,,,,,,,,,,,,,,,,,,,,,,,,0,0,1
2026-01-31T02:30:00Z,2026-01-31T03:30:00Z,60,2025-12-17T14:07:59Z,1,1068.3669444444445,2026-01-23T16:19:11Z,1,178.18027777777777,,0,,23.0,0.0,0.0,23.0,1,1,0,23.0,67.5,5564.5,26.0,23.0,1.65,220.0,69.5,21.5,0.0,2.0,4.0,8.0,7.0,5.0,,,,,,,,,,,,,,,,,,,,,,,,,,,0,0,1
2026-01-31T03:00:00Z,2026-01-31T03:30:00Z,30,2025-12-17T14:07:59Z,1,1068.8669444444445,2026-01-23T16:19:11Z,1,178.68027777777777,,0,,23.0,0.0,0.0,23.0,1,1,0,23.0,67.0,5564.0,26.0,23.0,1.65,220.0,69.0,21.0,0.0,2.0,4.0,8.0,7.0,5.0,,,,,,,,,,,,,,,,,,,,,,,,,,,0,0,1
2026-01-31T03:00:00Z,2026-01-31T04:00:00Z,60,2025-12-17T14:07:59Z,1,1068.8669444444445,2026-01-23T16:19:11Z,1,178.68027777777777,,0,,23.0,0.0,0.0,23.0,1,1,0,23.0,67.0,5564.0,26.0,23.0,1.65,220.0,69.0,21.0,0.0,2.0,4.0,8.0,7.0,5.0,,,,,,,,,,,,,,,,,,,,,,,,,,,0,0,1
2026-01-31T03:30:00Z,2026-01-31T04:00:00Z,30,2025-12-17T14:07:59Z,1,1069.3669444444445,2026-01-23T16:19:11Z,1,179.18027777777777,,0,,23.0,0.0,0.0,23.0,1,1,0,23.0,66.5,5563.5,26.0,23.0,1.65,220.0,68.5,20.5,0.0,2.0,4.0,8.0,7.0,5.0,,,,,,,,,,,,,,,,,,,,,,,,,,,0,0,1
2026-01-31T03:30:00Z,2026-01-31T04:30:00Z,60,2025-12-17T14:07:59Z,1,1069.3669444444445,2026-01-23T16:19:11Z,1,179.18027777777777,,0,,23.0,0.0,0.0,23.0,1,1,0,23.0,66.5,5563.5,26.0,23.0,1.65,220.0,68.5,20.5,0.0,2.0,4.0,8.0,7.0,5.0,,,,,,,,,,,,,,,,,,,,,,,,,,,0,0,1
2026-01-31T04:00:00Z,2026-01-31T04:30:00Z,30,2025-12-17T14:07:59Z,1,1069.8669444444445,2026-01-23T16:19:11Z,1,179.68027777777777,,0,,23.0,0.0,0.0,23.0,1,1,0,23.0,66.0,5563.0,26.0,23.0,1.65,220.0,68.0,20.0,0.0,2.0,4.0,8.0,7.0,5.0,,,,,,,,,,,,,,,,,,,,,,,,,,,0,0,1
2026-01-31T04:00:00Z,2026-01-31T05:00:00Z,60,2025-12-17T14:07:59Z,1,1069.8669444444445,2026-01-23T16:19:11Z,1,179.68027777777777,,0,,23.0,0.0,0.0,23.0,1,1,0,23.0,66.0,5563.0,26.0,23.0,1.65,220.0,68.0,20.0,0.0,2.0,4.0,8.0,7.0,5.0,,,,,,,,,,,,,,,,,,,,,,,,,,,0,0,1
2026-01-31T04:30:00Z,2026-01-31T05:00:00Z,30,2025-12-17T14:07:59Z,1,1070.3669444444445,2026-01-23T16:19:11Z,1,180.18027777777777,,0,,23.0,0.0,0.0,23.0,1,1,0,23.0,65.5,5562.5,26.0,23.0,1.65,220.0,67.5,19.5,0.0,2.0,4.0,8.0,7.0,5.0,,,,,,,,,,,,,,,,,,,,,,,,,,,0,0,1
2026-01-31T04:30:00Z,2026-01-31T05:30:00Z,60,2025-12-17T14:07:59Z,1,1070.3669444444445,2026-01-23T16:19:11Z,1,180.18027777777777,,0,,23.0,0.0,0.0,23.0,1,1,0,23.0,65.5,5562.5,26.0,23.0,1.65,220.0,67.5,19.5,0.0,2.0,4.0,8.0,7.0,5.0,,,,,,,,,,,,,,,,,,,,,,,,,,,0,0,1
2026-01-31T05:00:00Z,2026-01-31T05:30:00Z,30,2025-12-17T14:07:59Z,1,1070.8669444444445,2026-01-23T16:19:11Z,1,180.68027777777777,,0,,23.0,0.0,0.0,23.0,1,1,0,23.0,65.0,5562.0,26.0,23.0,1.65,220.0,67.0,19.0,0.0,2.0,4.0,8.0,7.0,5.0,,,,,,,,,,,,,,,,,,,,,,,,,,,0,0,1
2026-01-31T05:00:00Z,2026-01-31T06:00:00Z,60,2025-12-17T14:07:59Z,1,1070.8669444444445,2026-01-23T16:19:11Z,1,180.68027777777777,,0,,23.0,0.0,0.0,23.0,1,1,0,23.0,65.0,5562.0,26.0,23.0,1.65,220.0,67.0,19.0,0.0,2.0,4.0,8.0,7.0,5.0,,,,,,,,,,,,,,,,,,,,,,,,,,,0,0,1
2026-01-31T05:30:00Z,2026-01-31T06:00:00Z,30,2025-12-17T14:07:59Z,1,1071.3669444444445,2026-01-23T16:19:11Z,1,181.18027777777777,,0,,23.0,0.0,0.0,23.0,1,1,0,23.0,64.5,5561.5,26.0,23.0,1.65,220.0,66.5,18.5,0.0,2.0,4.0,8.0,7.0,5.0,,,,,,,,,,,,,,,,,,,,,,,,,,,0,0,1
2026-01-31T05:30:00Z,2026-01-31T06:30:00Z,60,2025-12-17T14:07:59Z,1,1071.3669444444445,2026-01-23T16:19:11Z,1,181.18027777777777,,0,,23.0,0.0,0.0,23.0,1,1,0,23.0,64.5,5561.5,26.0,23.0,1.65,220.0,66.5,18.5,0.0,2.0,4.0,8.0,7.0,5.0,,,,,,,,,,,,,,,,,,,,,,,,,,,0,0,1
2026-01-31T06:00:00Z,2026-01-31T06:30:00Z,30,2025-12-17T14:07:59Z,1,1071.8669444444445,2026-01-23T16:19:11Z,1,181.68027777777777,,0,,23.0,0.0,0.0,23.0,1,1,0,23.0,64.0,5561.0,26.0,23.0,1.65,220.0,66.0,18.0,0.0,2.0,4.0,8.0,7.0,5.0,,,,,,,,,,,,,,,,,,,,,,,,,,,0,0,1
2026-01-31T06:00:00Z,2026-01-31T07:00:00Z,60,2025-12-17T14:07:59Z,1,1071.8669444444445,2026-01-23T16:19:11Z,1,181.68027777777777,,0,,23.0,0.0,0.0,23.0,1,1,0,23.0,64.0,5561.0,26.0,23.0,1.65,220.0,66.0,18.0,0.0,2.0,4.0,8.0,7.0,5.0,,,,,,,,,,,,,,,,,,,,,,,,,,,0,0,1
2026-01-31T06:30:00Z,2026-01-31T07:00:00Z,30,2025-12-17T14:07:59Z,1,1072.3669444444445,2026-01-23T16:19:11Z,1,182.18027777777777,,0,,23.0,0.0,0.0,23.0,1,1,0,23.0,63.5,5560.5,26.0,23.0,1.65,220.0,65.5,17.5,0.0,2.0,4.0,8.0,7.0,5.0,,,,,,,,,,,,,,,,,,,,,,,,,,,0,0,1
2026-01-31T06:30:00Z,2026-01-31T07:30:00Z,60,2025-12-17T14:07:59Z,1,1072.3669444444445,2026-01-23T16:19:11Z,1,182.18027777777777,,0,,23.0,0.0,0.0,23.0,1,1,0,23.0,63.5,5560.5,26.0,23.0,1.65,220.0,65.5,17.5,0.0,2.0,4.0,8.0,7.0,5.0,,,,,,,,,,,,,,,,,,,,,,,,,,,0,0,1
2026-01-31T07:00:00Z,2026-01-31T07:30:00Z,30,2025-12-17T14:07:59Z,1,1072.8669444444445,2026-01-23T16:19:11Z,1,182.68027777777777,,0,,23.0,0.0,0.0,23.0,1,1,0,23.0,63.0,5560.0,26.0,23.0,1.65,220.0,65.0,17.0,0.0,2.0,4.0,8.0,7.0,5.0,,,,,,,,,,,,,,,,,,,,,,,,,,,0,0,1
2026-01-31T07:00:00Z,2026-01-31T08:00:00Z,60,2025-12-17T14:07:59Z,1,1072.8669444444445,2026-01-23T16:19:11Z,1,182.68027777777777,,0,,23.0,0.0,0.0,23.0,1,1,0,23.0,63.0,5560.0,26.0,23.0,1.65,220.0,65.0,17.0,0.0,2.0,4.0,8.0,7.0,5.0,,,,,,,,,,,,,,,,,,,,,,,,,,,0,0,1
2026-01-31T07:30:00Z,2026-01-31T08:00:00Z,30,2025-12-17T14:07:59Z,1,1073.3669444444445,2026-01-23T16:19:11Z,1,183.18027777777777,,0,,23.0,0.0,0.0,23.0,1,1,0,23.0,62.5,5559.5,26.0,23.0,1.65,220.0,64.5,16.5,0.0,2.0,4.0,8.0,7.0,5.0,,,,,,,,,,,,,,,,,,,,,,,,,,,0,0,1
2026-01-31T07:30:00Z,2026-01-31T08:30:00Z,60,2025-12-17T14:07:59Z,1,1073.3669444444445,2026-01-23T16:19:11Z,1,183.18027777777777,,0,,23.0,0.0,0.0,23.0,1,1,0,23.0,62.5,5559.5,26.0,23.0,1.65,220.0,64.5,16.5,0.0,2.0,4.0,8.0,7.0,5.0,,,,,,,,,,,,,,,,,,,,,,,,,,,0,0,1
2026-01-31T08:00:00Z,2026-01-31T08:30:00Z,30,2025-12-17T14:07:59Z,1,1073.8669444444445,2026-01-23T16:19:11Z,1,183.68027777777777,,0,,23.0,0.0,0.0,23.0,1,1,0,23.0,62.0,5559.0,26.0,23.0,1.65,220.0,64.0,16.0,0.0,2.0,4.0,8.0,7.0,5.0,,,,,,,,,,,,,,,,,,,,,,,,,,,0,0,1
2026-01-31T08:00:00Z,2026-01-31T09:00:00Z,60,2025-12-17T14:07:59Z,1,1073.8669444444445,2026-01-23T16:19:11Z,1,183.68027777777777,,0,,23.0,0.0,0.0,23.0,1,1,0,23.0,62.0,5559.0,26.0,23.0,1.65,220.0,64.0,16.0,0.0,2.0,4.0,8.0,7.0,5.0,,,,,,,,,,,,,,,,,,,,,,,,,,,0,0,1
2026-01-31T08:30:00Z,2026-01-31T09:00:00Z,30,2025-12-17T14:07:59Z,1,1074.3669444444445,2026-01-23T16:19:11Z,1,184.18027777777777,,0,,23.0,0.0,0.0,23.0,1,1,0,23.0,61.5,5558.5,26.0,23.0,1.65,220.0,63.5,15.5,0.0,2.0,4.0,8.0,7.0,5.0,,,,,,,,,,,,,,,,,,,,,,,,,,,0,0,1
2026-01-31T08:30:00Z,2026-01-31T09:30:00Z,60,2025-12-17T14:07:59Z,1,1074.3669444444445,2026-01-23T16:19:11Z,1,184.18027777777777,,0,,23.0,0.0,0.0,23.0,1,1,0,23.0,61.5,5558.5,26.0,23.0,1.65,220.0,63.5,15.5,0.0,2.0,4.0,8.0,7.0,5.0,,,,,,,,,,,,,,,,,,,,,,,,,,,0,0,1
2026-01-31T09:00:00Z,2026-01-31T09:30:00Z,30,2025-12-17T14:07:59Z,1,1074.8669444444445,2026-01-23T16:19:11Z,1,184.68027777777777,,0,,23.0,0.0,0.0,23.0,1,1,0,23.0,61.0,5558.0,26.0,23.0,1.65,220.0,63.0,15.0,0.0,2.0,4.0,8.0,7.0,5.0,,,,,,,,,,,,,,,,,,,,,,,,,,,0,0,1
2026-01-31T09:00:00Z,2026-01-31T10:00:00Z,60,2025-12-17T14:07:59Z,1,1074.8669444444445,2026-01-23T16:19:11Z,1,184.68027777777777,,0,,23.0,0.0,0.0,23.0,1,1,0,23.0,61.0,5558.0,26.0,23.0,1.65,220.0,63.0,15.0,0.0,2.0,4.0,8.0,7.0,5.0,,,,,,,,,,,,,,,,,,,,,,,,,,,0,0,1
2026-01-31T09:30:00Z,2026-01-31T10:00:00Z,30,2025-12-17T14:07:59Z,1,1075.3669444444445,2026-01-23T16:19:11Z,1,185.18027777777777,,0,,23.0,0.0,0.0,23.0,1,1,0,23.0,60.5,5557.5,26.0,23.0,1.65,220.0,62.5,14.5,0.0,2.0,4.0,8.0,7.0,5.0,,,,,,,,,,,,,,,,,,,,,,,,,,,0,0,1
2026-01-31T09:30:00Z,2026-01-31T10:30:00Z,60,2025-12-17T14:07:59Z,1,1075.3669444444445,2026-01-23T16:19:11Z,1,185.18027777777777,,0,,23.0,0.0,0.0,23.0,1,1,0,23.0,60.5,5557.5,26.0,23.0,1.65,220.0,62.5,14.5,0.0,2.0,4.0,8.0,7.0,5.0,,,,,,,,,,,,,,,,,,,,,,,,,,,0,0,1
2026-01-31T10:00:00Z,2026-01-31T10:30:00Z,30,2025-12-17T14:07:59Z,1,1075.8669444444445,2026-01-23T16:19:11Z,1,185.68027777777777,,0,,23.0,0.0,0.0,23.0,1,1,0,23.0,60.0,5557.0,26.0,23.0,1.65,220.0,62.0,14.0,0.0,2.0,4.0,8.0,7.0,5.0,,,,,,,,,,,,,,,,,,,,,,,,,,,0,0,1
2026-01-31T10:00:00Z,2026-01-31T11:00:00Z,60,2025-12-17T14:07:59Z,1,1075.8669444444445,2026-01-23T16:19:11Z,1,185.68027777777777,,0,,23.0,0.0,0.0,23.0,1,1,0,23.0,60.0,5557.0,26.0,23.0,1.65,220.0,62.0,14.0,0.0,2.0,4.0,8.0,7.0,5.0,,,,,,,,,,,,,,,,,,,,,,,,,,,0,0,1
2026-01-31T10:30:00Z,2026-01-31T11:00:00Z,30,2025-12-17T14:07:59Z,1,1076.3669444444445,2026-01-23T16:19:11Z,1,186.18027777777777,,0,,23.0,0.0,0.0,23.0,1,1,0,23.0,59.5,5556.5,26.0,23.0,1.65,220.0,61.5,13.5,0.0,2.0,4.0,8.0,7.0,5.0,,,,,,,,,,,,,,,,,,,,,,,,,,,0,0,1
2026-01-31T10:30:00Z,2026-01-31T11:30:00Z,60,2025-12-17T14:07:59Z,1,1076.3669444444445,2026-01-23T16:19:11Z,1,186.18027777777777,,0,,23.0,0.0,0.0,23.0,1,1,0,23.0,59.5,5556.5,26.0,23.0,1.65,220.0,61.5,13.5,0.0,2.0,4.0,8.0,7.0,5.0,,,,,,,,,,,,,,,,,,,,,,,,,,,0,0,1
2026-01-31T11:00:00Z,2026-01-31T11:30:00Z,30,2025-12-17T14:07:59Z,1,1076.8669444444445,2026-01-23T16:19:11Z,1,186.68027777777777,,0,,23.0,0.0,0.0,23.0,1,1,0,23.0,59.0,5556.0,26.0,23.0,1.65,220.0,61.0,13.0,0.0,2.0,4.0,8.0,7.0,5.0,,,,,,,,,,,,,,,,,,,,,,,,,,,0,0,1
2026-01-31T11:00:00Z,2026-01-31T12:00:00Z,60,2025-12-17T14:07:59Z,1,1076.8669444444445,2026-01-23T16:19:11Z,1,186.68027777777777,,0,,23.0,0.0,0.0,23.0,1,1,0,23.0,59.0,5556.0,26.0,23.0,1.65,220.0,61.0,13.0,0.0,2.0,4.0,8.0,7.0,5.0,,,,,,,,,,,,,,,,,,,,,,,,,,,0,0,1
2026-01-31T11:30:00Z,2026-01-31T12:00:00Z,30,2025-12-17T14:07:59Z,1,1077.3669444444445,2026-01-23T16:19:11Z,1,187.18027777777777,,0,,23.0,0.0,0.0,23.0,1,1,0,23.0,58.5,5555.5,26.0,23.0,1.65,220.0,60.5,12.5,0.0,2.0,4.0,8.0,7.0,5.0,,,,,,,,,,,,,,,,,,,,,,,,,,,0,0,1
2026-01-31T11:30:00Z,2026-01-31T12:30:00Z,60,2025-12-17T14:07:59Z,1,1077.3669444444445,2026-01-23T16:19:11Z,1,187.18027777777777,,0,,23.0,0.0,0.0,23.0,1,1,0,23.0,58.5,5555.5,26.0,23.0,1.65,220.0,60.5,12.5,0.0,2.0,4.0,8.0,7.0,5.0,,,,,,,,,,,,,,,,,,,,,,,,,,,0,0,1
2026-01-31T12:00:00Z,2026-01-31T12:30:00Z,30,2025-12-17T14:07:59Z,1,1077.8669444444445,2026-01-23T16:19:11Z,1,187.68027777777777,,0,,23.0,0.0,0.0,23.0,1,1,0,23.0,58.0,5555.0,26.0,23.0,1.65,220.0,60.0,12.0,0.0,2.0,4.0,8.0,7.0,5.0,,,,,,,,,,,,,,,,,,,,,,,,,,,0,0,1
2026-01-31T12:00:00Z,2026-01-31T13:00:00Z,60,2025-12-17T14:07:59Z,1,1077.8669444444445,2026-01-23T16:19:11Z,1,187.68027777777777,,0,,23.0,0.0,0.0,23.0,1,1,0,23.0,58.0,5555.0,26.0,23.0,1.65,220.0,60.0,12.0,0.0,2.0,4.0,8.0,7.0,5.0,,,,,,,,,,,,,,,,,,,,,,,,,,,0,0,1
2026-01-31T12:30:00Z,2026-01-31T13:00:00Z,30,2025-12-17T14:07:59Z,1,1078.3669444444445,2026-01-23T16:19:11Z,1,188.18027777777777,,0,,23.0,0.0,0.0,23.0,1,1,0,23.0,57.5,5554.5,26.0,23.0,1.65,220.0,59.5,11.5,0.0,2.0,4.0,8.0,7.0,5.0,,,,,,,,,,,,,,,,,,,,,,,,,,,0,0,1
2026-01-31T12:30:00Z,2026-01-31T13:30:00Z,60,2025-12-17T14:07:59Z,1,1078.3669444444445,2026-01-23T16:19:11Z,1,188.18027777777777,,0,,23.0,0.0,0.0,23.0,1,1,0,23.0,57.5,5554.5,26.0,23.0,1.65,220.0,59.5,11.5,0.0,2.0,4.0,8.0,7.0,5.0,,,,,,,,,,,,,,,,,,,,,,,,,,,0,0,1
2026-01-31T13:00:00Z,2026-01-31T13:30:00Z,30,2025-12-17T14:07:59Z,1,1078.8669444444445,2026-01-23T16:19:11Z,1,188.68027777777777,,0,,23.0,0.0,0.0,23.0,1,1,0,23.0,57.0,5554.0,26.0,23.0,1.65,220.0,59.0,11.0,0.0,2.0,4.0,8.0,7.0,5.0,,,,,,,,,,,,,,,,,,,,,,,,,,,0,0,1
2026-01-31T13:00:00Z,2026-01-31T14:00:00Z,60,2025-12-17T14:07:59Z,1,1078.8669444444445,2026-01-23T16:19:11Z,1,188.68027777777777,,0,,23.0,0.0,0.0,23.0,1,1,0,23.0,57.0,5554.0,26.0,23.0,1.65,220.0,59.0,11.0,0.0,2.0,4.0,8.0,7.0,5.0,,,,,,,,,,,,,,,,,,,,,,,,,,,0,0,1
2026-01-31T13:30:00Z,2026-01-31T14:00:00Z,30,2025-12-17T14:07:59Z,1,1079.3669444444445,2026-01-23T16:19:11Z,1,189.18027777777777,,0,,23.0,0.0,0.0,23.0,1,1,0,23.0,56.5,5553.5,26.0,23.0,1.65,220.0,58.5,10.5,0.0,2.0,4.0,8.0,7.0,5.0,,,,,,,,,,,,,,,,,,,,,,,,,,,0,0,1
2026-01-31T13:30:00Z,2026-01-31T14:30:00Z,60,2025-12-17T14:07:59Z,1,1079.3669444444445,2026-01-23T16:19:11Z,1,189.18027777777777,,0,,23.0,0.0,0.0,23.0,1,1,0,23.0,56.5,5553.5,26.0,23.0,1.65,220.0,58.5,10.5,0.0,2.0,4.0,8.0,7.0,5.0,,,,,,,,,,,,,,,,,,,,,,,,,,,0,0,1
2026-01-31T14:00:00Z,2026-01-31T14:30:00Z,30,2025-12-17T14:07:59Z,1,1079.8669444444445,2026-01-23T16:19:11Z,1,189.68027777777777,,0,,23.0,0.0,0.0,23.0,1,1,0,23.0,56.0,5553.0,26.0,23.0,1.65,220.0,58.0,10.0,0.0,2.0,4.0,8.0,7.0,5.0,,,,,,,,,,,,,,,,,,,,,,,,,,,0,0,1
2026-01-31T14:00:00Z,2026-01-31T15:00:00Z,60,2025-12-17T14:07:59Z,1,1079.8669444444445,2026-01-23T16:19:11Z,1,189.68027777777777,,0,,23.0,0.0,0.0,23.0,1,1,0,23.0,56.0,5553.0,26.0,23.0,1.65,220.0,58.0,10.0,0.0,2.0,4.0,8.0,7.0,5.0,,,,,,,,,,,,,,,,,,,,,,,,,,,0,0,1
2026-01-31T14:30:00Z,2026-01-31T15:00:00Z,30,2025-12-17T14:07:59Z,1,1080.3669444444445,2026-01-23T16:19:11Z,1,190.18027777777777,,0,,23.0,0.0,0.0,23.0,1,1,0,23.0,55.5,5552.5,26.0,23.0,1.65,220.0,57.5,9.5,0.0,2.0,4.0,8.0,7.0,5.0,,,,,,,,,,,,,,,,,,,,,,,,,,,0,0,1
2026-01-31T14:30:00Z,2026-01-31T15:30:00Z,60,2025-12-17T14:07:59Z,1,1080.3669444444445,2026-01-23T16:19:11Z,1,190.18027777777777,,0,,23.0,0.0,0.0,23.0,1,1,0,23.0,55.5,5552.5,26.0,23.0,1.65,220.0,57.5,9.5,0.0,2.0,4.0,8.0,7.0,5.0,,,,,,,,,,,,,,,,,,,,,,,,,,,0,0,1
2026-01-31T15:00:00Z,2026-01-31T15:30:00Z,30,2025-12-17T14:07:59Z,1,1080.8669444444445,2026-01-23T16:19:11Z,1,190.68027777777777,,0,,23.0,0.0,0.0,23.0,1,1,0,23.0,55.0,5552.0,26.0,23.0,1.65,220.0,57.0,9.0,0.0,2.0,4.0,8.0,7.0,5.0,,,,,,,,,,,,,,,,,,,,,,,,,,,0,0,1
2026-01-31T15:00:00Z,2026-01-31T16:00:00Z,60,2025-12-17T14:07:59Z,1,1080.8669444444445,2026-01-23T16:19:11Z,1,190.68027777777777,,0,,23.0,0.0,0.0,23.0,1,1,0,23.0,55.0,5552.0,26.0,23.0,1.65,220.0,57.0,9.0,0.0,2.0,4.0,8.0,7.0,5.0,,,,,,,,,,,,,,,,,,,,,,,,,,,0,0,1
2026-01-31T15:30:00Z,2026-01-31T16:00:00Z,30,2025-12-17T14:07:59Z,1,1081.3669444444445,2026-01-23T16:19:11Z,1,191.18027777777777,,0,,23.0,0.0,0.0,23.0,1,1,0,23.0,54.5,5551.5,26.0,23.0,1.65,220.0,56.5,8.5,0.0,2.0,4.0,8.0,7.0,5.0,,,,,,,,,,,,,,,,,,,,,,,,,,,0,0,1
2026-01-31T15:30:00Z,2026-01-31T16:30:00Z,60,2025-12-17T14:07:59Z,1,1081.3669444444445,2026-01-23T16:19:11Z,1,191.18027777777777,,0,,23.0,0.0,0.0,23.0,1,1,0,23.0,54.5,5551.5,26.0,23.0,1.65,220.0,56.5,8.5,0.0,2.0,4.0,8.0,7.0,5.0,,,,,,,,,,,,,,,,,,,,,,,,,,,0,0,1
2026-01-31T16:00:00Z,2026-01-31T16:30:00Z,30,2025-12-17T14:07:59Z,1,1081.8669444444445,2026-01-23T16:19:11Z,1,191.68027777777777,,0,,23.0,0.0,0.0,23.0,1,1,0,23.0,54.0,5551.0,26.0,23.0,1.65,220.0,56.0,8.0,0.0,2.0,4.0,8.0,7.0,5.0,,,,,,,,,,,,,,,,,,,,,,,,,,,0,0,1
2026-01-31T16:00:00Z,2026-01-31T17:00:00Z,60,2025-12-17T14:07:59Z,1,1081.8669444444445,2026-01-23T16:19:11Z,1,191.68027777777777,,0,,23.0,0.0,0.0,23.0,1,1,0,23.0,54.0,5551.0,26.0,23.0,1.65,220.0,56.0,8.0,0.0,2.0,4.0,8.0,7.0,5.0,,,,,,,,,,,,,,,,,,,,,,,,,,,0,0,1
2026-01-31T16:30:00Z,2026-01-31T17:00:00Z,30,2025-12-17T14:07:59Z,1,1082.3669444444445,2026-01-23T16:19:11Z,1,192.18027777777777,,0,,23.0,0.0,0.0,23.0,1,1,0,23.0,53.5,5550.5,26.0,23.0,1.65,220.0,55.5,7.5,0.0,2.0,4.0,8.0,7.0,5.0,,,,,,,,,,,,,,,,,,,,,,,,,,,0,0,1
2026-01-31T16:30:00Z,2026-01-31T17:30:00Z,60,2025-12-17T14:07:59Z,1,1082.3669444444445,2026-01-23T16:19:11Z,1,192.18027777777777,,0,,23.0,0.0,0.0,23.0,1,1,0,23.0,53.5,5550.5,26.0,23.0,1.65,220.0,55.5,7.5,0.0,2.0,4.0,8.0,7.0,5.0,,,,,,,,,,,,,,,,,,,,,,,,,,,0,0,1
2026-01-31T17:00:00Z,2026-01-31T17:30:00Z,30,2025-12-17T14:07:59Z,1,1082.8669444444445,2026-01-23T16:19:11Z,1,192.68027777777777,,0,,23.0,0.0,0.0,23.0,1,1,0,23.0,53.0,5550.0,26.0,23.0,1.65,220.0,55.0,7.0,0.0,2.0,4.0,8.0,7.0,5.0,,,,,,,,,,,,,,,,,,,,,,,,,,,0,0,1
2026-01-31T17:00:00Z,2026-01-31T18:00:00Z,60,2025-12-17T14:07:59Z,1,1082.8669444444445,2026-01-23T16:19:11Z,1,192.68027777777777,,0,,23.0,0.0,0.0,23.0,1,1,0,23.0,53.0,5550.0,26.0,23.0,1.65,220.0,55.0,7.0,0.0,2.0,4.0,8.0,7.0,5.0,,,,,,,,,,,,,,,,,,,,,,,,,,,0,0,1
2026-01-31T17:30:00Z,2026-01-31T18:00:00Z,30,2025-12-17T14:07:59Z,1,1083.3669444444445,2026-01-23T16:19:11Z,1,193.18027777777777,,0,,23.0,0.0,0.0,23.0,1,1,0,23.0,52.5,5549.5,26.0,23.0,1.65,220.0,54.5,6.5,0.0,2.0,4.0,8.0,7.0,5.0,,,,,,,,,,,,,,,,,,,,,,,,,,,0,0,1
2026-01-31T17:30:00Z,2026-01-31T18:30:00Z,60,2025-12-17T14:07:59Z,1,1083.3669444444445,2026-01-23T16:19:11Z,1,193.18027777777777,,0,,23.0,0.0,0.0,23.0,1,1,0,23.0,52.5,5549.5,26.0,23.0,1.65,220.0,54.5,6.5,0.0,2.0,4.0,8.0,7.0,5.0,,,,,,,,,,,,,,,,,,,,,,,,,,,0,0,1
2026-01-31T18:00:00Z,2026-01-31T18:30:00Z,30,2025-12-17T14:07:59Z,1,1083.8669444444445,2026-01-23T16:19:11Z,1,193.68027777777777,,0,,23.0,0.0,0.0,23.0,1,1,0,23.0,52.0,5549.0,26.0,23.0,1.65,220.0,54.0,6.0,0.0,2.0,4.0,8.0,7.0,5.0,,,,,,,,,,,,,,,,,,,,,,,,,,,0,0,1
2026-01-31T18:00:00Z,2026-01-31T19:00:00Z,60,2025-12-17T14:07:59Z,1,1083.8669444444445,2026-01-23T16:19:11Z,1,193.68027777777777,,0,,23.0,0.0,0.0,23.0,1,1,0,23.0,52.0,5549.0,26.0,23.0,1.65,220.0,54.0,6.0,0.0,2.0,4.0,8.0,7.0,5.0,,,,,,,,,,,,,,,,,,,,,,,,,,,0,0,1
2026-01-31T18:30:00Z,2026-01-31T19:00:00Z,30,2025-12-17T14:07:59Z,1,1084.3669444444445,2026-01-23T16:19:11Z,1,194.18027777777777,,0,,23.0,0.0,0.0,23.0,1,1,0,23.0,51.5,5548.5,26.0,23.0,1.65,220.0,53.5,5.5,0.0,2.0,4.0,8.0,7.0,5.0,,,,,,,,,,,,,,,,,,,,,,,,,,,0,0,1
2026-01-31T18:30:00Z,2026-01-31T19:30:00Z,60,2025-12-17T14:07:59Z,1,1084.3669444444445,2026-01-23T16:19:11Z,1,194.18027777777777,,0,,23.0,0.0,0.0,23.0,1,1,0,23.0,51.5,5548.5,26.0,23.0,1.65,220.0,53.5,5.5,0.0,2.0,4.0,8.0,7.0,5.0,,,,,,,,,,,,,,,,,,,,,,,,,,,0,0,1
2026-01-31T19:00:00Z,2026-01-31T19:30:00Z,30,2025-12-17T14:07:59Z,1,1084.8669444444445,2026-01-23T16:19:11Z,1,194.68027777777777,,0,,23.0,0.0,0.0,23.0,1,1,0,23.0,51.0,5548.0,26.0,23.0,1.65,220.0,53.0,5.0,0.0,2.0,4.0,8.0,7.0,5.0,,,,,,,,,,,,,,,,,,,,,,,,,,,0,0,1
2026-01-31T19:00:00Z,2026-01-31T20:00:00Z,60,2025-12-17T14:07:59Z,1,1084.8669444444445,2026-01-23T16:19:11Z,1,194.68027777777777,,0,,23.0,0.0,0.0,23.0,1,1,0,23.0,51.0,5548.0,26.0,23.0,1.65,220.0,53.0,5.0,0.0,2.0,4.0,8.0,7.0,5.0,,,,,,,,,,,,,,,,,,,,,,,,,,,0,0,1
2026-01-31T19:30:00Z,2026-01-31T20:00:00Z,30,2025-12-17T14:07:59Z,1,1085.3669444444445,2026-01-23T16:19:11Z,1,195.18027777777777,,0,,23.0,0.0,0.0,23.0,1,1,0,23.0,50.5,5547.5,26.0,23.0,1.65,220.0,52.5,4.5,0.0,2.0,4.0,8.0,7.0,5.0,,,,,,,,,,,,,,,,,,,,,,,,,,,0,0,1
2026-01-31T19:30:00Z,2026-01-31T20:30:00Z,60,2025-12-17T14:07:59Z,1,1085.3669444444445,2026-01-23T16:19:11Z,1,195.18027777777777,,0,,23.0,0.0,0.0,23.0,1,1,0,23.0,50.5,5547.5,26.0,23.0,1.65,220.0,52.5,4.5,0.0,2.0,4.0,8.0,7.0,5.0,,,,,,,,,,,,,,,,,,,,,,,,,,,0,0,1
2026-01-31T20:00:00Z,2026-01-31T20:30:00Z,30,2025-12-17T14:07:59Z,1,1085.8669444444445,2026-01-23T16:19:11Z,1,195.68027777777777,,0,,23.0,0.0,0.0,23.0,1,1,0,23.0,50.0,5547.0,26.0,23.0,1.65,220.0,52.0,4.0,0.0,2.0,4.0,8.0,7.0,5.0,,,,,,,,,,,,,,,,,,,,,,,,,,,0,0,1
2026-01-31T20:00:00Z,2026-01-31T21:00:00Z,60,2025-12-17T14:07:59Z,1,1085.8669444444445,2026-01-23T16:19:11Z,1,195.68027777777777,,0,,23.0,0.0,0.0,23.0,1,1,0,23.0,50.0,5547.0,26.0,23.0,1.65,220.0,52.0,4.0,0.0,2.0,4.0,8.0,7.0,5.0,,,,,,,,,,,,,,,,,,,,,,,,,,,0,0,1
2026-01-31T20:30:00Z,2026-01-31T21:00:00Z,30,2025-12-17T14:07:59Z,1,1086.3669444444445,2026-01-23T16:19:11Z,1,196.18027777777777,,0,,23.0,0.0,0.0,23.0,1,1,0,23.0,49.5,5546.5,26.0,23.0,1.65,220.0,51.5,3.5,0.0,2.0,4.0,8.0,7.0,5.0,,,,,,,,,,,,,,,,,,,,,,,,,,,0,0,1
2026-01-31T20:30:00Z,2026-01-31T21:30:00Z,60,2025-12-17T14:07:59Z,1,1086.3669444444445,2026-01-23T16:19:11Z,1,196.18027777777777,,0,,23.0,0.0,0.0,23.0,1,1,0,23.0,49.5,5546.5,26.0,23.0,1.65,220.0,51.5,3.5,0.0,2.0,4.0,8.0,7.0,5.0,,,,,,,,,,,,,,,,,,,,,,,,,,,0,0,1
2026-01-31T21:00:00Z,2026-01-31T21:30:00Z,30,2025-12-17T14:07:59Z,1,1086.8669444444445,2026-01-23T16:19:11Z,1,196.68027777777777,,0,,23.0,0.0,0.0,23.0,1,1,0,23.0,49.0,5546.0,26.0,23.0,1.65,220.0,51.0,3.0,0.0,2.0,4.0,8.0,7.0,5.0,,,,,,,,,,,,,,,,,,,,,,,,,,,0,0,1
2026-01-31T21:00:00Z,2026-01-31T22:00:00Z,60,2025-12-17T14:07:59Z,1,1086.8669444444445,2026-01-23T16:19:11Z,1,196.68027777777777,,0,,23.0,0.0,0.0,23.0,1,1,0,23.0,49.0,5546.0,26.0,23.0,1.65,220.0,51.0,3.0,0.0,2.0,4.0,8.0,7.0,5.0,,,,,,,,,,,,,,,,,,,,,,,,,,,0,0,1
2026-01-31T21:30:00Z,2026-01-31T22:00:00Z,30,2025-12-17T14:07:59Z,1,1087.3669444444445,2026-01-23T16:19:11Z,1,197.18027777777777,,0,,23.0,0.0,0.0,23.0,1,1,0,23.0,48.5,5545.5,26.0,23.0,1.65,220.0,50.5,2.5,0.0,2.0,4.0,8.0,7.0,5.0,,,,,,,,,,,,,,,,,,,,,,,,,,,0,0,1
2026-01-31T21:30:00Z,2026-01-31T22:30:00Z,60,2025-12-17T14:07:59Z,1,1087.3669444444445,2026-01-23T16:19:11Z,1,197.18027777777777,,0,,23.0,0.0,0.0,23.0,1,1,0,23.0,48.5,5545.5,26.0,23.0,1.65,220.0,50.5,2.5,0.0,2.0,4.0,8.0,7.0,5.0,,,,,,,,,,,,,,,,,,,,,,,,,,,0,0,1
2026-01-31T22:00:00Z,2026-01-31T22:30:00Z,30,2025-12-17T14:07:59Z,1,1087.8669444444445,2026-01-23T16:19:11Z,1,197.68027777777777,,0,,23.0,0.0,0.0,23.0,1,1,0,23.0,48.0,5545.0,26.0,23.0,1.65,220.0,50.0,2.0,0.0,2.0,4.0,8.0,7.0,5.0,,,,,,,,,,,,,,,,,,,,,,,,,,,0,0,1
2026-01-31T22:00:00Z,2026-01-31T23:00:00Z,60,2025-12-17T14:07:59Z,1,1087.8669444444445,2026-01-23T16:19:11Z,1,197.68027777777777,,0,,23.0,0.0,0.0,23.0,1,1,0,23.0,48.0,5545.0,26.0,23.0,1.65,220.0,50.0,2.0,0.0,2.0,4.0,8.0,7.0,5.0,,,,,,,,,,,,,,,,,,,,,,,,,,,0,0,1
2026-01-31T22:30:00Z,2026-01-31T23:00:00Z,30,2025-12-17T14:07:59Z,1,1088.3669444444445,2026-01-23T16:19:11Z,1,198.18027777777777,,0,,23.0,0.0,0.0,23.0,1,1,0,23.0,47.5,5544.5,26.0,23.0,1.65,220.0,49.5,1.5,0.0,2.0,4.0,8.0,7.0,5.0,,,,,,,,,,,,,,,,,,,,,,,,,,,0,0,1
